Channel number	Impulses
Channel/#	Impulses/#

0	0
1	0
2	0
3	0
4	0
5	0
6	0
7	0
8	0
9	0
10	0
11	0
12	0
13	0
14	0
15	0
16	0
17	0
18	0
19	0
20	0
21	0
22	0
23	0
24	0
25	0
26	0
27	0
28	0
29	0
30	0
31	0
32	0
33	0
34	0
35	0
36	0
37	0
38	0
39	0
40	0
41	0
42	0
43	1
44	0
45	0
46	0
47	1
48	4
49	3
50	6
51	7
52	19
53	7
54	16
55	19
56	2
57	16
58	12
59	13
60	12
61	13
62	16
63	13
64	2
65	15
66	21
67	22
68	19
69	12
70	12
71	27
72	13
73	11
74	15
75	24
76	10
77	14
78	11
79	16
80	8
81	13
82	10
83	15
84	11
85	10
86	9
87	21
88	14
89	17
90	8
91	12
92	12
93	15
94	13
95	17
96	9
97	9
98	12
99	15
100	10
101	13
102	16
103	25
104	11
105	15
106	11
107	11
108	10
109	17
110	10
111	15
112	8
113	22
114	9
115	14
116	13
117	14
118	16
119	16
120	8
121	14
122	6
123	16
124	10
125	17
126	19
127	15
128	2
129	8
130	11
131	17
132	19
133	12
134	7
135	14
136	7
137	16
138	6
139	11
140	10
141	14
142	10
143	14
144	7
145	17
146	8
147	11
148	10
149	3
150	8
151	13
152	10
153	8
154	5
155	18
156	9
157	8
158	8
159	14
160	3
161	13
162	11
163	12
164	10
165	5
166	15
167	13
168	7
169	13
170	9
171	17
172	7
173	9
174	9
175	16
176	7
177	20
178	9
179	10
180	12
181	9
182	10
183	8
184	7
185	13
186	7
187	8
188	7
189	8
190	12
191	14
192	2
193	10
194	11
195	9
196	8
197	15
198	12
199	6
200	5
201	11
202	9
203	8
204	7
205	12
206	10
207	10
208	5
209	8
210	5
211	6
212	8
213	9
214	3
215	5
216	8
217	13
218	6
219	11
220	7
221	12
222	5
223	14
224	5
225	6
226	20
227	9
228	9
229	8
230	9
231	8
232	6
233	6
234	3
235	4
236	4
237	8
238	3
239	10
240	6
241	6
242	7
243	9
244	2
245	6
246	11
247	9
248	6
249	11
250	8
251	4
252	11
253	11
254	7
255	15
256	1
257	3
258	6
259	2
260	5
261	8
262	6
263	18
264	5
265	5
266	6
267	5
268	3
269	8
270	9
271	6
272	2
273	7
274	5
275	9
276	10
277	2
278	12
279	10
280	8
281	9
282	3
283	8
284	7
285	4
286	2
287	10
288	3
289	3
290	6
291	10
292	9
293	4
294	12
295	12
296	9
297	12
298	7
299	4
300	10
301	3
302	8
303	8
304	2
305	9
306	4
307	11
308	10
309	5
310	8
311	14
312	5
313	5
314	10
315	7
316	5
317	7
318	7
319	7
320	1
321	10
322	5
323	7
324	8
325	2
326	5
327	7
328	9
329	6
330	4
331	5
332	5
333	3
334	4
335	9
336	2
337	4
338	5
339	6
340	2
341	8
342	5
343	10
344	5
345	6
346	7
347	10
348	2
349	5
350	6
351	6
352	2
353	7
354	10
355	12
356	11
357	6
358	4
359	6
360	9
361	4
362	6
363	6
364	5
365	10
366	4
367	5
368	4
369	8
370	6
371	5
372	10
373	5
374	5
375	8
376	4
377	5
378	5
379	10
380	2
381	13
382	3
383	11
384	2
385	6
386	1
387	5
388	7
389	4
390	8
391	13
392	10
393	4
394	8
395	8
396	4
397	1
398	11
399	5
400	11
401	4
402	3
403	1
404	9
405	8
406	4
407	6
408	5
409	7
410	9
411	4
412	3
413	6
414	5
415	10
416	5
417	4
418	6
419	2
420	6
421	7
422	11
423	9
424	3
425	6
426	5
427	3
428	5
429	6
430	8
431	8
432	4
433	4
434	4
435	5
436	5
437	3
438	9
439	9
440	4
441	9
442	1
443	10
444	2
445	6
446	6
447	11
448	1
449	5
450	5
451	6
452	9
453	3
454	5
455	8
456	6
457	9
458	4
459	5
460	7
461	5
462	6
463	5
464	7
465	7
466	10
467	4
468	7
469	10
470	3
471	6
472	9
473	8
474	8
475	9
476	8
477	4
478	3
479	7
480	3
481	5
482	8
483	9
484	10
485	5
486	10
487	2
488	3
489	4
490	2
491	4
492	6
493	6
494	5
495	4
496	2
497	5
498	8
499	6
500	5
501	2
502	6
503	5
504	5
505	5
506	4
507	9
508	10
509	9
510	9
511	15
512	2
513	6
514	2
515	5
516	4
517	4
518	5
519	5
520	1
521	5
522	4
523	3
524	5
525	9
526	4
527	6
528	5
529	7
530	8
531	5
532	3
533	4
534	3
535	9
536	5
537	3
538	9
539	8
540	2
541	8
542	6
543	11
544	7
545	3
546	5
547	3
548	3
549	7
550	6
551	1
552	4
553	4
554	5
555	4
556	3
557	3
558	8
559	7
560	5
561	2
562	4
563	5
564	4
565	5
566	5
567	5
568	1
569	4
570	2
571	5
572	7
573	5
574	4
575	5
576	2
577	4
578	6
579	6
580	5
581	2
582	12
583	6
584	3
585	5
586	4
587	1
588	5
589	5
590	2
591	10
592	5
593	3
594	4
595	6
596	4
597	3
598	5
599	5
600	7
601	7
602	9
603	5
604	5
605	3
606	6
607	7
608	1
609	8
610	7
611	5
612	3
613	8
614	5
615	6
616	5
617	6
618	3
619	3
620	7
621	7
622	4
623	3
624	5
625	6
626	5
627	7
628	3
629	6
630	8
631	6
632	4
633	5
634	7
635	7
636	5
637	2
638	6
639	10
640	6
641	4
642	4
643	14
644	10
645	3
646	9
647	4
648	3
649	9
650	3
651	8
652	2
653	6
654	5
655	3
656	3
657	5
658	5
659	5
660	6
661	11
662	5
663	7
664	3
665	11
666	8
667	3
668	6
669	8
670	9
671	10
672	5
673	8
674	5
675	7
676	4
677	11
678	11
679	5
680	4
681	5
682	4
683	4
684	9
685	8
686	3
687	8
688	2
689	3
690	7
691	7
692	5
693	4
694	5
695	9
696	7
697	12
698	7
699	11
700	4
701	7
702	6
703	5
704	3
705	6
706	6
707	9
708	12
709	9
710	10
711	6
712	0
713	11
714	10
715	9
716	10
717	3
718	6
719	9
720	3
721	3
722	7
723	8
724	7
725	7
726	11
727	7
728	7
729	8
730	9
731	12
732	9
733	6
734	14
735	13
736	8
737	5
738	12
739	9
740	4
741	5
742	8
743	10
744	3
745	8
746	3
747	7
748	2
749	6
750	11
751	9
752	5
753	9
754	9
755	11
756	7
757	5
758	16
759	11
760	9
761	11
762	2
763	6
764	14
765	8
766	10
767	16
768	7
769	8
770	10
771	16
772	12
773	12
774	9
775	9
776	5
777	11
778	11
779	10
780	8
781	19
782	6
783	8
784	8
785	11
786	12
787	15
788	11
789	15
790	16
791	9
792	10
793	12
794	10
795	10
796	9
797	9
798	13
799	12
800	10
801	8
802	22
803	13
804	13
805	11
806	13
807	21
808	12
809	9
810	10
811	11
812	13
813	12
814	12
815	22
816	7
817	17
818	19
819	10
820	19
821	16
822	19
823	22
824	19
825	20
826	18
827	19
828	24
829	17
830	20
831	23
832	10
833	28
834	21
835	23
836	32
837	20
838	21
839	18
840	19
841	29
842	26
843	21
844	27
845	16
846	34
847	29
848	19
849	22
850	33
851	33
852	34
853	28
854	31
855	29
856	38
857	30
858	23
859	33
860	35
861	47
862	28
863	36
864	31
865	27
866	35
867	28
868	38
869	31
870	31
871	41
872	19
873	37
874	25
875	28
876	31
877	42
878	39
879	33
880	11
881	22
882	20
883	37
884	28
885	23
886	29
887	26
888	22
889	32
890	21
891	20
892	19
893	22
894	23
895	35
896	10
897	24
898	26
899	21
900	28
901	24
902	25
903	23
904	17
905	27
906	16
907	20
908	25
909	19
910	27
911	32
912	15
913	18
914	28
915	28
916	25
917	19
918	26
919	18
920	20
921	32
922	13
923	36
924	28
925	23
926	19
927	24
928	22
929	21
930	18
931	28
932	25
933	16
934	36
935	23
936	16
937	24
938	29
939	29
940	26
941	17
942	27
943	12
944	29
945	26
946	24
947	22
948	24
949	19
950	26
951	25
952	24
953	32
954	14
955	26
956	20
957	32
958	23
959	33
960	14
961	35
962	25
963	22
964	30
965	31
966	26
967	19
968	23
969	22
970	17
971	23
972	38
973	27
974	19
975	22
976	12
977	25
978	22
979	24
980	26
981	21
982	28
983	17
984	28
985	27
986	26
987	24
988	18
989	20
990	25
991	34
992	23
993	20
994	26
995	21
996	24
997	14
998	27
999	29
1000	17
1001	20
1002	29
1003	21
1004	25
1005	32
1006	21
1007	32
1008	15
1009	26
1010	26
1011	27
1012	29
1013	19
1014	32
1015	26
1016	24
1017	24
1018	14
1019	27
1020	28
1021	21
1022	24
1023	35
1024	9
1025	22
1026	18
1027	28
1028	13
1029	21
1030	29
1031	20
1032	23
1033	23
1034	19
1035	16
1036	19
1037	27
1038	32
1039	32
1040	14
1041	21
1042	25
1043	39
1044	21
1045	24
1046	22
1047	34
1048	20
1049	37
1050	22
1051	32
1052	13
1053	26
1054	24
1055	33
1056	16
1057	29
1058	34
1059	29
1060	27
1061	24
1062	30
1063	30
1064	7
1065	36
1066	23
1067	25
1068	24
1069	29
1070	19
1071	32
1072	15
1073	24
1074	25
1075	31
1076	17
1077	22
1078	38
1079	22
1080	22
1081	31
1082	22
1083	21
1084	16
1085	36
1086	27
1087	34
1088	8
1089	23
1090	24
1091	31
1092	18
1093	19
1094	29
1095	32
1096	16
1097	46
1098	11
1099	37
1100	22
1101	19
1102	21
1103	31
1104	11
1105	23
1106	20
1107	27
1108	30
1109	21
1110	25
1111	28
1112	17
1113	30
1114	22
1115	26
1116	15
1117	25
1118	31
1119	19
1120	15
1121	18
1122	27
1123	27
1124	26
1125	21
1126	35
1127	27
1128	15
1129	28
1130	17
1131	22
1132	24
1133	25
1134	28
1135	37
1136	11
1137	27
1138	29
1139	31
1140	29
1141	15
1142	34
1143	20
1144	18
1145	34
1146	25
1147	30
1148	32
1149	24
1150	27
1151	40
1152	14
1153	19
1154	19
1155	23
1156	31
1157	29
1158	25
1159	27
1160	19
1161	33
1162	18
1163	36
1164	26
1165	34
1166	17
1167	38
1168	22
1169	28
1170	30
1171	21
1172	26
1173	22
1174	25
1175	21
1176	20
1177	28
1178	26
1179	22
1180	21
1181	31
1182	19
1183	42
1184	14
1185	28
1186	28
1187	27
1188	34
1189	20
1190	38
1191	37
1192	22
1193	23
1194	31
1195	28
1196	30
1197	24
1198	30
1199	35
1200	17
1201	17
1202	27
1203	22
1204	42
1205	25
1206	30
1207	31
1208	23
1209	39
1210	28
1211	36
1212	24
1213	29
1214	16
1215	33
1216	19
1217	25
1218	38
1219	25
1220	31
1221	26
1222	31
1223	22
1224	35
1225	31
1226	25
1227	28
1228	31
1229	40
1230	28
1231	29
1232	16
1233	29
1234	36
1235	17
1236	23
1237	16
1238	29
1239	38
1240	25
1241	34
1242	25
1243	30
1244	27
1245	31
1246	24
1247	42
1248	23
1249	27
1250	31
1251	24
1252	17
1253	29
1254	33
1255	26
1256	19
1257	27
1258	20
1259	39
1260	26
1261	31
1262	24
1263	31
1264	20
1265	27
1266	33
1267	25
1268	31
1269	23
1270	38
1271	31
1272	35
1273	31
1274	23
1275	45
1276	21
1277	27
1278	36
1279	57
1280	14
1281	25
1282	22
1283	43
1284	33
1285	27
1286	40
1287	34
1288	27
1289	35
1290	30
1291	32
1292	26
1293	37
1294	25
1295	34
1296	23
1297	35
1298	27
1299	29
1300	21
1301	28
1302	28
1303	40
1304	24
1305	44
1306	27
1307	38
1308	30
1309	31
1310	31
1311	44
1312	16
1313	25
1314	24
1315	21
1316	24
1317	27
1318	52
1319	39
1320	23
1321	35
1322	26
1323	41
1324	35
1325	36
1326	26
1327	28
1328	33
1329	31
1330	29
1331	38
1332	25
1333	23
1334	38
1335	32
1336	32
1337	29
1338	28
1339	25
1340	26
1341	27
1342	33
1343	37
1344	20
1345	29
1346	33
1347	28
1348	28
1349	28
1350	32
1351	25
1352	27
1353	28
1354	20
1355	26
1356	27
1357	30
1358	24
1359	35
1360	27
1361	26
1362	22
1363	38
1364	23
1365	27
1366	40
1367	26
1368	17
1369	22
1370	23
1371	29
1372	38
1373	26
1374	35
1375	33
1376	15
1377	25
1378	23
1379	25
1380	24
1381	38
1382	36
1383	40
1384	22
1385	34
1386	17
1387	23
1388	32
1389	19
1390	24
1391	40
1392	27
1393	30
1394	34
1395	35
1396	29
1397	29
1398	36
1399	40
1400	19
1401	28
1402	21
1403	33
1404	24
1405	31
1406	28
1407	36
1408	24
1409	25
1410	30
1411	24
1412	24
1413	18
1414	22
1415	23
1416	30
1417	29
1418	21
1419	45
1420	38
1421	36
1422	29
1423	19
1424	30
1425	25
1426	34
1427	26
1428	32
1429	20
1430	29
1431	31
1432	28
1433	27
1434	19
1435	41
1436	32
1437	31
1438	35
1439	35
1440	18
1441	32
1442	32
1443	25
1444	26
1445	21
1446	28
1447	38
1448	22
1449	33
1450	19
1451	34
1452	24
1453	24
1454	26
1455	19
1456	21
1457	26
1458	30
1459	36
1460	21
1461	26
1462	36
1463	32
1464	22
1465	26
1466	21
1467	33
1468	35
1469	26
1470	26
1471	30
1472	15
1473	35
1474	34
1475	22
1476	48
1477	18
1478	41
1479	24
1480	25
1481	32
1482	19
1483	33
1484	42
1485	26
1486	30
1487	27
1488	28
1489	30
1490	28
1491	30
1492	32
1493	20
1494	35
1495	18
1496	29
1497	33
1498	23
1499	22
1500	28
1501	21
1502	29
1503	38
1504	24
1505	17
1506	23
1507	31
1508	37
1509	24
1510	33
1511	30
1512	13
1513	31
1514	25
1515	24
1516	34
1517	23
1518	24
1519	25
1520	14
1521	24
1522	24
1523	29
1524	24
1525	29
1526	34
1527	24
1528	26
1529	29
1530	28
1531	27
1532	29
1533	24
1534	21
1535	53
1536	14
1537	19
1538	31
1539	29
1540	30
1541	23
1542	26
1543	26
1544	27
1545	23
1546	17
1547	17
1548	28
1549	16
1550	31
1551	27
1552	27
1553	26
1554	20
1555	36
1556	19
1557	28
1558	37
1559	33
1560	19
1561	34
1562	21
1563	25
1564	28
1565	36
1566	35
1567	28
1568	21
1569	32
1570	24
1571	34
1572	35
1573	19
1574	39
1575	35
1576	20
1577	31
1578	22
1579	29
1580	29
1581	33
1582	33
1583	29
1584	23
1585	32
1586	31
1587	40
1588	15
1589	25
1590	35
1591	33
1592	18
1593	42
1594	18
1595	29
1596	32
1597	22
1598	21
1599	28
1600	13
1601	29
1602	21
1603	22
1604	37
1605	21
1606	22
1607	28
1608	25
1609	20
1610	23
1611	22
1612	29
1613	35
1614	30
1615	31
1616	12
1617	31
1618	29
1619	38
1620	32
1621	21
1622	33
1623	16
1624	15
1625	29
1626	16
1627	25
1628	14
1629	24
1630	27
1631	29
1632	20
1633	25
1634	12
1635	32
1636	33
1637	21
1638	34
1639	21
1640	25
1641	30
1642	22
1643	27
1644	30
1645	31
1646	24
1647	29
1648	21
1649	33
1650	23
1651	34
1652	20
1653	23
1654	35
1655	21
1656	25
1657	34
1658	19
1659	33
1660	23
1661	30
1662	25
1663	40
1664	13
1665	26
1666	21
1667	23
1668	34
1669	24
1670	29
1671	16
1672	28
1673	32
1674	17
1675	27
1676	24
1677	22
1678	20
1679	32
1680	23
1681	18
1682	29
1683	34
1684	28
1685	17
1686	26
1687	22
1688	27
1689	22
1690	21
1691	35
1692	23
1693	23
1694	15
1695	35
1696	11
1697	18
1698	22
1699	20
1700	28
1701	18
1702	31
1703	29
1704	15
1705	26
1706	19
1707	19
1708	36
1709	29
1710	18
1711	18
1712	17
1713	23
1714	24
1715	25
1716	17
1717	19
1718	14
1719	21
1720	17
1721	20
1722	14
1723	19
1724	24
1725	25
1726	21
1727	17
1728	14
1729	18
1730	27
1731	18
1732	23
1733	20
1734	26
1735	15
1736	24
1737	24
1738	16
1739	19
1740	22
1741	21
1742	22
1743	28
1744	11
1745	15
1746	22
1747	28
1748	24
1749	24
1750	24
1751	21
1752	21
1753	25
1754	19
1755	19
1756	23
1757	17
1758	24
1759	28
1760	14
1761	20
1762	25
1763	23
1764	29
1765	20
1766	23
1767	21
1768	24
1769	27
1770	21
1771	24
1772	28
1773	22
1774	15
1775	17
1776	12
1777	25
1778	25
1779	16
1780	16
1781	19
1782	27
1783	20
1784	16
1785	24
1786	17
1787	31
1788	22
1789	28
1790	18
1791	29
1792	16
1793	20
1794	22
1795	26
1796	36
1797	20
1798	28
1799	18
1800	16
1801	23
1802	14
1803	38
1804	20
1805	22
1806	17
1807	22
1808	18
1809	22
1810	22
1811	22
1812	25
1813	17
1814	21
1815	13
1816	20
1817	23
1818	23
1819	28
1820	18
1821	20
1822	29
1823	14
1824	21
1825	17
1826	27
1827	20
1828	22
1829	20
1830	32
1831	16
1832	18
1833	21
1834	15
1835	29
1836	25
1837	15
1838	21
1839	19
1840	16
1841	16
1842	24
1843	23
1844	15
1845	20
1846	24
1847	22
1848	11
1849	24
1850	15
1851	28
1852	21
1853	26
1854	12
1855	25
1856	20
1857	28
1858	23
1859	14
1860	24
1861	16
1862	22
1863	12
1864	20
1865	21
1866	20
1867	20
1868	25
1869	29
1870	21
1871	21
1872	14
1873	26
1874	21
1875	30
1876	32
1877	13
1878	27
1879	21
1880	23
1881	25
1882	20
1883	28
1884	19
1885	23
1886	10
1887	26
1888	19
1889	25
1890	22
1891	22
1892	29
1893	17
1894	23
1895	15
1896	17
1897	26
1898	14
1899	21
1900	20
1901	22
1902	23
1903	19
1904	19
1905	22
1906	32
1907	28
1908	27
1909	20
1910	23
1911	15
1912	15
1913	23
1914	18
1915	25
1916	31
1917	20
1918	21
1919	33
1920	24
1921	24
1922	31
1923	26
1924	29
1925	21
1926	31
1927	24
1928	25
1929	34
1930	20
1931	28
1932	40
1933	37
1934	39
1935	18
1936	40
1937	32
1938	40
1939	38
1940	26
1941	31
1942	44
1943	37
1944	46
1945	55
1946	40
1947	50
1948	43
1949	60
1950	50
1951	69
1952	67
1953	59
1954	46
1955	54
1956	74
1957	52
1958	89
1959	58
1960	75
1961	76
1962	72
1963	81
1964	86
1965	85
1966	86
1967	67
1968	99
1969	71
1970	103
1971	99
1972	92
1973	94
1974	121
1975	109
1976	98
1977	121
1978	87
1979	123
1980	101
1981	104
1982	110
1983	103
1984	102
1985	119
1986	131
1987	108
1988	160
1989	100
1990	141
1991	86
1992	154
1993	139
1994	102
1995	137
1996	160
1997	115
1998	126
1999	105
2000	108
2001	107
2002	116
2003	145
2004	133
2005	88
2006	153
2007	75
2008	129
2009	123
2010	94
2011	120
2012	100
2013	78
2014	105
2015	84
2016	106
2017	71
2018	85
2019	71
2020	99
2021	64
2022	115
2023	68
2024	62
2025	78
2026	54
2027	60
2028	85
2029	59
2030	48
2031	50
2032	56
2033	39
2034	45
2035	51
2036	63
2037	37
2038	55
2039	43
2040	40
2041	42
2042	31
2043	36
2044	36
2045	22
2046	40
2047	29
2048	16
2049	22
2050	22
2051	30
2052	32
2053	12
2054	23
2055	17
2056	26
2057	22
2058	14
2059	28
2060	13
2061	14
2062	14
2063	20
2064	17
2065	12
2066	13
2067	18
2068	9
2069	15
2070	14
2071	13
2072	18
2073	23
2074	13
2075	19
2076	16
2077	8
2078	15
2079	15
2080	11
2081	14
2082	17
2083	14
2084	10
2085	14
2086	11
2087	10
2088	8
2089	19
2090	12
2091	17
2092	21
2093	19
2094	8
2095	15
2096	12
2097	12
2098	14
2099	11
2100	11
2101	11
2102	16
2103	11
2104	14
2105	14
2106	10
2107	12
2108	8
2109	14
2110	13
2111	9
2112	12
2113	11
2114	10
2115	12
2116	11
2117	6
2118	9
2119	10
2120	12
2121	12
2122	10
2123	18
2124	13
2125	14
2126	11
2127	11
2128	4
2129	14
2130	10
2131	21
2132	11
2133	10
2134	18
2135	19
2136	10
2137	15
2138	9
2139	14
2140	7
2141	11
2142	13
2143	12
2144	19
2145	13
2146	11
2147	12
2148	14
2149	5
2150	16
2151	12
2152	2
2153	15
2154	9
2155	11
2156	19
2157	12
2158	12
2159	14
2160	8
2161	14
2162	16
2163	10
2164	16
2165	9
2166	18
2167	14
2168	7
2169	15
2170	9
2171	14
2172	7
2173	11
2174	11
2175	10
2176	9
2177	13
2178	19
2179	11
2180	20
2181	9
2182	9
2183	12
2184	9
2185	15
2186	7
2187	13
2188	8
2189	12
2190	16
2191	10
2192	5
2193	20
2194	16
2195	15
2196	18
2197	13
2198	19
2199	12
2200	13
2201	20
2202	11
2203	16
2204	15
2205	20
2206	16
2207	8
2208	16
2209	20
2210	16
2211	18
2212	15
2213	12
2214	21
2215	19
2216	20
2217	14
2218	18
2219	17
2220	16
2221	14
2222	8
2223	23
2224	16
2225	21
2226	20
2227	15
2228	18
2229	16
2230	19
2231	25
2232	21
2233	31
2234	23
2235	27
2236	20
2237	18
2238	26
2239	22
2240	29
2241	28
2242	26
2243	24
2244	31
2245	21
2246	32
2247	20
2248	33
2249	36
2250	21
2251	20
2252	37
2253	23
2254	25
2255	25
2256	24
2257	21
2258	28
2259	23
2260	25
2261	24
2262	31
2263	23
2264	16
2265	27
2266	19
2267	27
2268	26
2269	39
2270	32
2271	27
2272	16
2273	25
2274	27
2275	22
2276	28
2277	16
2278	32
2279	29
2280	20
2281	22
2282	21
2283	19
2284	30
2285	26
2286	22
2287	19
2288	23
2289	15
2290	20
2291	18
2292	10
2293	12
2294	14
2295	22
2296	9
2297	12
2298	11
2299	18
2300	21
2301	7
2302	8
2303	6
2304	15
2305	14
2306	16
2307	15
2308	14
2309	11
2310	14
2311	9
2312	15
2313	13
2314	2
2315	13
2316	9
2317	8
2318	7
2319	7
2320	8
2321	7
2322	11
2323	9
2324	10
2325	6
2326	9
2327	6
2328	6
2329	11
2330	6
2331	7
2332	10
2333	6
2334	6
2335	10
2336	13
2337	11
2338	6
2339	6
2340	6
2341	6
2342	7
2343	6
2344	4
2345	6
2346	9
2347	7
2348	12
2349	6
2350	7
2351	4
2352	4
2353	10
2354	7
2355	6
2356	5
2357	5
2358	5
2359	6
2360	3
2361	6
2362	3
2363	5
2364	3
2365	8
2366	8
2367	5
2368	7
2369	7
2370	7
2371	7
2372	4
2373	6
2374	10
2375	7
2376	7
2377	4
2378	7
2379	9
2380	12
2381	11
2382	9
2383	8
2384	9
2385	4
2386	8
2387	10
2388	4
2389	8
2390	8
2391	4
2392	5
2393	10
2394	4
2395	4
2396	6
2397	6
2398	6
2399	6
2400	7
2401	4
2402	3
2403	9
2404	13
2405	13
2406	3
2407	8
2408	6
2409	3
2410	6
2411	8
2412	7
2413	2
2414	7
2415	6
2416	3
2417	3
2418	4
2419	3
2420	5
2421	2
2422	13
2423	6
2424	7
2425	5
2426	5
2427	6
2428	6
2429	7
2430	6
2431	5
2432	9
2433	8
2434	3
2435	6
2436	9
2437	5
2438	7
2439	3
2440	3
2441	9
2442	3
2443	7
2444	4
2445	8
2446	9
2447	3
2448	7
2449	4
2450	7
2451	6
2452	7
2453	5
2454	7
2455	4
2456	8
2457	2
2458	3
2459	7
2460	7
2461	5
2462	6
2463	7
2464	6
2465	5
2466	5
2467	1
2468	7
2469	2
2470	6
2471	7
2472	3
2473	3
2474	6
2475	5
2476	6
2477	12
2478	3
2479	5
2480	11
2481	11
2482	6
2483	7
2484	5
2485	9
2486	7
2487	5
2488	5
2489	6
2490	2
2491	9
2492	5
2493	5
2494	7
2495	9
2496	5
2497	6
2498	12
2499	2
2500	6
2501	3
2502	13
2503	3
2504	2
2505	7
2506	5
2507	5
2508	4
2509	5
2510	5
2511	3
2512	4
2513	7
2514	11
2515	7
2516	11
2517	6
2518	7
2519	4
2520	8
2521	5
2522	5
2523	8
2524	9
2525	3
2526	10
2527	7
2528	5
2529	8
2530	8
2531	2
2532	13
2533	9
2534	12
2535	5
2536	7
2537	10
2538	10
2539	5
2540	13
2541	7
2542	8
2543	8
2544	3
2545	6
2546	4
2547	7
2548	9
2549	3
2550	10
2551	7
2552	4
2553	5
2554	7
2555	9
2556	7
2557	12
2558	9
2559	4
2560	9
2561	7
2562	8
2563	9
2564	11
2565	5
2566	10
2567	6
2568	6
2569	7
2570	4
2571	6
2572	7
2573	10
2574	4
2575	3
2576	5
2577	6
2578	4
2579	7
2580	11
2581	3
2582	6
2583	3
2584	5
2585	15
2586	4
2587	5
2588	8
2589	7
2590	8
2591	13
2592	6
2593	5
2594	11
2595	7
2596	10
2597	5
2598	6
2599	6
2600	6
2601	4
2602	6
2603	6
2604	5
2605	5
2606	7
2607	5
2608	5
2609	2
2610	9
2611	8
2612	7
2613	6
2614	5
2615	8
2616	1
2617	6
2618	3
2619	6
2620	4
2621	7
2622	2
2623	5
2624	4
2625	6
2626	4
2627	7
2628	6
2629	8
2630	4
2631	3
2632	5
2633	3
2634	3
2635	5
2636	5
2637	6
2638	5
2639	6
2640	2
2641	8
2642	3
2643	4
2644	4
2645	2
2646	5
2647	3
2648	3
2649	2
2650	6
2651	3
2652	0
2653	1
2654	4
2655	5
2656	2
2657	1
2658	3
2659	4
2660	2
2661	4
2662	5
2663	4
2664	5
2665	6
2666	1
2667	3
2668	3
2669	4
2670	5
2671	2
2672	3
2673	1
2674	6
2675	1
2676	2
2677	8
2678	3
2679	2
2680	2
2681	4
2682	1
2683	3
2684	3
2685	4
2686	9
2687	4
2688	5
2689	3
2690	2
2691	3
2692	1
2693	3
2694	3
2695	3
2696	4
2697	7
2698	3
2699	3
2700	5
2701	2
2702	8
2703	6
2704	5
2705	2
2706	1
2707	8
2708	11
2709	0
2710	4
2711	1
2712	5
2713	7
2714	2
2715	8
2716	5
2717	4
2718	5
2719	3
2720	4
2721	0
2722	3
2723	6
2724	4
2725	1
2726	2
2727	0
2728	3
2729	6
2730	3
2731	0
2732	3
2733	1
2734	3
2735	3
2736	5
2737	2
2738	2
2739	4
2740	4
2741	3
2742	5
2743	2
2744	4
2745	6
2746	4
2747	3
2748	4
2749	4
2750	8
2751	1
2752	5
2753	5
2754	2
2755	4
2756	5
2757	3
2758	3
2759	3
2760	3
2761	2
2762	2
2763	2
2764	5
2765	4
2766	3
2767	3
2768	4
2769	5
2770	3
2771	9
2772	7
2773	1
2774	0
2775	2
2776	6
2777	2
2778	4
2779	5
2780	4
2781	3
2782	1
2783	4
2784	2
2785	2
2786	4
2787	3
2788	3
2789	4
2790	5
2791	3
2792	3
2793	4
2794	3
2795	2
2796	3
2797	2
2798	2
2799	3
2800	4
2801	4
2802	0
2803	3
2804	1
2805	1
2806	2
2807	5
2808	2
2809	4
2810	2
2811	4
2812	3
2813	2
2814	2
2815	1
2816	3
2817	1
2818	3
2819	2
2820	2
2821	3
2822	3
2823	2
2824	2
2825	5
2826	3
2827	2
2828	4
2829	2
2830	0
2831	0
2832	5
2833	2
2834	2
2835	2
2836	6
2837	3
2838	2
2839	2
2840	4
2841	4
2842	2
2843	3
2844	1
2845	2
2846	3
2847	1
2848	5
2849	2
2850	5
2851	2
2852	8
2853	1
2854	4
2855	1
2856	2
2857	3
2858	3
2859	3
2860	2
2861	1
2862	3
2863	2
2864	3
2865	2
2866	5
2867	6
2868	4
2869	2
2870	0
2871	3
2872	4
2873	2
2874	1
2875	1
2876	2
2877	3
2878	4
2879	3
2880	1
2881	4
2882	5
2883	5
2884	3
2885	1
2886	6
2887	1
2888	4
2889	4
2890	5
2891	2
2892	4
2893	0
2894	2
2895	2
2896	1
2897	3
2898	5
2899	5
2900	4
2901	2
2902	5
2903	1
2904	3
2905	6
2906	4
2907	2
2908	5
2909	5
2910	3
2911	4
2912	2
2913	2
2914	1
2915	3
2916	5
2917	5
2918	2
2919	0
2920	1
2921	4
2922	3
2923	1
2924	5
2925	4
2926	1
2927	4
2928	2
2929	2
2930	2
2931	2
2932	1
2933	2
2934	1
2935	2
2936	3
2937	5
2938	2
2939	0
2940	4
2941	4
2942	2
2943	4
2944	3
2945	5
2946	5
2947	5
2948	7
2949	1
2950	3
2951	4
2952	2
2953	1
2954	2
2955	1
2956	3
2957	5
2958	3
2959	2
2960	1
2961	6
2962	1
2963	0
2964	2
2965	4
2966	3
2967	1
2968	3
2969	5
2970	4
2971	2
2972	6
2973	2
2974	2
2975	0
2976	3
2977	1
2978	4
2979	1
2980	2
2981	3
2982	3
2983	2
2984	4
2985	5
2986	2
2987	4
2988	2
2989	0
2990	4
2991	0
2992	4
2993	4
2994	3
2995	3
2996	1
2997	2
2998	2
2999	1
3000	3
3001	1
3002	3
3003	1
3004	6
3005	3
3006	2
3007	3
3008	5
3009	3
3010	0
3011	1
3012	3
3013	0
3014	3
3015	0
3016	1
3017	3
3018	2
3019	2
3020	4
3021	2
3022	2
3023	1
3024	3
3025	1
3026	4
3027	4
3028	3
3029	1
3030	2
3031	0
3032	3
3033	4
3034	1
3035	5
3036	2
3037	1
3038	0
3039	2
3040	3
3041	2
3042	0
3043	2
3044	3
3045	2
3046	1
3047	1
3048	2
3049	1
3050	0
3051	0
3052	2
3053	2
3054	4
3055	2
3056	0
3057	1
3058	0
3059	2
3060	2
3061	0
3062	0
3063	0
3064	0
3065	1
3066	0
3067	0
3068	2
3069	2
3070	1
3071	0
3072	4
3073	2
3074	1
3075	3
3076	3
3077	1
3078	2
3079	1
3080	1
3081	2
3082	1
3083	2
3084	3
3085	0
3086	0
3087	0
3088	0
3089	1
3090	1
3091	4
3092	3
3093	2
3094	1
3095	0
3096	2
3097	1
3098	1
3099	3
3100	1
3101	2
3102	1
3103	0
3104	0
3105	1
3106	2
3107	1
3108	2
3109	3
3110	1
3111	1
3112	2
3113	3
3114	3
3115	0
3116	5
3117	0
3118	3
3119	0
3120	0
3121	1
3122	2
3123	0
3124	0
3125	1
3126	3
3127	1
3128	2
3129	0
3130	0
3131	0
3132	1
3133	1
3134	0
3135	1
3136	4
3137	1
3138	1
3139	1
3140	1
3141	2
3142	2
3143	2
3144	2
3145	2
3146	1
3147	0
3148	3
3149	4
3150	1
3151	4
3152	0
3153	1
3154	4
3155	1
3156	2
3157	0
3158	3
3159	2
3160	1
3161	0
3162	2
3163	3
3164	2
3165	2
3166	1
3167	1
3168	2
3169	3
3170	1
3171	1
3172	1
3173	1
3174	3
3175	3
3176	1
3177	7
3178	2
3179	1
3180	1
3181	1
3182	3
3183	0
3184	0
3185	0
3186	2
3187	1
3188	2
3189	0
3190	3
3191	1
3192	1
3193	2
3194	0
3195	0
3196	0
3197	2
3198	1
3199	2
3200	1
3201	1
3202	0
3203	2
3204	2
3205	0
3206	4
3207	1
3208	0
3209	3
3210	0
3211	0
3212	1
3213	2
3214	3
3215	0
3216	0
3217	2
3218	1
3219	1
3220	1
3221	0
3222	0
3223	1
3224	1
3225	0
3226	0
3227	3
3228	1
3229	0
3230	0
3231	2
3232	0
3233	1
3234	1
3235	2
3236	0
3237	2
3238	1
3239	1
3240	2
3241	0
3242	1
3243	0
3244	0
3245	2
3246	1
3247	0
3248	1
3249	0
3250	1
3251	0
3252	0
3253	0
3254	0
3255	1
3256	1
3257	3
3258	0
3259	0
3260	0
3261	3
3262	0
3263	0
3264	2
3265	2
3266	1
3267	0
3268	1
3269	3
3270	1
3271	1
3272	1
3273	0
3274	0
3275	1
3276	1
3277	1
3278	0
3279	0
3280	1
3281	0
3282	0
3283	0
3284	1
3285	1
3286	0
3287	2
3288	1
3289	1
3290	2
3291	1
3292	1
3293	2
3294	1
3295	0
3296	2
3297	3
3298	1
3299	0
3300	0
3301	1
3302	2
3303	0
3304	1
3305	0
3306	1
3307	1
3308	1
3309	1
3310	1
3311	1
3312	0
3313	1
3314	1
3315	1
3316	0
3317	0
3318	0
3319	1
3320	0
3321	1
3322	2
3323	3
3324	2
3325	1
3326	1
3327	0
3328	1
3329	1
3330	0
3331	1
3332	3
3333	0
3334	1
3335	1
3336	1
3337	2
3338	0
3339	0
3340	1
3341	0
3342	2
3343	1
3344	0
3345	1
3346	1
3347	0
3348	2
3349	1
3350	0
3351	1
3352	0
3353	0
3354	1
3355	0
3356	1
3357	0
3358	0
3359	0
3360	1
3361	2
3362	2
3363	1
3364	0
3365	1
3366	0
3367	0
3368	0
3369	4
3370	0
3371	1
3372	0
3373	1
3374	2
3375	1
3376	1
3377	0
3378	1
3379	1
3380	0
3381	0
3382	6
3383	0
3384	1
3385	1
3386	0
3387	0
3388	1
3389	1
3390	2
3391	1
3392	1
3393	1
3394	2
3395	3
3396	3
3397	0
3398	0
3399	0
3400	1
3401	3
3402	1
3403	0
3404	0
3405	3
3406	0
3407	3
3408	0
3409	0
3410	0
3411	1
3412	0
3413	1
3414	0
3415	0
3416	2
3417	1
3418	0
3419	0
3420	0
3421	3
3422	0
3423	3
3424	0
3425	2
3426	2
3427	1
3428	1
3429	0
3430	3
3431	0
3432	0
3433	0
3434	1
3435	1
3436	2
3437	0
3438	1
3439	1
3440	1
3441	0
3442	1
3443	0
3444	0
3445	0
3446	3
3447	0
3448	1
3449	0
3450	0
3451	1
3452	0
3453	0
3454	0
3455	0
3456	1
3457	0
3458	1
3459	1
3460	0
3461	1
3462	0
3463	1
3464	1
3465	0
3466	0
3467	0
3468	1
3469	0
3470	0
3471	0
3472	0
3473	3
3474	0
3475	0
3476	1
3477	0
3478	3
3479	0
3480	0
3481	0
3482	0
3483	0
3484	2
3485	0
3486	1
3487	1
3488	1
3489	0
3490	1
3491	1
3492	1
3493	0
3494	2
3495	0
3496	0
3497	1
3498	1
3499	0
3500	0
3501	0
3502	0
3503	1
3504	0
3505	1
3506	0
3507	1
3508	0
3509	2
3510	1
3511	0
3512	0
3513	2
3514	0
3515	1
3516	0
3517	1
3518	2
3519	0
3520	0
3521	0
3522	0
3523	0
3524	2
3525	1
3526	0
3527	1
3528	0
3529	1
3530	0
3531	2
3532	0
3533	0
3534	2
3535	0
3536	1
3537	3
3538	0
3539	0
3540	2
3541	1
3542	0
3543	2
3544	2
3545	1
3546	0
3547	0
3548	2
3549	0
3550	1
3551	2
3552	1
3553	1
3554	0
3555	1
3556	1
3557	0
3558	1
3559	0
3560	1
3561	1
3562	0
3563	1
3564	0
3565	0
3566	0
3567	0
3568	2
3569	1
3570	0
3571	1
3572	0
3573	0
3574	1
3575	0
3576	0
3577	1
3578	0
3579	0
3580	1
3581	0
3582	1
3583	4
3584	0
3585	1
3586	1
3587	0
3588	1
3589	0
3590	2
3591	1
3592	0
3593	1
3594	0
3595	1
3596	0
3597	0
3598	0
3599	0
3600	0
3601	0
3602	0
3603	1
3604	0
3605	1
3606	0
3607	0
3608	0
3609	0
3610	0
3611	0
3612	0
3613	0
3614	0
3615	1
3616	0
3617	0
3618	0
3619	0
3620	1
3621	0
3622	0
3623	0
3624	0
3625	1
3626	0
3627	1
3628	0
3629	0
3630	0
3631	0
3632	0
3633	1
3634	0
3635	0
3636	0
3637	0
3638	1
3639	0
3640	0
3641	0
3642	0
3643	0
3644	1
3645	0
3646	2
3647	0
3648	1
3649	0
3650	0
3651	0
3652	1
3653	0
3654	1
3655	0
3656	1
3657	0
3658	0
3659	1
3660	0
3661	0
3662	0
3663	0
3664	0
3665	2
3666	1
3667	0
3668	0
3669	0
3670	1
3671	0
3672	1
3673	0
3674	0
3675	1
3676	0
3677	0
3678	0
3679	0
3680	0
3681	3
3682	1
3683	0
3684	0
3685	0
3686	0
3687	0
3688	0
3689	0
3690	1
3691	1
3692	0
3693	0
3694	0
3695	1
3696	1
3697	0
3698	0
3699	0
3700	0
3701	1
3702	0
3703	0
3704	0
3705	0
3706	0
3707	0
3708	1
3709	0
3710	1
3711	0
3712	1
3713	0
3714	0
3715	0
3716	0
3717	0
3718	0
3719	0
3720	0
3721	0
3722	0
3723	0
3724	0
3725	0
3726	0
3727	0
3728	1
3729	0
3730	0
3731	0
3732	1
3733	0
3734	1
3735	0
3736	0
3737	1
3738	0
3739	0
3740	0
3741	0
3742	0
3743	1
3744	0
3745	1
3746	0
3747	0
3748	0
3749	0
3750	1
3751	0
3752	0
3753	0
3754	0
3755	0
3756	0
3757	0
3758	0
3759	0
3760	1
3761	1
3762	0
3763	0
3764	0
3765	0
3766	0
3767	0
3768	0
3769	1
3770	2
3771	0
3772	0
3773	0
3774	2
3775	0
3776	0
3777	0
3778	2
3779	0
3780	0
3781	2
3782	0
3783	0
3784	0
3785	0
3786	0
3787	0
3788	1
3789	0
3790	0
3791	0
3792	1
3793	1
3794	0
3795	0
3796	0
3797	0
3798	1
3799	0
3800	0
3801	0
3802	0
3803	2
3804	0
3805	0
3806	0
3807	0
3808	0
3809	0
3810	0
3811	1
3812	1
3813	1
3814	0
3815	0
3816	0
3817	0
3818	0
3819	0
3820	0
3821	0
3822	0
3823	0
3824	0
3825	0
3826	0
3827	0
3828	0
3829	0
3830	1
3831	1
3832	0
3833	0
3834	2
3835	0
3836	0
3837	0
3838	2
3839	0
3840	0
3841	0
3842	1
3843	0
3844	0
3845	0
3846	1
3847	0
3848	1
3849	0
3850	1
3851	0
3852	0
3853	0
3854	0
3855	0
3856	0
3857	0
3858	0
3859	0
3860	0
3861	0
3862	0
3863	0
3864	0
3865	0
3866	0
3867	0
3868	0
3869	0
3870	0
3871	0
3872	0
3873	0
3874	0
3875	0
3876	1
3877	0
3878	0
3879	0
3880	0
3881	0
3882	1
3883	1
3884	0
3885	1
3886	0
3887	0
3888	0
3889	0
3890	0
3891	0
3892	1
3893	1
3894	0
3895	0
3896	0
3897	0
3898	0
3899	0
3900	0
3901	0
3902	0
3903	0
3904	0
3905	1
3906	1
3907	0
3908	0
3909	0
3910	0
3911	0
3912	0
3913	0
3914	0
3915	0
3916	0
3917	0
3918	0
3919	1
3920	0
3921	0
3922	0
3923	0
3924	0
3925	0
3926	1
3927	0
3928	0
3929	1
3930	0
3931	0
3932	1
3933	0
3934	0
3935	0
3936	0
3937	1
3938	1
3939	0
3940	0
3941	0
3942	0
3943	0
3944	0
3945	0
3946	0
3947	0
3948	0
3949	0
3950	0
3951	1
3952	0
3953	0
3954	0
3955	0
3956	0
3957	0
3958	1
3959	0
3960	0
3961	0
3962	0
3963	0
3964	0
3965	0
3966	0
3967	0
3968	0
3969	1
3970	0
3971	0
3972	0
3973	0
3974	0
3975	0
3976	0
3977	0
3978	0
3979	0
3980	0
3981	0
3982	0
3983	1
3984	2
3985	0
3986	0
3987	0
3988	0
3989	0
3990	0
3991	0
3992	0
3993	0
3994	0
3995	0
3996	0
3997	1
3998	0
3999	0
4000	0
