Channel number	Impulses
Channel/#	Impulses/#

0	0
1	0
2	0
3	0
4	0
5	0
6	0
7	0
8	0
9	0
10	0
11	0
12	0
13	0
14	0
15	0
16	0
17	0
18	0
19	0
20	0
21	0
22	0
23	0
24	0
25	0
26	0
27	0
28	0
29	0
30	0
31	0
32	0
33	0
34	0
35	0
36	0
37	0
38	0
39	0
40	0
41	0
42	1
43	5
44	4
45	7
46	11
47	16
48	11
49	11
50	18
51	17
52	10
53	19
54	18
55	28
56	13
57	11
58	13
59	29
60	8
61	22
62	12
63	22
64	11
65	13
66	14
67	14
68	7
69	10
70	13
71	10
72	9
73	13
74	6
75	12
76	4
77	8
78	10
79	11
80	3
81	7
82	5
83	7
84	10
85	3
86	6
87	2
88	4
89	6
90	5
91	9
92	7
93	4
94	1
95	5
96	2
97	3
98	9
99	0
100	4
101	7
102	4
103	6
104	5
105	3
106	5
107	4
108	5
109	5
110	5
111	8
112	4
113	6
114	3
115	4
116	2
117	2
118	1
119	2
120	0
121	6
122	2
123	4
124	0
125	1
126	4
127	13
128	1
129	4
130	6
131	1
132	0
133	11
134	6
135	6
136	2
137	3
138	6
139	3
140	2
141	5
142	2
143	10
144	3
145	6
146	0
147	4
148	1
149	1
150	3
151	0
152	3
153	4
154	2
155	1
156	2
157	1
158	2
159	6
160	0
161	2
162	6
163	2
164	2
165	4
166	3
167	1
168	0
169	8
170	3
171	0
172	3
173	2
174	4
175	0
176	2
177	0
178	3
179	3
180	1
181	4
182	0
183	3
184	1
185	1
186	3
187	2
188	1
189	4
190	4
191	2
192	0
193	2
194	2
195	0
196	1
197	3
198	2
199	3
200	3
201	5
202	1
203	3
204	2
205	8
206	3
207	2
208	0
209	2
210	5
211	5
212	2
213	3
214	4
215	4
216	2
217	1
218	2
219	1
220	5
221	5
222	5
223	4
224	2
225	3
226	3
227	2
228	4
229	5
230	1
231	2
232	2
233	6
234	4
235	4
236	4
237	1
238	2
239	3
240	1
241	1
242	1
243	2
244	2
245	1
246	3
247	5
248	4
249	3
250	2
251	3
252	0
253	3
254	2
255	5
256	1
257	1
258	2
259	2
260	2
261	3
262	4
263	4
264	4
265	5
266	1
267	2
268	1
269	1
270	4
271	3
272	1
273	3
274	5
275	2
276	1
277	2
278	8
279	4
280	2
281	3
282	5
283	2
284	3
285	3
286	3
287	2
288	2
289	2
290	4
291	1
292	0
293	4
294	3
295	6
296	1
297	4
298	5
299	5
300	1
301	2
302	6
303	4
304	5
305	6
306	3
307	4
308	3
309	4
310	7
311	4
312	3
313	5
314	3
315	4
316	4
317	5
318	4
319	6
320	2
321	5
322	2
323	4
324	5
325	5
326	6
327	13
328	7
329	4
330	2
331	8
332	10
333	3
334	3
335	7
336	9
337	11
338	5
339	14
340	7
341	1
342	2
343	13
344	8
345	9
346	13
347	13
348	11
349	15
350	9
351	9
352	5
353	9
354	13
355	7
356	11
357	8
358	13
359	12
360	2
361	7
362	8
363	5
364	11
365	7
366	12
367	10
368	4
369	5
370	5
371	5
372	3
373	5
374	8
375	5
376	7
377	8
378	6
379	5
380	6
381	5
382	5
383	7
384	0
385	6
386	4
387	6
388	6
389	8
390	5
391	4
392	6
393	6
394	4
395	4
396	2
397	2
398	2
399	5
400	2
401	5
402	2
403	7
404	4
405	5
406	6
407	3
408	2
409	4
410	1
411	3
412	3
413	3
414	2
415	4
416	1
417	4
418	5
419	1
420	2
421	1
422	6
423	3
424	1
425	1
426	2
427	3
428	4
429	0
430	4
431	4
432	2
433	2
434	6
435	1
436	2
437	2
438	4
439	1
440	1
441	2
442	1
443	2
444	3
445	4
446	1
447	3
448	1
449	1
450	1
451	1
452	1
453	1
454	5
455	1
456	2
457	3
458	4
459	2
460	1
461	2
462	2
463	1
464	2
465	4
466	2
467	4
468	2
469	2
470	6
471	2
472	2
473	5
474	0
475	6
476	3
477	2
478	2
479	2
480	0
481	7
482	2
483	6
484	3
485	3
486	3
487	6
488	5
489	4
490	0
491	3
492	2
493	4
494	3
495	3
496	3
497	6
498	2
499	4
500	3
501	0
502	2
503	3
504	7
505	4
506	1
507	2
508	4
509	4
510	2
511	2
512	1
513	2
514	3
515	2
516	6
517	4
518	2
519	8
520	1
521	5
522	4
523	5
524	1
525	2
526	7
527	3
528	1
529	3
530	3
531	3
532	2
533	2
534	2
535	7
536	2
537	4
538	1
539	3
540	2
541	4
542	1
543	7
544	1
545	5
546	0
547	2
548	3
549	4
550	11
551	4
552	8
553	4
554	2
555	1
556	1
557	2
558	4
559	3
560	3
561	6
562	7
563	2
564	4
565	3
566	4
567	4
568	2
569	6
570	5
571	4
572	5
573	5
574	3
575	5
576	2
577	4
578	3
579	0
580	6
581	6
582	2
583	5
584	4
585	6
586	6
587	5
588	3
589	1
590	5
591	0
592	1
593	3
594	1
595	2
596	2
597	2
598	2
599	6
600	3
601	1
602	3
603	3
604	1
605	3
606	2
607	6
608	0
609	4
610	3
611	4
612	3
613	6
614	2
615	3
616	3
617	3
618	1
619	2
620	2
621	0
622	1
623	5
624	0
625	1
626	2
627	4
628	3
629	2
630	2
631	4
632	1
633	2
634	5
635	5
636	4
637	3
638	7
639	9
640	1
641	4
642	3
643	1
644	3
645	0
646	4
647	1
648	4
649	4
650	5
651	6
652	8
653	9
654	3
655	2
656	4
657	4
658	4
659	9
660	7
661	2
662	4
663	1
664	3
665	6
666	1
667	4
668	2
669	7
670	4
671	8
672	4
673	9
674	5
675	6
676	4
677	7
678	7
679	2
680	2
681	4
682	4
683	4
684	5
685	5
686	9
687	2
688	4
689	2
690	5
691	3
692	3
693	3
694	4
695	4
696	2
697	1
698	5
699	3
700	6
701	4
702	2
703	6
704	2
705	6
706	5
707	2
708	1
709	2
710	1
711	2
712	3
713	5
714	2
715	2
716	1
717	2
718	4
719	1
720	2
721	1
722	5
723	4
724	5
725	4
726	5
727	2
728	2
729	1
730	8
731	1
732	1
733	2
734	4
735	3
736	1
737	2
738	6
739	6
740	5
741	3
742	6
743	1
744	1
745	5
746	1
747	3
748	4
749	3
750	4
751	1
752	5
753	6
754	4
755	4
756	2
757	1
758	5
759	3
760	2
761	4
762	3
763	2
764	4
765	2
766	2
767	3
768	4
769	6
770	2
771	5
772	5
773	3
774	3
775	3
776	2
777	6
778	4
779	6
780	5
781	3
782	3
783	4
784	3
785	2
786	5
787	1
788	7
789	5
790	3
791	2
792	4
793	2
794	7
795	0
796	6
797	3
798	9
799	9
800	2
801	5
802	2
803	5
804	7
805	1
806	5
807	3
808	6
809	3
810	2
811	7
812	2
813	8
814	2
815	2
816	3
817	10
818	5
819	4
820	1
821	6
822	6
823	4
824	5
825	10
826	2
827	3
828	5
829	2
830	8
831	11
832	6
833	3
834	11
835	7
836	4
837	6
838	11
839	7
840	4
841	4
842	4
843	7
844	12
845	7
846	4
847	7
848	4
849	3
850	6
851	8
852	8
853	7
854	8
855	4
856	11
857	15
858	5
859	7
860	8
861	9
862	9
863	10
864	5
865	9
866	13
867	14
868	15
869	5
870	4
871	8
872	7
873	11
874	17
875	17
876	14
877	10
878	14
879	13
880	14
881	7
882	22
883	12
884	16
885	7
886	18
887	24
888	15
889	18
890	20
891	20
892	27
893	37
894	30
895	33
896	13
897	27
898	31
899	33
900	46
901	29
902	45
903	31
904	38
905	55
906	28
907	53
908	46
909	50
910	62
911	47
912	47
913	67
914	56
915	63
916	52
917	48
918	70
919	61
920	60
921	65
922	54
923	70
924	63
925	56
926	70
927	102
928	40
929	73
930	67
931	67
932	89
933	67
934	88
935	72
936	56
937	70
938	66
939	76
940	75
941	63
942	63
943	64
944	76
945	65
946	61
947	69
948	44
949	49
950	82
951	49
952	54
953	60
954	56
955	57
956	61
957	50
958	59
959	53
960	34
961	44
962	52
963	39
964	62
965	33
966	40
967	28
968	31
969	42
970	24
971	30
972	33
973	25
974	33
975	18
976	20
977	27
978	21
979	30
980	16
981	14
982	17
983	10
984	16
985	13
986	11
987	19
988	21
989	14
990	15
991	20
992	16
993	7
994	15
995	14
996	10
997	13
998	8
999	8
1000	10
1001	16
1002	8
1003	6
1004	10
1005	7
1006	10
1007	18
1008	7
1009	10
1010	13
1011	16
1012	13
1013	19
1014	15
1015	9
1016	12
1017	11
1018	7
1019	18
1020	13
1021	14
1022	13
1023	19
1024	4
1025	13
1026	20
1027	17
1028	17
1029	18
1030	15
1031	12
1032	12
1033	11
1034	11
1035	18
1036	29
1037	29
1038	15
1039	23
1040	16
1041	17
1042	17
1043	19
1044	16
1045	16
1046	20
1047	23
1048	19
1049	20
1050	12
1051	9
1052	15
1053	19
1054	14
1055	24
1056	13
1057	20
1058	21
1059	26
1060	16
1061	16
1062	17
1063	18
1064	10
1065	17
1066	9
1067	18
1068	18
1069	16
1070	14
1071	16
1072	11
1073	22
1074	10
1075	17
1076	11
1077	5
1078	10
1079	8
1080	6
1081	8
1082	15
1083	12
1084	8
1085	10
1086	10
1087	14
1088	4
1089	9
1090	11
1091	9
1092	10
1093	5
1094	14
1095	11
1096	7
1097	8
1098	8
1099	10
1100	18
1101	11
1102	11
1103	12
1104	3
1105	15
1106	7
1107	16
1108	10
1109	13
1110	15
1111	9
1112	12
1113	13
1114	18
1115	10
1116	22
1117	14
1118	12
1119	21
1120	13
1121	22
1122	14
1123	13
1124	28
1125	19
1126	34
1127	22
1128	18
1129	27
1130	19
1131	31
1132	27
1133	23
1134	22
1135	40
1136	18
1137	29
1138	37
1139	45
1140	37
1141	37
1142	39
1143	35
1144	23
1145	47
1146	38
1147	51
1148	39
1149	61
1150	41
1151	78
1152	25
1153	47
1154	50
1155	52
1156	62
1157	46
1158	58
1159	34
1160	46
1161	55
1162	47
1163	54
1164	69
1165	48
1166	62
1167	74
1168	29
1169	53
1170	46
1171	58
1172	49
1173	33
1174	54
1175	58
1176	34
1177	45
1178	42
1179	49
1180	44
1181	47
1182	40
1183	71
1184	22
1185	35
1186	37
1187	38
1188	42
1189	35
1190	30
1191	28
1192	16
1193	41
1194	19
1195	25
1196	16
1197	23
1198	20
1199	27
1200	20
1201	27
1202	21
1203	20
1204	17
1205	16
1206	17
1207	23
1208	9
1209	14
1210	13
1211	18
1212	15
1213	15
1214	9
1215	15
1216	9
1217	8
1218	11
1219	9
1220	11
1221	5
1222	5
1223	9
1224	6
1225	7
1226	9
1227	10
1228	3
1229	6
1230	6
1231	7
1232	6
1233	6
1234	3
1235	12
1236	3
1237	4
1238	7
1239	2
1240	13
1241	7
1242	5
1243	10
1244	10
1245	8
1246	5
1247	7
1248	3
1249	6
1250	6
1251	8
1252	3
1253	11
1254	10
1255	7
1256	6
1257	9
1258	12
1259	5
1260	9
1261	3
1262	6
1263	3
1264	6
1265	8
1266	7
1267	8
1268	3
1269	5
1270	8
1271	5
1272	8
1273	7
1274	4
1275	7
1276	5
1277	7
1278	3
1279	10
1280	4
1281	4
1282	6
1283	9
1284	3
1285	10
1286	3
1287	11
1288	9
1289	7
1290	7
1291	7
1292	7
1293	9
1294	4
1295	11
1296	4
1297	6
1298	4
1299	10
1300	5
1301	1
1302	8
1303	7
1304	4
1305	7
1306	7
1307	7
1308	6
1309	6
1310	9
1311	5
1312	1
1313	8
1314	4
1315	6
1316	18
1317	7
1318	7
1319	8
1320	0
1321	5
1322	4
1323	15
1324	10
1325	3
1326	10
1327	4
1328	6
1329	9
1330	10
1331	7
1332	6
1333	11
1334	7
1335	10
1336	3
1337	7
1338	6
1339	6
1340	6
1341	8
1342	5
1343	15
1344	1
1345	7
1346	11
1347	9
1348	8
1349	7
1350	13
1351	17
1352	13
1353	8
1354	12
1355	11
1356	14
1357	18
1358	15
1359	25
1360	8
1361	14
1362	17
1363	24
1364	21
1365	12
1366	19
1367	17
1368	19
1369	21
1370	21
1371	26
1372	22
1373	19
1374	29
1375	33
1376	18
1377	30
1378	34
1379	40
1380	36
1381	33
1382	43
1383	42
1384	22
1385	37
1386	30
1387	44
1388	45
1389	35
1390	32
1391	48
1392	29
1393	36
1394	44
1395	55
1396	52
1397	59
1398	62
1399	49
1400	45
1401	63
1402	44
1403	67
1404	50
1405	62
1406	51
1407	82
1408	23
1409	54
1410	47
1411	62
1412	53
1413	45
1414	51
1415	47
1416	59
1417	65
1418	48
1419	41
1420	59
1421	45
1422	38
1423	60
1424	55
1425	57
1426	44
1427	64
1428	61
1429	46
1430	55
1431	42
1432	40
1433	56
1434	31
1435	50
1436	28
1437	39
1438	34
1439	61
1440	27
1441	40
1442	34
1443	40
1444	25
1445	29
1446	35
1447	27
1448	26
1449	36
1450	33
1451	21
1452	31
1453	20
1454	22
1455	21
1456	28
1457	22
1458	20
1459	22
1460	14
1461	8
1462	13
1463	17
1464	8
1465	13
1466	14
1467	11
1468	14
1469	15
1470	12
1471	9
1472	9
1473	5
1474	14
1475	12
1476	10
1477	9
1478	11
1479	7
1480	9
1481	12
1482	10
1483	5
1484	6
1485	13
1486	12
1487	7
1488	8
1489	5
1490	7
1491	8
1492	3
1493	6
1494	6
1495	2
1496	4
1497	12
1498	3
1499	6
1500	6
1501	7
1502	10
1503	7
1504	4
1505	6
1506	9
1507	4
1508	4
1509	3
1510	3
1511	5
1512	7
1513	4
1514	3
1515	5
1516	6
1517	2
1518	6
1519	6
1520	2
1521	3
1522	2
1523	5
1524	9
1525	3
1526	7
1527	4
1528	5
1529	4
1530	10
1531	7
1532	3
1533	6
1534	8
1535	9
1536	3
1537	6
1538	4
1539	8
1540	4
1541	5
1542	4
1543	6
1544	3
1545	9
1546	5
1547	7
1548	3
1549	6
1550	2
1551	5
1552	5
1553	2
1554	9
1555	4
1556	5
1557	9
1558	10
1559	8
1560	6
1561	3
1562	2
1563	7
1564	2
1565	8
1566	9
1567	8
1568	4
1569	7
1570	7
1571	6
1572	7
1573	5
1574	7
1575	7
1576	3
1577	8
1578	6
1579	7
1580	4
1581	8
1582	4
1583	7
1584	11
1585	5
1586	11
1587	4
1588	8
1589	5
1590	5
1591	5
1592	6
1593	4
1594	2
1595	6
1596	6
1597	8
1598	8
1599	11
1600	4
1601	6
1602	4
1603	10
1604	10
1605	7
1606	8
1607	5
1608	2
1609	9
1610	8
1611	7
1612	8
1613	4
1614	7
1615	7
1616	4
1617	9
1618	6
1619	8
1620	2
1621	10
1622	14
1623	5
1624	6
1625	10
1626	7
1627	15
1628	10
1629	9
1630	8
1631	7
1632	8
1633	13
1634	10
1635	8
1636	10
1637	4
1638	12
1639	10
1640	7
1641	18
1642	8
1643	3
1644	13
1645	11
1646	9
1647	10
1648	10
1649	18
1650	8
1651	9
1652	13
1653	5
1654	3
1655	6
1656	11
1657	8
1658	10
1659	21
1660	6
1661	17
1662	18
1663	23
1664	4
1665	10
1666	11
1667	12
1668	11
1669	12
1670	12
1671	10
1672	15
1673	15
1674	11
1675	16
1676	11
1677	20
1678	8
1679	7
1680	13
1681	12
1682	5
1683	12
1684	9
1685	10
1686	17
1687	6
1688	14
1689	13
1690	10
1691	9
1692	6
1693	12
1694	13
1695	13
1696	6
1697	11
1698	9
1699	10
1700	15
1701	8
1702	7
1703	9
1704	6
1705	8
1706	3
1707	14
1708	8
1709	9
1710	10
1711	10
1712	10
1713	8
1714	7
1715	10
1716	7
1717	5
1718	7
1719	10
1720	8
1721	8
1722	5
1723	9
1724	10
1725	13
1726	8
1727	10
1728	3
1729	10
1730	8
1731	4
1732	10
1733	10
1734	17
1735	10
1736	10
1737	8
1738	5
1739	6
1740	9
1741	5
1742	4
1743	9
1744	8
1745	8
1746	7
1747	15
1748	9
1749	5
1750	6
1751	6
1752	6
1753	7
1754	7
1755	9
1756	9
1757	7
1758	7
1759	5
1760	1
1761	5
1762	2
1763	3
1764	3
1765	3
1766	1
1767	6
1768	1
1769	8
1770	2
1771	9
1772	4
1773	6
1774	9
1775	5
1776	7
1777	5
1778	6
1779	8
1780	7
1781	5
1782	11
1783	6
1784	6
1785	13
1786	6
1787	9
1788	5
1789	10
1790	12
1791	12
1792	3
1793	5
1794	10
1795	6
1796	7
1797	6
1798	9
1799	10
1800	9
1801	8
1802	6
1803	5
1804	7
1805	7
1806	5
1807	7
1808	6
1809	3
1810	8
1811	7
1812	6
1813	3
1814	6
1815	7
1816	1
1817	6
1818	6
1819	5
1820	2
1821	8
1822	4
1823	6
1824	8
1825	8
1826	8
1827	5
1828	10
1829	3
1830	9
1831	14
1832	10
1833	11
1834	6
1835	3
1836	10
1837	7
1838	7
1839	3
1840	6
1841	10
1842	0
1843	12
1844	7
1845	9
1846	8
1847	8
1848	3
1849	13
1850	4
1851	6
1852	1
1853	3
1854	10
1855	8
1856	3
1857	8
1858	13
1859	6
1860	12
1861	5
1862	11
1863	8
1864	11
1865	9
1866	5
1867	8
1868	7
1869	7
1870	6
1871	14
1872	9
1873	11
1874	14
1875	10
1876	10
1877	10
1878	16
1879	8
1880	12
1881	21
1882	5
1883	11
1884	14
1885	9
1886	8
1887	11
1888	17
1889	9
1890	12
1891	16
1892	25
1893	9
1894	18
1895	11
1896	18
1897	15
1898	11
1899	18
1900	17
1901	21
1902	16
1903	16
1904	15
1905	20
1906	25
1907	27
1908	18
1909	21
1910	25
1911	16
1912	22
1913	22
1914	17
1915	21
1916	19
1917	18
1918	29
1919	19
1920	21
1921	20
1922	26
1923	19
1924	29
1925	21
1926	18
1927	12
1928	17
1929	28
1930	18
1931	25
1932	25
1933	19
1934	28
1935	16
1936	18
1937	20
1938	16
1939	24
1940	23
1941	26
1942	30
1943	22
1944	32
1945	21
1946	16
1947	30
1948	17
1949	16
1950	16
1951	31
1952	23
1953	21
1954	19
1955	22
1956	15
1957	15
1958	27
1959	22
1960	20
1961	19
1962	15
1963	25
1964	21
1965	28
1966	28
1967	14
1968	21
1969	9
1970	30
1971	20
1972	32
1973	23
1974	27
1975	15
1976	22
1977	18
1978	19
1979	19
1980	19
1981	22
1982	16
1983	17
1984	21
1985	24
1986	23
1987	24
1988	23
1989	14
1990	17
1991	8
1992	21
1993	29
1994	22
1995	17
1996	17
1997	15
1998	25
1999	11
2000	18
2001	20
2002	20
2003	19
2004	13
2005	15
2006	20
2007	11
2008	19
2009	25
2010	7
2011	16
2012	9
2013	17
2014	8
2015	15
2016	14
2017	11
2018	13
2019	13
2020	13
2021	6
2022	15
2023	10
2024	4
2025	16
2026	10
2027	5
2028	16
2029	8
2030	9
2031	12
2032	5
2033	4
2034	10
2035	5
2036	5
2037	3
2038	15
2039	4
2040	6
2041	10
2042	9
2043	10
2044	7
2045	3
2046	7
2047	9
2048	2
2049	6
2050	4
2051	10
2052	2
2053	2
2054	2
2055	7
2056	5
2057	4
2058	1
2059	3
2060	6
2061	4
2062	4
2063	6
2064	6
2065	4
2066	7
2067	7
2068	3
2069	3
2070	3
2071	3
2072	4
2073	9
2074	3
2075	1
2076	7
2077	8
2078	3
2079	6
2080	4
2081	4
2082	4
2083	3
2084	2
2085	3
2086	5
2087	3
2088	4
2089	4
2090	5
2091	4
2092	4
2093	4
2094	3
2095	7
2096	4
2097	0
2098	5
2099	6
2100	4
2101	1
2102	6
2103	5
2104	2
2105	5
2106	5
2107	4
2108	9
2109	7
2110	3
2111	8
2112	1
2113	5
2114	2
2115	2
2116	8
2117	2
2118	13
2119	7
2120	2
2121	15
2122	2
2123	5
2124	8
2125	6
2126	5
2127	6
2128	3
2129	3
2130	7
2131	8
2132	4
2133	6
2134	9
2135	5
2136	3
2137	5
2138	7
2139	8
2140	6
2141	5
2142	7
2143	11
2144	2
2145	4
2146	3
2147	4
2148	11
2149	3
2150	10
2151	9
2152	7
2153	11
2154	2
2155	6
2156	12
2157	6
2158	7
2159	12
2160	2
2161	3
2162	7
2163	9
2164	7
2165	8
2166	6
2167	4
2168	3
2169	9
2170	8
2171	12
2172	3
2173	7
2174	4
2175	6
2176	3
2177	5
2178	7
2179	8
2180	6
2181	5
2182	5
2183	4
2184	6
2185	11
2186	4
2187	6
2188	9
2189	11
2190	4
2191	6
2192	5
2193	8
2194	4
2195	7
2196	6
2197	7
2198	15
2199	3
2200	4
2201	11
2202	5
2203	8
2204	3
2205	4
2206	6
2207	8
2208	4
2209	4
2210	9
2211	5
2212	1
2213	5
2214	3
2215	9
2216	5
2217	7
2218	4
2219	6
2220	5
2221	7
2222	3
2223	5
2224	8
2225	8
2226	6
2227	8
2228	9
2229	6
2230	9
2231	10
2232	7
2233	7
2234	2
2235	8
2236	6
2237	6
2238	6
2239	8
2240	3
2241	5
2242	11
2243	7
2244	3
2245	3
2246	6
2247	6
2248	3
2249	13
2250	5
2251	3
2252	9
2253	7
2254	5
2255	1
2256	6
2257	7
2258	6
2259	7
2260	9
2261	5
2262	9
2263	6
2264	6
2265	9
2266	2
2267	7
2268	2
2269	7
2270	8
2271	6
2272	1
2273	5
2274	4
2275	4
2276	5
2277	5
2278	8
2279	2
2280	3
2281	6
2282	2
2283	5
2284	2
2285	2
2286	8
2287	8
2288	2
2289	4
2290	4
2291	3
2292	5
2293	9
2294	7
2295	1
2296	3
2297	2
2298	4
2299	0
2300	1
2301	3
2302	5
2303	6
2304	6
2305	3
2306	2
2307	3
2308	4
2309	3
2310	4
2311	5
2312	2
2313	5
2314	1
2315	0
2316	4
2317	3
2318	2
2319	1
2320	1
2321	2
2322	1
2323	2
2324	1
2325	1
2326	3
2327	2
2328	5
2329	4
2330	4
2331	3
2332	7
2333	3
2334	4
2335	4
2336	6
2337	6
2338	2
2339	2
2340	3
2341	1
2342	2
2343	0
2344	3
2345	2
2346	1
2347	4
2348	3
2349	1
2350	1
2351	2
2352	2
2353	2
2354	6
2355	6
2356	3
2357	0
2358	2
2359	1
2360	0
2361	5
2362	0
2363	3
2364	2
2365	4
2366	2
2367	1
2368	1
2369	2
2370	2
2371	3
2372	1
2373	0
2374	2
2375	5
2376	1
2377	7
2378	2
2379	1
2380	2
2381	1
2382	2
2383	3
2384	2
2385	1
2386	1
2387	2
2388	2
2389	1
2390	4
2391	2
2392	3
2393	0
2394	3
2395	2
2396	3
2397	5
2398	6
2399	2
2400	2
2401	2
2402	2
2403	2
2404	1
2405	6
2406	2
2407	3
2408	1
2409	2
2410	2
2411	0
2412	4
2413	2
2414	0
2415	1
2416	0
2417	1
2418	3
2419	1
2420	1
2421	4
2422	2
2423	2
2424	6
2425	6
2426	1
2427	7
2428	3
2429	4
2430	2
2431	3
2432	2
2433	4
2434	2
2435	1
2436	3
2437	1
2438	7
2439	1
2440	3
2441	3
2442	3
2443	6
2444	3
2445	2
2446	2
2447	1
2448	1
2449	3
2450	0
2451	2
2452	1
2453	3
2454	1
2455	4
2456	3
2457	5
2458	0
2459	1
2460	1
2461	3
2462	1
2463	2
2464	3
2465	2
2466	2
2467	1
2468	3
2469	2
2470	5
2471	5
2472	1
2473	2
2474	0
2475	3
2476	2
2477	1
2478	4
2479	2
2480	1
2481	7
2482	2
2483	5
2484	2
2485	3
2486	2
2487	3
2488	1
2489	1
2490	1
2491	1
2492	2
2493	1
2494	1
2495	3
2496	3
2497	2
2498	2
2499	2
2500	6
2501	3
2502	5
2503	0
2504	3
2505	4
2506	2
2507	1
2508	1
2509	3
2510	1
2511	3
2512	2
2513	2
2514	1
2515	7
2516	0
2517	3
2518	4
2519	4
2520	2
2521	2
2522	2
2523	5
2524	4
2525	1
2526	2
2527	1
2528	2
2529	2
2530	0
2531	3
2532	4
2533	2
2534	3
2535	0
2536	0
2537	1
2538	2
2539	7
2540	4
2541	4
2542	2
2543	1
2544	4
2545	4
2546	2
2547	2
2548	6
2549	0
2550	3
2551	3
2552	1
2553	3
2554	1
2555	2
2556	0
2557	2
2558	2
2559	3
2560	3
2561	3
2562	2
2563	4
2564	2
2565	2
2566	6
2567	1
2568	2
2569	0
2570	2
2571	3
2572	5
2573	2
2574	1
2575	1
2576	6
2577	2
2578	1
2579	5
2580	1
2581	5
2582	7
2583	1
2584	3
2585	4
2586	1
2587	4
2588	1
2589	3
2590	2
2591	8
2592	0
2593	3
2594	0
2595	6
2596	0
2597	2
2598	4
2599	0
2600	1
2601	4
2602	1
2603	5
2604	3
2605	5
2606	1
2607	2
2608	4
2609	3
2610	4
2611	3
2612	0
2613	0
2614	4
2615	1
2616	3
2617	2
2618	4
2619	3
2620	2
2621	4
2622	0
2623	1
2624	3
2625	3
2626	1
2627	1
2628	4
2629	3
2630	1
2631	1
2632	2
2633	2
2634	1
2635	4
2636	4
2637	3
2638	4
2639	0
2640	2
2641	2
2642	1
2643	2
2644	1
2645	3
2646	3
2647	3
2648	1
2649	0
2650	1
2651	3
2652	1
2653	3
2654	6
2655	2
2656	3
2657	0
2658	5
2659	3
2660	0
2661	4
2662	2
2663	0
2664	2
2665	3
2666	1
2667	1
2668	1
2669	6
2670	1
2671	0
2672	1
2673	0
2674	2
2675	1
2676	6
2677	3
2678	2
2679	3
2680	1
2681	5
2682	0
2683	5
2684	1
2685	3
2686	4
2687	1
2688	3
2689	3
2690	1
2691	1
2692	2
2693	0
2694	3
2695	2
2696	1
2697	0
2698	3
2699	3
2700	0
2701	5
2702	3
2703	3
2704	1
2705	0
2706	4
2707	3
2708	3
2709	1
2710	3
2711	1
2712	2
2713	3
2714	3
2715	1
2716	2
2717	2
2718	2
2719	3
2720	4
2721	0
2722	0
2723	3
2724	1
2725	2
2726	2
2727	1
2728	3
2729	3
2730	3
2731	3
2732	3
2733	0
2734	2
2735	1
2736	2
2737	1
2738	3
2739	2
2740	0
2741	1
2742	0
2743	3
2744	2
2745	3
2746	0
2747	1
2748	4
2749	1
2750	1
2751	1
2752	1
2753	0
2754	4
2755	4
2756	2
2757	0
2758	1
2759	0
2760	1
2761	1
2762	2
2763	2
2764	1
2765	2
2766	2
2767	1
2768	0
2769	1
2770	1
2771	2
2772	5
2773	0
2774	3
2775	1
2776	3
2777	3
2778	0
2779	1
2780	3
2781	2
2782	0
2783	0
2784	2
2785	3
2786	1
2787	1
2788	2
2789	2
2790	3
2791	0
2792	2
2793	0
2794	0
2795	1
2796	5
2797	1
2798	2
2799	0
2800	1
2801	1
2802	3
2803	1
2804	1
2805	1
2806	1
2807	3
2808	1
2809	2
2810	1
2811	2
2812	0
2813	1
2814	0
2815	0
2816	1
2817	4
2818	0
2819	5
2820	3
2821	0
2822	3
2823	1
2824	2
2825	3
2826	1
2827	3
2828	1
2829	5
2830	3
2831	2
2832	1
2833	2
2834	6
2835	0
2836	1
2837	3
2838	0
2839	0
2840	2
2841	3
2842	1
2843	4
2844	1
2845	1
2846	1
2847	1
2848	0
2849	2
2850	2
2851	3
2852	3
2853	3
2854	3
2855	4
2856	3
2857	1
2858	2
2859	1
2860	0
2861	1
2862	1
2863	2
2864	1
2865	1
2866	0
2867	1
2868	0
2869	0
2870	1
2871	3
2872	0
2873	3
2874	1
2875	0
2876	2
2877	2
2878	0
2879	1
2880	1
2881	0
2882	2
2883	2
2884	2
2885	1
2886	3
2887	1
2888	2
2889	0
2890	1
2891	1
2892	1
2893	2
2894	1
2895	0
2896	4
2897	2
2898	1
2899	0
2900	2
2901	1
2902	3
2903	1
2904	2
2905	3
2906	1
2907	3
2908	3
2909	0
2910	0
2911	0
2912	1
2913	3
2914	1
2915	3
2916	3
2917	0
2918	0
2919	1
2920	1
2921	1
2922	2
2923	0
2924	3
2925	0
2926	1
2927	1
2928	1
2929	0
2930	0
2931	2
2932	1
2933	0
2934	3
2935	0
2936	1
2937	1
2938	1
2939	4
2940	6
2941	1
2942	1
2943	1
2944	0
2945	0
2946	0
2947	2
2948	2
2949	1
2950	2
2951	0
2952	0
2953	3
2954	1
2955	1
2956	1
2957	1
2958	1
2959	1
2960	1
2961	1
2962	2
2963	3
2964	2
2965	0
2966	3
2967	0
2968	2
2969	1
2970	0
2971	1
2972	1
2973	0
2974	2
2975	2
2976	3
2977	1
2978	0
2979	0
2980	1
2981	1
2982	2
2983	2
2984	1
2985	2
2986	1
2987	1
2988	2
2989	0
2990	2
2991	2
2992	1
2993	0
2994	0
2995	1
2996	2
2997	0
2998	1
2999	0
3000	0
3001	1
3002	1
3003	0
3004	0
3005	1
3006	0
3007	3
3008	0
3009	0
3010	1
3011	0
3012	1
3013	0
3014	1
3015	1
3016	0
3017	2
3018	3
3019	1
3020	2
3021	1
3022	0
3023	0
3024	3
3025	1
3026	1
3027	1
3028	1
3029	1
3030	1
3031	0
3032	1
3033	3
3034	0
3035	2
3036	1
3037	0
3038	1
3039	1
3040	1
3041	0
3042	1
3043	1
3044	1
3045	0
3046	0
3047	0
3048	1
3049	1
3050	0
3051	1
3052	2
3053	0
3054	1
3055	0
3056	0
3057	0
3058	2
3059	3
3060	1
3061	0
3062	3
3063	1
3064	0
3065	1
3066	1
3067	0
3068	1
3069	0
3070	2
3071	0
3072	1
3073	2
3074	2
3075	1
3076	0
3077	1
3078	1
3079	0
3080	1
3081	3
3082	1
3083	1
3084	1
3085	0
3086	0
3087	1
3088	4
3089	2
3090	0
3091	0
3092	1
3093	0
3094	0
3095	1
3096	1
3097	1
3098	0
3099	1
3100	0
3101	0
3102	0
3103	3
3104	2
3105	0
3106	0
3107	1
3108	1
3109	1
3110	1
3111	1
3112	2
3113	1
3114	1
3115	1
3116	1
3117	1
3118	1
3119	1
3120	0
3121	0
3122	1
3123	2
3124	2
3125	0
3126	1
3127	0
3128	1
3129	0
3130	1
3131	2
3132	0
3133	0
3134	0
3135	1
3136	3
3137	0
3138	2
3139	2
3140	1
3141	0
3142	1
3143	1
3144	1
3145	3
3146	0
3147	0
3148	3
3149	1
3150	0
3151	0
3152	0
3153	0
3154	1
3155	1
3156	0
3157	0
3158	1
3159	0
3160	1
3161	5
3162	0
3163	3
3164	2
3165	0
3166	1
3167	1
3168	0
3169	1
3170	0
3171	2
3172	0
3173	0
3174	0
3175	1
3176	1
3177	0
3178	3
3179	1
3180	1
3181	1
3182	1
3183	2
3184	0
3185	0
3186	1
3187	0
3188	1
3189	1
3190	0
3191	0
3192	1
3193	1
3194	0
3195	0
3196	0
3197	1
3198	1
3199	0
3200	1
3201	0
3202	1
3203	0
3204	0
3205	0
3206	0
3207	1
3208	1
3209	1
3210	2
3211	0
3212	0
3213	1
3214	1
3215	1
3216	1
3217	0
3218	0
3219	0
3220	1
3221	1
3222	3
3223	0
3224	1
3225	1
3226	0
3227	1
3228	0
3229	3
3230	0
3231	0
3232	3
3233	1
3234	0
3235	0
3236	0
3237	0
3238	2
3239	0
3240	0
3241	1
3242	0
3243	0
3244	0
3245	0
3246	0
3247	3
3248	0
3249	1
3250	0
3251	2
3252	1
3253	1
3254	2
3255	2
3256	1
3257	0
3258	1
3259	3
3260	1
3261	1
3262	0
3263	0
3264	1
3265	0
3266	1
3267	0
3268	0
3269	1
3270	0
3271	0
3272	0
3273	1
3274	0
3275	2
3276	3
3277	0
3278	0
3279	0
3280	0
3281	0
3282	2
3283	0
3284	0
3285	0
3286	1
3287	0
3288	0
3289	1
3290	0
3291	1
3292	1
3293	1
3294	0
3295	1
3296	1
3297	1
3298	0
3299	0
3300	0
3301	1
3302	2
3303	0
3304	1
3305	1
3306	1
3307	0
3308	0
3309	0
3310	0
3311	0
3312	0
3313	2
3314	0
3315	0
3316	0
3317	1
3318	0
3319	0
3320	0
3321	2
3322	2
3323	0
3324	0
3325	2
3326	0
3327	0
3328	0
3329	0
3330	0
3331	0
3332	2
3333	1
3334	0
3335	1
3336	0
3337	0
3338	0
3339	1
3340	0
3341	0
3342	0
3343	1
3344	0
3345	0
3346	0
3347	0
3348	1
3349	0
3350	0
3351	1
3352	0
3353	0
3354	0
3355	2
3356	0
3357	0
3358	0
3359	0
3360	0
3361	1
3362	0
3363	0
3364	0
3365	0
3366	0
3367	0
3368	0
3369	1
3370	1
3371	1
3372	2
3373	0
3374	1
3375	1
3376	1
3377	1
3378	1
3379	0
3380	0
3381	0
3382	1
3383	1
3384	1
3385	1
3386	1
3387	1
3388	0
3389	1
3390	0
3391	2
3392	1
3393	1
3394	1
3395	1
3396	0
3397	0
3398	0
3399	2
3400	1
3401	1
3402	0
3403	0
3404	1
3405	0
3406	0
3407	0
3408	2
3409	0
3410	0
3411	1
3412	0
3413	0
3414	0
3415	0
3416	0
3417	1
3418	0
3419	1
3420	0
3421	1
3422	0
3423	0
3424	0
3425	0
3426	3
3427	1
3428	1
3429	0
3430	1
3431	1
3432	0
3433	0
3434	0
3435	1
3436	1
3437	0
3438	1
3439	0
3440	0
3441	0
3442	1
3443	0
3444	0
3445	2
3446	1
3447	0
3448	0
3449	0
3450	0
3451	0
3452	1
3453	1
3454	0
3455	1
3456	0
3457	0
3458	1
3459	1
3460	2
3461	2
3462	0
3463	1
3464	0
3465	0
3466	0
3467	0
3468	0
3469	0
3470	0
3471	0
3472	0
3473	1
3474	0
3475	0
3476	0
3477	0
3478	0
3479	0
3480	0
3481	2
3482	0
3483	0
3484	1
3485	0
3486	1
3487	2
3488	0
3489	0
3490	1
3491	0
3492	1
3493	0
3494	1
3495	0
3496	0
3497	1
3498	0
3499	0
3500	1
3501	0
3502	0
3503	0
3504	0
3505	0
3506	0
3507	1
3508	0
3509	0
3510	1
3511	0
3512	0
3513	0
3514	0
3515	1
3516	0
3517	0
3518	0
3519	0
3520	0
3521	0
3522	0
3523	0
3524	0
3525	0
3526	0
3527	0
3528	0
3529	0
3530	0
3531	0
3532	0
3533	1
3534	0
3535	0
3536	0
3537	0
3538	0
3539	0
3540	0
3541	0
3542	1
3543	0
3544	0
3545	0
3546	0
3547	0
3548	1
3549	0
3550	0
3551	1
3552	3
3553	1
3554	0
3555	0
3556	0
3557	0
3558	1
3559	0
3560	0
3561	0
3562	0
3563	0
3564	0
3565	0
3566	1
3567	0
3568	0
3569	0
3570	0
3571	0
3572	1
3573	0
3574	3
3575	0
3576	0
3577	0
3578	0
3579	0
3580	0
3581	0
3582	0
3583	0
3584	0
3585	0
3586	0
3587	0
3588	0
3589	0
3590	0
3591	0
3592	1
3593	0
3594	1
3595	0
3596	0
3597	0
3598	0
3599	0
3600	0
3601	0
3602	0
3603	0
3604	0
3605	0
3606	1
3607	0
3608	0
3609	0
3610	0
3611	0
3612	0
3613	1
3614	0
3615	0
3616	1
3617	0
3618	0
3619	0
3620	0
3621	0
3622	0
3623	1
3624	0
3625	0
3626	0
3627	0
3628	0
3629	0
3630	0
3631	0
3632	0
3633	1
3634	0
3635	1
3636	0
3637	0
3638	0
3639	1
3640	0
3641	0
3642	0
3643	1
3644	0
3645	0
3646	0
3647	0
3648	0
3649	0
3650	0
3651	0
3652	0
3653	0
3654	0
3655	0
3656	0
3657	0
3658	0
3659	0
3660	2
3661	2
3662	0
3663	0
3664	0
3665	0
3666	0
3667	0
3668	0
3669	0
3670	0
3671	0
3672	0
3673	0
3674	0
3675	1
3676	0
3677	0
3678	0
3679	0
3680	0
3681	0
3682	0
3683	0
3684	0
3685	0
3686	0
3687	0
3688	1
3689	0
3690	0
3691	0
3692	1
3693	0
3694	0
3695	0
3696	0
3697	0
3698	0
3699	0
3700	0
3701	0
3702	1
3703	0
3704	0
3705	0
3706	0
3707	0
3708	1
3709	0
3710	0
3711	0
3712	0
3713	0
3714	0
3715	0
3716	0
3717	0
3718	0
3719	0
3720	0
3721	0
3722	0
3723	0
3724	0
3725	0
3726	0
3727	0
3728	0
3729	0
3730	0
3731	0
3732	1
3733	0
3734	0
3735	0
3736	0
3737	0
3738	0
3739	0
3740	0
3741	0
3742	0
3743	0
3744	0
3745	0
3746	0
3747	0
3748	0
3749	0
3750	0
3751	0
3752	0
3753	1
3754	0
3755	0
3756	0
3757	0
3758	0
3759	0
3760	0
3761	0
3762	0
3763	0
3764	0
3765	0
3766	0
3767	0
3768	1
3769	0
3770	0
3771	1
3772	0
3773	0
3774	0
3775	0
3776	1
3777	0
3778	1
3779	0
3780	0
3781	1
3782	0
3783	0
3784	0
3785	0
3786	0
3787	0
3788	0
3789	0
3790	0
3791	1
3792	0
3793	0
3794	0
3795	0
3796	1
3797	0
3798	0
3799	0
3800	0
3801	0
3802	0
3803	0
3804	0
3805	0
3806	0
3807	0
3808	0
3809	0
3810	0
3811	0
3812	0
3813	0
3814	0
3815	0
3816	0
3817	1
3818	0
3819	0
3820	0
3821	0
3822	0
3823	0
3824	0
3825	0
3826	0
3827	0
3828	0
3829	0
3830	0
3831	0
3832	0
3833	0
3834	0
3835	0
3836	0
3837	0
3838	0
3839	0
3840	0
3841	1
3842	0
3843	0
3844	0
3845	0
3846	0
3847	0
3848	0
3849	0
3850	0
3851	0
3852	0
3853	1
3854	0
3855	0
3856	0
3857	0
3858	0
3859	0
3860	1
3861	0
3862	0
3863	0
3864	0
3865	1
3866	0
3867	0
3868	0
3869	0
3870	0
3871	0
3872	0
3873	0
3874	0
3875	0
3876	0
3877	0
3878	0
3879	0
3880	0
3881	0
3882	0
3883	0
3884	0
3885	0
3886	0
3887	0
3888	0
3889	1
3890	0
3891	0
3892	0
3893	0
3894	0
3895	0
3896	0
3897	0
3898	0
3899	0
3900	0
3901	0
3902	0
3903	0
3904	0
3905	0
3906	0
3907	0
3908	0
3909	0
3910	1
3911	0
3912	0
3913	0
3914	0
3915	0
3916	0
3917	0
3918	0
3919	0
3920	0
3921	0
3922	0
3923	0
3924	0
3925	0
3926	0
3927	0
3928	0
3929	0
3930	0
3931	0
3932	0
3933	0
3934	0
3935	0
3936	0
3937	0
3938	0
3939	0
3940	0
3941	0
3942	0
3943	0
3944	0
3945	0
3946	0
3947	0
3948	0
3949	0
3950	0
3951	0
3952	0
3953	0
3954	0
3955	0
3956	0
3957	0
3958	0
3959	0
3960	0
3961	0
3962	0
3963	0
3964	0
3965	0
3966	0
3967	0
3968	0
3969	0
3970	0
3971	0
3972	0
3973	0
3974	0
3975	0
3976	0
3977	0
3978	0
3979	0
3980	0
3981	0
3982	0
3983	0
3984	0
3985	0
3986	0
3987	0
3988	0
3989	0
3990	0
3991	0
3992	0
3993	0
3994	0
3995	0
3996	0
3997	0
3998	0
3999	0
4000	0
