Channel number	Impulses
Channel/#	Impulses/#

0	0
1	0
2	0
3	0
4	0
5	0
6	0
7	0
8	0
9	0
10	0
11	0
12	0
13	0
14	0
15	0
16	0
17	0
18	0
19	0
20	0
21	0
22	0
23	0
24	0
25	0
26	0
27	0
28	0
29	0
30	0
31	0
32	0
33	0
34	0
35	0
36	0
37	0
38	0
39	0
40	0
41	0
42	0
43	1
44	0
45	2
46	1
47	6
48	3
49	15
50	18
51	18
52	18
53	20
54	15
55	21
56	9
57	24
58	23
59	17
60	20
61	23
62	18
63	22
64	6
65	13
66	15
67	22
68	13
69	17
70	20
71	15
72	16
73	19
74	14
75	19
76	16
77	17
78	24
79	23
80	17
81	11
82	23
83	14
84	22
85	16
86	13
87	20
88	12
89	17
90	11
91	18
92	12
93	19
94	10
95	24
96	6
97	12
98	19
99	23
100	15
101	17
102	18
103	20
104	7
105	16
106	10
107	19
108	7
109	16
110	6
111	18
112	7
113	19
114	16
115	21
116	14
117	17
118	12
119	10
120	12
121	15
122	11
123	15
124	11
125	7
126	9
127	19
128	2
129	10
130	15
131	17
132	11
133	12
134	10
135	14
136	9
137	12
138	13
139	17
140	6
141	13
142	14
143	18
144	9
145	13
146	9
147	14
148	6
149	10
150	9
151	14
152	9
153	14
154	15
155	13
156	8
157	13
158	12
159	18
160	7
161	10
162	13
163	10
164	15
165	4
166	13
167	10
168	8
169	11
170	13
171	13
172	10
173	20
174	7
175	9
176	6
177	12
178	7
179	12
180	8
181	7
182	16
183	15
184	3
185	9
186	7
187	13
188	6
189	11
190	11
191	15
192	6
193	10
194	13
195	10
196	8
197	6
198	15
199	8
200	6
201	12
202	12
203	10
204	16
205	9
206	9
207	12
208	5
209	10
210	9
211	13
212	6
213	4
214	8
215	7
216	6
217	4
218	4
219	14
220	6
221	5
222	7
223	26
224	4
225	10
226	8
227	9
228	12
229	6
230	10
231	8
232	8
233	8
234	9
235	10
236	8
237	15
238	10
239	6
240	3
241	6
242	11
243	10
244	7
245	12
246	12
247	9
248	6
249	8
250	3
251	9
252	8
253	10
254	9
255	17
256	2
257	12
258	8
259	10
260	2
261	7
262	13
263	7
264	3
265	5
266	9
267	12
268	3
269	9
270	13
271	10
272	6
273	10
274	7
275	9
276	4
277	7
278	13
279	9
280	6
281	3
282	3
283	8
284	7
285	11
286	7
287	13
288	3
289	4
290	13
291	4
292	8
293	4
294	8
295	13
296	8
297	6
298	6
299	8
300	6
301	14
302	6
303	6
304	11
305	13
306	9
307	9
308	5
309	6
310	5
311	10
312	3
313	7
314	3
315	12
316	5
317	6
318	8
319	9
320	4
321	5
322	4
323	6
324	5
325	9
326	5
327	10
328	5
329	5
330	13
331	5
332	9
333	5
334	7
335	5
336	2
337	8
338	7
339	13
340	2
341	6
342	7
343	8
344	5
345	9
346	10
347	8
348	7
349	9
350	5
351	7
352	3
353	14
354	5
355	4
356	8
357	7
358	4
359	5
360	10
361	12
362	5
363	9
364	7
365	4
366	5
367	7
368	6
369	8
370	9
371	7
372	7
373	7
374	10
375	9
376	6
377	3
378	3
379	1
380	5
381	10
382	10
383	15
384	4
385	3
386	6
387	6
388	4
389	5
390	3
391	4
392	4
393	7
394	9
395	7
396	5
397	9
398	7
399	8
400	3
401	7
402	9
403	8
404	6
405	7
406	11
407	6
408	7
409	6
410	9
411	2
412	7
413	5
414	7
415	6
416	6
417	7
418	6
419	3
420	7
421	6
422	6
423	6
424	7
425	9
426	6
427	9
428	10
429	4
430	6
431	10
432	9
433	2
434	6
435	5
436	4
437	2
438	8
439	7
440	3
441	8
442	5
443	3
444	5
445	3
446	7
447	8
448	2
449	3
450	6
451	2
452	4
453	3
454	6
455	5
456	3
457	7
458	9
459	9
460	5
461	10
462	7
463	5
464	8
465	6
466	9
467	8
468	2
469	2
470	9
471	6
472	3
473	4
474	7
475	7
476	3
477	2
478	2
479	10
480	1
481	5
482	5
483	6
484	10
485	4
486	7
487	8
488	6
489	6
490	3
491	7
492	8
493	8
494	5
495	8
496	4
497	10
498	2
499	8
500	6
501	7
502	4
503	6
504	4
505	9
506	7
507	5
508	2
509	4
510	12
511	9
512	4
513	6
514	6
515	3
516	1
517	6
518	4
519	7
520	1
521	8
522	4
523	8
524	8
525	1
526	6
527	8
528	3
529	4
530	5
531	9
532	4
533	4
534	8
535	6
536	4
537	4
538	6
539	5
540	7
541	5
542	6
543	14
544	0
545	4
546	2
547	6
548	5
549	7
550	3
551	6
552	4
553	5
554	3
555	5
556	8
557	5
558	5
559	9
560	7
561	3
562	3
563	9
564	6
565	3
566	2
567	6
568	3
569	3
570	5
571	6
572	5
573	5
574	3
575	6
576	4
577	1
578	4
579	8
580	6
581	4
582	4
583	6
584	3
585	9
586	7
587	4
588	2
589	8
590	2
591	6
592	6
593	7
594	7
595	2
596	4
597	5
598	3
599	8
600	5
601	4
602	4
603	1
604	2
605	2
606	4
607	8
608	5
609	8
610	6
611	9
612	3
613	8
614	4
615	9
616	7
617	5
618	0
619	5
620	2
621	4
622	3
623	4
624	1
625	6
626	2
627	10
628	6
629	4
630	6
631	6
632	2
633	2
634	8
635	3
636	7
637	10
638	7
639	8
640	0
641	9
642	6
643	8
644	5
645	4
646	5
647	5
648	3
649	4
650	5
651	5
652	4
653	3
654	10
655	6
656	5
657	2
658	7
659	8
660	2
661	3
662	5
663	7
664	3
665	8
666	2
667	6
668	3
669	6
670	2
671	9
672	4
673	4
674	1
675	10
676	9
677	6
678	11
679	5
680	10
681	8
682	4
683	4
684	6
685	2
686	6
687	4
688	1
689	3
690	4
691	5
692	9
693	5
694	7
695	4
696	2
697	3
698	6
699	7
700	10
701	7
702	4
703	10
704	4
705	1
706	2
707	3
708	4
709	4
710	13
711	4
712	3
713	7
714	6
715	3
716	6
717	8
718	7
719	6
720	2
721	4
722	5
723	2
724	7
725	5
726	9
727	5
728	6
729	8
730	4
731	5
732	4
733	3
734	6
735	11
736	6
737	5
738	8
739	2
740	7
741	2
742	6
743	5
744	2
745	6
746	3
747	3
748	12
749	4
750	5
751	6
752	3
753	3
754	7
755	5
756	2
757	2
758	7
759	4
760	3
761	8
762	5
763	4
764	4
765	6
766	3
767	16
768	1
769	4
770	3
771	7
772	8
773	4
774	4
775	7
776	9
777	7
778	7
779	8
780	6
781	8
782	6
783	8
784	1
785	3
786	5
787	6
788	5
789	10
790	3
791	5
792	5
793	10
794	8
795	12
796	6
797	2
798	8
799	10
800	6
801	9
802	4
803	3
804	5
805	5
806	7
807	6
808	8
809	15
810	4
811	3
812	6
813	3
814	6
815	10
816	3
817	8
818	3
819	7
820	9
821	11
822	11
823	11
824	7
825	5
826	5
827	8
828	10
829	8
830	7
831	12
832	6
833	7
834	3
835	8
836	13
837	8
838	9
839	9
840	11
841	17
842	6
843	9
844	9
845	16
846	8
847	13
848	10
849	7
850	10
851	7
852	12
853	7
854	9
855	15
856	9
857	10
858	6
859	5
860	6
861	6
862	8
863	11
864	10
865	14
866	13
867	12
868	17
869	7
870	10
871	9
872	7
873	12
874	7
875	9
876	11
877	7
878	5
879	11
880	5
881	11
882	8
883	17
884	7
885	7
886	12
887	8
888	7
889	13
890	7
891	8
892	9
893	13
894	8
895	11
896	2
897	5
898	5
899	12
900	15
901	9
902	14
903	11
904	4
905	5
906	9
907	12
908	16
909	9
910	7
911	5
912	9
913	11
914	6
915	8
916	9
917	9
918	10
919	10
920	8
921	10
922	9
923	8
924	4
925	9
926	7
927	10
928	9
929	12
930	10
931	12
932	15
933	5
934	10
935	3
936	7
937	12
938	5
939	9
940	11
941	19
942	9
943	15
944	7
945	8
946	9
947	11
948	11
949	8
950	14
951	9
952	4
953	16
954	8
955	9
956	9
957	11
958	5
959	9
960	9
961	13
962	6
963	9
964	15
965	14
966	10
967	8
968	8
969	13
970	13
971	6
972	11
973	4
974	6
975	8
976	9
977	9
978	12
979	8
980	10
981	5
982	9
983	7
984	8
985	8
986	4
987	10
988	14
989	9
990	7
991	14
992	8
993	12
994	15
995	9
996	14
997	8
998	4
999	12
1000	5
1001	12
1002	9
1003	6
1004	13
1005	12
1006	18
1007	13
1008	10
1009	13
1010	15
1011	20
1012	11
1013	11
1014	8
1015	10
1016	11
1017	8
1018	13
1019	13
1020	13
1021	12
1022	11
1023	17
1024	5
1025	12
1026	9
1027	13
1028	11
1029	9
1030	12
1031	8
1032	14
1033	12
1034	13
1035	17
1036	12
1037	5
1038	13
1039	18
1040	4
1041	13
1042	10
1043	17
1044	12
1045	17
1046	23
1047	17
1048	9
1049	17
1050	8
1051	17
1052	12
1053	17
1054	22
1055	20
1056	10
1057	11
1058	13
1059	14
1060	10
1061	10
1062	8
1063	13
1064	8
1065	23
1066	9
1067	16
1068	14
1069	11
1070	14
1071	18
1072	14
1073	19
1074	8
1075	14
1076	18
1077	12
1078	12
1079	9
1080	11
1081	14
1082	14
1083	10
1084	7
1085	13
1086	12
1087	14
1088	5
1089	22
1090	10
1091	14
1092	5
1093	15
1094	16
1095	12
1096	9
1097	11
1098	13
1099	12
1100	15
1101	10
1102	13
1103	14
1104	5
1105	14
1106	8
1107	15
1108	15
1109	12
1110	15
1111	16
1112	16
1113	11
1114	9
1115	17
1116	12
1117	14
1118	16
1119	14
1120	10
1121	16
1122	10
1123	17
1124	13
1125	7
1126	17
1127	12
1128	6
1129	19
1130	14
1131	13
1132	10
1133	13
1134	14
1135	15
1136	2
1137	11
1138	15
1139	11
1140	9
1141	7
1142	21
1143	13
1144	9
1145	19
1146	9
1147	11
1148	9
1149	13
1150	11
1151	19
1152	7
1153	13
1154	13
1155	11
1156	11
1157	8
1158	7
1159	9
1160	9
1161	16
1162	13
1163	16
1164	14
1165	12
1166	10
1167	16
1168	10
1169	8
1170	8
1171	17
1172	20
1173	12
1174	19
1175	10
1176	5
1177	20
1178	13
1179	18
1180	12
1181	18
1182	14
1183	14
1184	8
1185	20
1186	11
1187	18
1188	15
1189	11
1190	10
1191	19
1192	3
1193	12
1194	8
1195	12
1196	19
1197	15
1198	17
1199	15
1200	12
1201	17
1202	17
1203	17
1204	10
1205	10
1206	22
1207	17
1208	18
1209	22
1210	4
1211	16
1212	15
1213	14
1214	14
1215	23
1216	11
1217	17
1218	11
1219	17
1220	15
1221	10
1222	14
1223	14
1224	18
1225	20
1226	8
1227	25
1228	18
1229	14
1230	14
1231	12
1232	9
1233	15
1234	20
1235	20
1236	14
1237	21
1238	8
1239	9
1240	12
1241	17
1242	18
1243	22
1244	8
1245	22
1246	18
1247	29
1248	2
1249	16
1250	14
1251	17
1252	18
1253	15
1254	23
1255	24
1256	16
1257	13
1258	16
1259	12
1260	15
1261	17
1262	19
1263	28
1264	10
1265	29
1266	18
1267	23
1268	24
1269	11
1270	20
1271	22
1272	18
1273	13
1274	19
1275	19
1276	10
1277	20
1278	23
1279	32
1280	6
1281	11
1282	13
1283	12
1284	12
1285	21
1286	25
1287	16
1288	25
1289	15
1290	18
1291	18
1292	12
1293	7
1294	15
1295	24
1296	16
1297	22
1298	19
1299	21
1300	15
1301	11
1302	18
1303	20
1304	15
1305	15
1306	18
1307	29
1308	14
1309	14
1310	14
1311	19
1312	15
1313	26
1314	11
1315	20
1316	18
1317	18
1318	29
1319	19
1320	15
1321	21
1322	16
1323	17
1324	21
1325	14
1326	21
1327	28
1328	17
1329	21
1330	16
1331	27
1332	15
1333	15
1334	21
1335	17
1336	9
1337	20
1338	19
1339	20
1340	13
1341	22
1342	18
1343	24
1344	8
1345	19
1346	19
1347	20
1348	19
1349	19
1350	24
1351	18
1352	18
1353	23
1354	10
1355	17
1356	18
1357	17
1358	20
1359	21
1360	14
1361	16
1362	14
1363	31
1364	19
1365	13
1366	29
1367	20
1368	18
1369	26
1370	23
1371	17
1372	20
1373	17
1374	21
1375	20
1376	17
1377	18
1378	18
1379	18
1380	22
1381	13
1382	23
1383	12
1384	15
1385	23
1386	7
1387	22
1388	22
1389	22
1390	19
1391	21
1392	19
1393	14
1394	26
1395	21
1396	17
1397	19
1398	22
1399	14
1400	15
1401	34
1402	13
1403	14
1404	19
1405	22
1406	19
1407	24
1408	12
1409	19
1410	20
1411	20
1412	22
1413	17
1414	26
1415	14
1416	15
1417	31
1418	19
1419	24
1420	20
1421	22
1422	22
1423	20
1424	18
1425	15
1426	25
1427	24
1428	18
1429	11
1430	26
1431	12
1432	16
1433	16
1434	17
1435	26
1436	24
1437	19
1438	16
1439	17
1440	14
1441	31
1442	22
1443	14
1444	21
1445	21
1446	26
1447	17
1448	22
1449	31
1450	18
1451	21
1452	22
1453	18
1454	27
1455	13
1456	12
1457	22
1458	19
1459	26
1460	22
1461	23
1462	26
1463	16
1464	14
1465	27
1466	16
1467	30
1468	26
1469	14
1470	25
1471	22
1472	15
1473	21
1474	27
1475	21
1476	18
1477	24
1478	30
1479	24
1480	22
1481	23
1482	21
1483	15
1484	31
1485	19
1486	31
1487	21
1488	19
1489	22
1490	17
1491	22
1492	16
1493	23
1494	27
1495	23
1496	23
1497	31
1498	23
1499	16
1500	34
1501	23
1502	26
1503	20
1504	21
1505	28
1506	24
1507	17
1508	27
1509	20
1510	31
1511	22
1512	17
1513	24
1514	30
1515	26
1516	25
1517	27
1518	30
1519	34
1520	33
1521	29
1522	17
1523	18
1524	31
1525	14
1526	28
1527	23
1528	14
1529	20
1530	19
1531	30
1532	23
1533	26
1534	18
1535	30
1536	17
1537	24
1538	15
1539	23
1540	33
1541	18
1542	16
1543	31
1544	24
1545	29
1546	17
1547	33
1548	19
1549	33
1550	24
1551	22
1552	18
1553	19
1554	19
1555	23
1556	23
1557	36
1558	42
1559	25
1560	21
1561	47
1562	24
1563	32
1564	24
1565	24
1566	24
1567	31
1568	27
1569	18
1570	21
1571	32
1572	29
1573	22
1574	26
1575	21
1576	14
1577	37
1578	13
1579	32
1580	34
1581	20
1582	27
1583	32
1584	23
1585	30
1586	27
1587	30
1588	29
1589	23
1590	33
1591	31
1592	19
1593	33
1594	21
1595	25
1596	29
1597	20
1598	27
1599	31
1600	11
1601	24
1602	36
1603	28
1604	27
1605	23
1606	28
1607	32
1608	23
1609	30
1610	20
1611	33
1612	39
1613	24
1614	30
1615	24
1616	27
1617	18
1618	27
1619	31
1620	23
1621	17
1622	33
1623	27
1624	35
1625	28
1626	28
1627	31
1628	29
1629	21
1630	20
1631	25
1632	25
1633	32
1634	20
1635	26
1636	31
1637	12
1638	31
1639	31
1640	16
1641	22
1642	28
1643	30
1644	26
1645	29
1646	34
1647	32
1648	17
1649	32
1650	30
1651	32
1652	25
1653	24
1654	34
1655	29
1656	25
1657	29
1658	22
1659	31
1660	30
1661	21
1662	29
1663	40
1664	22
1665	23
1666	27
1667	40
1668	31
1669	20
1670	33
1671	27
1672	28
1673	23
1674	23
1675	28
1676	25
1677	43
1678	36
1679	41
1680	26
1681	28
1682	36
1683	32
1684	35
1685	24
1686	27
1687	23
1688	32
1689	37
1690	31
1691	30
1692	28
1693	29
1694	30
1695	44
1696	18
1697	41
1698	23
1699	26
1700	34
1701	25
1702	35
1703	35
1704	27
1705	45
1706	19
1707	26
1708	43
1709	29
1710	33
1711	30
1712	27
1713	34
1714	27
1715	32
1716	26
1717	24
1718	36
1719	36
1720	34
1721	35
1722	33
1723	32
1724	37
1725	39
1726	34
1727	30
1728	34
1729	32
1730	43
1731	32
1732	32
1733	30
1734	44
1735	30
1736	36
1737	37
1738	22
1739	31
1740	52
1741	40
1742	28
1743	32
1744	22
1745	19
1746	31
1747	37
1748	34
1749	24
1750	23
1751	28
1752	40
1753	34
1754	27
1755	32
1756	31
1757	37
1758	33
1759	41
1760	19
1761	33
1762	36
1763	30
1764	44
1765	27
1766	52
1767	37
1768	33
1769	37
1770	23
1771	28
1772	38
1773	30
1774	39
1775	32
1776	21
1777	33
1778	35
1779	41
1780	23
1781	17
1782	42
1783	28
1784	18
1785	42
1786	30
1787	46
1788	29
1789	33
1790	33
1791	36
1792	28
1793	26
1794	30
1795	43
1796	39
1797	30
1798	43
1799	32
1800	40
1801	49
1802	41
1803	35
1804	39
1805	38
1806	25
1807	24
1808	26
1809	36
1810	35
1811	47
1812	25
1813	32
1814	43
1815	28
1816	24
1817	45
1818	31
1819	50
1820	35
1821	37
1822	32
1823	44
1824	29
1825	30
1826	28
1827	44
1828	44
1829	25
1830	49
1831	34
1832	26
1833	42
1834	31
1835	34
1836	57
1837	38
1838	24
1839	33
1840	30
1841	43
1842	48
1843	40
1844	37
1845	39
1846	41
1847	32
1848	39
1849	49
1850	23
1851	55
1852	49
1853	39
1854	44
1855	38
1856	25
1857	43
1858	43
1859	33
1860	57
1861	44
1862	54
1863	36
1864	38
1865	60
1866	35
1867	37
1868	56
1869	41
1870	47
1871	32
1872	28
1873	57
1874	45
1875	42
1876	41
1877	32
1878	53
1879	38
1880	47
1881	47
1882	35
1883	51
1884	48
1885	46
1886	45
1887	59
1888	43
1889	44
1890	43
1891	47
1892	63
1893	34
1894	64
1895	50
1896	42
1897	67
1898	42
1899	48
1900	58
1901	50
1902	67
1903	62
1904	50
1905	60
1906	54
1907	62
1908	61
1909	50
1910	82
1911	63
1912	63
1913	69
1914	68
1915	88
1916	69
1917	65
1918	74
1919	55
1920	58
1921	87
1922	101
1923	89
1924	104
1925	65
1926	124
1927	64
1928	89
1929	120
1930	83
1931	105
1932	110
1933	126
1934	105
1935	86
1936	113
1937	110
1938	130
1939	161
1940	132
1941	99
1942	140
1943	98
1944	146
1945	162
1946	128
1947	151
1948	160
1949	152
1950	163
1951	175
1952	168
1953	176
1954	178
1955	170
1956	198
1957	148
1958	213
1959	167
1960	154
1961	231
1962	175
1963	177
1964	224
1965	230
1966	210
1967	156
1968	263
1969	202
1970	255
1971	256
1972	250
1973	184
1974	270
1975	196
1976	186
1977	271
1978	203
1979	266
1980	218
1981	224
1982	234
1983	194
1984	208
1985	220
1986	242
1987	222
1988	286
1989	171
1990	235
1991	156
1992	246
1993	258
1994	178
1995	184
1996	246
1997	222
1998	224
1999	172
2000	172
2001	162
2002	176
2003	180
2004	176
2005	129
2006	200
2007	109
2008	166
2009	182
2010	147
2011	188
2012	171
2013	139
2014	135
2015	122
2016	141
2017	118
2018	140
2019	112
2020	134
2021	84
2022	124
2023	89
2024	93
2025	102
2026	85
2027	80
2028	105
2029	83
2030	80
2031	58
2032	72
2033	73
2034	71
2035	68
2036	73
2037	36
2038	76
2039	43
2040	61
2041	55
2042	46
2043	51
2044	53
2045	44
2046	49
2047	50
2048	19
2049	40
2050	47
2051	61
2052	43
2053	32
2054	35
2055	27
2056	32
2057	39
2058	21
2059	27
2060	40
2061	39
2062	25
2063	41
2064	27
2065	40
2066	39
2067	38
2068	26
2069	23
2070	40
2071	30
2072	35
2073	46
2074	21
2075	24
2076	30
2077	29
2078	25
2079	28
2080	20
2081	18
2082	28
2083	24
2084	35
2085	24
2086	28
2087	37
2088	26
2089	23
2090	27
2091	23
2092	33
2093	24
2094	29
2095	38
2096	34
2097	21
2098	30
2099	28
2100	28
2101	18
2102	29
2103	34
2104	21
2105	32
2106	27
2107	42
2108	26
2109	31
2110	24
2111	31
2112	24
2113	33
2114	39
2115	29
2116	26
2117	20
2118	34
2119	21
2120	21
2121	40
2122	19
2123	27
2124	31
2125	26
2126	25
2127	28
2128	22
2129	27
2130	23
2131	41
2132	21
2133	28
2134	45
2135	25
2136	36
2137	40
2138	25
2139	39
2140	25
2141	29
2142	24
2143	28
2144	21
2145	31
2146	35
2147	19
2148	45
2149	26
2150	39
2151	25
2152	23
2153	42
2154	20
2155	21
2156	41
2157	44
2158	36
2159	35
2160	29
2161	18
2162	29
2163	35
2164	27
2165	34
2166	32
2167	30
2168	18
2169	37
2170	25
2171	34
2172	34
2173	32
2174	34
2175	32
2176	32
2177	37
2178	37
2179	48
2180	46
2181	30
2182	46
2183	30
2184	26
2185	44
2186	33
2187	32
2188	30
2189	40
2190	46
2191	33
2192	26
2193	31
2194	36
2195	55
2196	30
2197	45
2198	43
2199	36
2200	38
2201	38
2202	23
2203	54
2204	46
2205	37
2206	44
2207	49
2208	32
2209	37
2210	44
2211	52
2212	53
2213	36
2214	57
2215	55
2216	32
2217	44
2218	35
2219	51
2220	52
2221	49
2222	49
2223	46
2224	44
2225	51
2226	64
2227	65
2228	44
2229	34
2230	52
2231	51
2232	47
2233	67
2234	52
2235	60
2236	65
2237	61
2238	55
2239	49
2240	46
2241	57
2242	61
2243	76
2244	65
2245	57
2246	58
2247	38
2248	49
2249	64
2250	35
2251	67
2252	53
2253	50
2254	55
2255	58
2256	42
2257	60
2258	55
2259	63
2260	44
2261	34
2262	58
2263	32
2264	52
2265	58
2266	44
2267	40
2268	36
2269	44
2270	52
2271	53
2272	35
2273	42
2274	30
2275	49
2276	36
2277	30
2278	66
2279	37
2280	33
2281	42
2282	18
2283	37
2284	39
2285	28
2286	34
2287	30
2288	26
2289	41
2290	36
2291	37
2292	34
2293	26
2294	31
2295	31
2296	24
2297	33
2298	19
2299	26
2300	30
2301	29
2302	20
2303	18
2304	21
2305	17
2306	30
2307	20
2308	27
2309	35
2310	26
2311	22
2312	18
2313	29
2314	14
2315	24
2316	16
2317	25
2318	17
2319	15
2320	15
2321	17
2322	18
2323	21
2324	23
2325	18
2326	20
2327	22
2328	16
2329	23
2330	19
2331	26
2332	10
2333	22
2334	16
2335	13
2336	17
2337	18
2338	17
2339	16
2340	21
2341	9
2342	18
2343	17
2344	11
2345	16
2346	17
2347	30
2348	18
2349	22
2350	14
2351	15
2352	19
2353	13
2354	13
2355	23
2356	8
2357	9
2358	23
2359	21
2360	19
2361	20
2362	12
2363	16
2364	12
2365	20
2366	19
2367	17
2368	15
2369	20
2370	14
2371	14
2372	25
2373	9
2374	24
2375	6
2376	20
2377	18
2378	10
2379	18
2380	17
2381	19
2382	17
2383	15
2384	13
2385	17
2386	14
2387	17
2388	16
2389	8
2390	18
2391	11
2392	21
2393	23
2394	17
2395	17
2396	20
2397	16
2398	10
2399	20
2400	19
2401	18
2402	14
2403	16
2404	26
2405	17
2406	16
2407	13
2408	12
2409	18
2410	15
2411	14
2412	16
2413	16
2414	19
2415	15
2416	14
2417	10
2418	15
2419	15
2420	13
2421	14
2422	22
2423	14
2424	14
2425	16
2426	15
2427	17
2428	23
2429	16
2430	18
2431	12
2432	11
2433	17
2434	20
2435	15
2436	13
2437	16
2438	18
2439	14
2440	12
2441	19
2442	20
2443	10
2444	16
2445	17
2446	14
2447	13
2448	13
2449	19
2450	13
2451	21
2452	24
2453	7
2454	14
2455	14
2456	16
2457	17
2458	15
2459	17
2460	16
2461	18
2462	11
2463	16
2464	9
2465	10
2466	14
2467	14
2468	21
2469	13
2470	21
2471	16
2472	13
2473	13
2474	17
2475	11
2476	22
2477	12
2478	16
2479	8
2480	17
2481	13
2482	8
2483	30
2484	16
2485	15
2486	15
2487	21
2488	6
2489	10
2490	12
2491	18
2492	13
2493	18
2494	9
2495	19
2496	10
2497	18
2498	19
2499	21
2500	17
2501	18
2502	26
2503	11
2504	17
2505	17
2506	8
2507	17
2508	21
2509	14
2510	17
2511	25
2512	14
2513	15
2514	12
2515	14
2516	12
2517	13
2518	9
2519	11
2520	20
2521	17
2522	7
2523	23
2524	12
2525	19
2526	19
2527	21
2528	25
2529	21
2530	10
2531	20
2532	28
2533	17
2534	17
2535	16
2536	24
2537	18
2538	23
2539	19
2540	15
2541	20
2542	22
2543	31
2544	17
2545	9
2546	22
2547	23
2548	21
2549	13
2550	23
2551	18
2552	19
2553	21
2554	19
2555	17
2556	20
2557	16
2558	14
2559	27
2560	22
2561	25
2562	18
2563	29
2564	30
2565	13
2566	16
2567	12
2568	22
2569	30
2570	15
2571	24
2572	26
2573	22
2574	20
2575	14
2576	14
2577	11
2578	22
2579	27
2580	21
2581	9
2582	20
2583	9
2584	18
2585	18
2586	15
2587	20
2588	14
2589	19
2590	19
2591	15
2592	8
2593	18
2594	11
2595	11
2596	26
2597	16
2598	18
2599	11
2600	10
2601	13
2602	17
2603	14
2604	20
2605	15
2606	15
2607	15
2608	12
2609	16
2610	17
2611	14
2612	14
2613	9
2614	8
2615	12
2616	11
2617	15
2618	8
2619	16
2620	9
2621	15
2622	11
2623	14
2624	11
2625	14
2626	12
2627	12
2628	13
2629	10
2630	16
2631	5
2632	14
2633	8
2634	12
2635	12
2636	11
2637	15
2638	10
2639	15
2640	8
2641	13
2642	13
2643	19
2644	14
2645	8
2646	18
2647	13
2648	9
2649	19
2650	13
2651	11
2652	9
2653	14
2654	15
2655	13
2656	16
2657	12
2658	14
2659	13
2660	14
2661	8
2662	16
2663	15
2664	13
2665	17
2666	9
2667	12
2668	20
2669	15
2670	13
2671	10
2672	10
2673	11
2674	17
2675	12
2676	12
2677	11
2678	21
2679	10
2680	16
2681	14
2682	13
2683	12
2684	16
2685	14
2686	9
2687	15
2688	11
2689	17
2690	10
2691	10
2692	17
2693	14
2694	13
2695	11
2696	11
2697	7
2698	12
2699	15
2700	15
2701	17
2702	7
2703	10
2704	7
2705	8
2706	12
2707	14
2708	16
2709	5
2710	11
2711	6
2712	11
2713	11
2714	15
2715	17
2716	17
2717	8
2718	8
2719	14
2720	9
2721	7
2722	8
2723	16
2724	15
2725	12
2726	16
2727	6
2728	6
2729	10
2730	6
2731	11
2732	13
2733	8
2734	12
2735	9
2736	14
2737	10
2738	16
2739	12
2740	13
2741	8
2742	17
2743	13
2744	11
2745	16
2746	5
2747	17
2748	11
2749	6
2750	8
2751	7
2752	10
2753	19
2754	19
2755	4
2756	14
2757	13
2758	21
2759	6
2760	8
2761	9
2762	12
2763	10
2764	8
2765	8
2766	14
2767	14
2768	8
2769	23
2770	9
2771	11
2772	8
2773	8
2774	8
2775	2
2776	10
2777	9
2778	8
2779	14
2780	9
2781	8
2782	10
2783	18
2784	11
2785	8
2786	10
2787	10
2788	12
2789	8
2790	15
2791	8
2792	7
2793	13
2794	9
2795	11
2796	12
2797	8
2798	11
2799	7
2800	8
2801	7
2802	10
2803	10
2804	10
2805	5
2806	8
2807	10
2808	10
2809	12
2810	9
2811	15
2812	12
2813	5
2814	8
2815	3
2816	10
2817	10
2818	12
2819	8
2820	6
2821	9
2822	12
2823	9
2824	10
2825	14
2826	8
2827	12
2828	16
2829	12
2830	14
2831	10
2832	5
2833	8
2834	5
2835	18
2836	7
2837	5
2838	17
2839	5
2840	12
2841	9
2842	7
2843	13
2844	10
2845	7
2846	10
2847	5
2848	15
2849	6
2850	10
2851	6
2852	21
2853	5
2854	10
2855	8
2856	11
2857	5
2858	8
2859	9
2860	10
2861	13
2862	5
2863	5
2864	12
2865	12
2866	9
2867	12
2868	10
2869	5
2870	13
2871	8
2872	6
2873	13
2874	10
2875	6
2876	10
2877	10
2878	9
2879	8
2880	14
2881	4
2882	9
2883	15
2884	4
2885	8
2886	14
2887	11
2888	13
2889	5
2890	7
2891	9
2892	8
2893	8
2894	9
2895	6
2896	7
2897	12
2898	11
2899	17
2900	15
2901	11
2902	11
2903	6
2904	16
2905	17
2906	16
2907	16
2908	6
2909	8
2910	9
2911	8
2912	7
2913	8
2914	7
2915	15
2916	12
2917	9
2918	16
2919	6
2920	6
2921	8
2922	5
2923	5
2924	11
2925	14
2926	6
2927	2
2928	5
2929	14
2930	9
2931	10
2932	13
2933	7
2934	11
2935	8
2936	10
2937	12
2938	7
2939	8
2940	9
2941	8
2942	10
2943	11
2944	6
2945	6
2946	7
2947	8
2948	11
2949	2
2950	7
2951	6
2952	10
2953	10
2954	7
2955	6
2956	10
2957	9
2958	6
2959	6
2960	12
2961	14
2962	6
2963	13
2964	4
2965	4
2966	12
2967	7
2968	11
2969	10
2970	7
2971	6
2972	11
2973	9
2974	10
2975	6
2976	6
2977	7
2978	6
2979	6
2980	11
2981	6
2982	12
2983	5
2984	8
2985	7
2986	7
2987	11
2988	8
2989	5
2990	8
2991	6
2992	7
2993	4
2994	6
2995	6
2996	9
2997	10
2998	20
2999	8
3000	5
3001	8
3002	5
3003	16
3004	10
3005	9
3006	5
3007	3
3008	9
3009	4
3010	6
3011	5
3012	12
3013	4
3014	14
3015	4
3016	4
3017	17
3018	8
3019	9
3020	6
3021	10
3022	8
3023	6
3024	7
3025	3
3026	11
3027	6
3028	16
3029	3
3030	11
3031	6
3032	5
3033	13
3034	2
3035	6
3036	4
3037	10
3038	6
3039	1
3040	7
3041	6
3042	3
3043	9
3044	6
3045	4
3046	10
3047	5
3048	5
3049	5
3050	7
3051	10
3052	11
3053	8
3054	6
3055	6
3056	9
3057	4
3058	10
3059	6
3060	5
3061	5
3062	12
3063	3
3064	2
3065	5
3066	9
3067	3
3068	9
3069	7
3070	4
3071	6
3072	8
3073	4
3074	6
3075	5
3076	8
3077	2
3078	8
3079	7
3080	3
3081	6
3082	10
3083	7
3084	6
3085	6
3086	3
3087	6
3088	4
3089	9
3090	7
3091	9
3092	9
3093	9
3094	8
3095	9
3096	3
3097	9
3098	2
3099	8
3100	6
3101	7
3102	7
3103	2
3104	10
3105	6
3106	8
3107	4
3108	4
3109	0
3110	8
3111	5
3112	3
3113	9
3114	3
3115	8
3116	7
3117	4
3118	5
3119	7
3120	6
3121	5
3122	8
3123	6
3124	4
3125	7
3126	3
3127	4
3128	6
3129	2
3130	2
3131	11
3132	3
3133	4
3134	6
3135	5
3136	2
3137	7
3138	8
3139	6
3140	7
3141	1
3142	9
3143	5
3144	11
3145	7
3146	2
3147	2
3148	8
3149	6
3150	10
3151	4
3152	8
3153	6
3154	1
3155	9
3156	8
3157	4
3158	10
3159	4
3160	5
3161	9
3162	3
3163	8
3164	7
3165	8
3166	8
3167	5
3168	3
3169	0
3170	7
3171	5
3172	9
3173	9
3174	8
3175	6
3176	10
3177	3
3178	4
3179	3
3180	7
3181	8
3182	2
3183	3
3184	3
3185	3
3186	3
3187	10
3188	3
3189	0
3190	4
3191	5
3192	9
3193	12
3194	2
3195	6
3196	4
3197	6
3198	7
3199	7
3200	4
3201	2
3202	7
3203	8
3204	4
3205	4
3206	10
3207	4
3208	6
3209	6
3210	7
3211	1
3212	6
3213	7
3214	6
3215	5
3216	4
3217	7
3218	3
3219	1
3220	8
3221	3
3222	6
3223	5
3224	9
3225	7
3226	4
3227	8
3228	3
3229	3
3230	6
3231	7
3232	7
3233	6
3234	5
3235	6
3236	3
3237	5
3238	9
3239	1
3240	5
3241	3
3242	4
3243	4
3244	5
3245	3
3246	5
3247	2
3248	4
3249	1
3250	2
3251	5
3252	4
3253	2
3254	6
3255	8
3256	5
3257	2
3258	6
3259	3
3260	4
3261	4
3262	1
3263	4
3264	2
3265	4
3266	2
3267	5
3268	8
3269	5
3270	6
3271	2
3272	2
3273	5
3274	3
3275	2
3276	4
3277	3
3278	3
3279	5
3280	3
3281	6
3282	3
3283	4
3284	7
3285	3
3286	6
3287	6
3288	4
3289	5
3290	6
3291	8
3292	2
3293	4
3294	3
3295	3
3296	5
3297	2
3298	6
3299	2
3300	4
3301	4
3302	5
3303	4
3304	4
3305	8
3306	4
3307	3
3308	3
3309	4
3310	3
3311	8
3312	0
3313	4
3314	6
3315	2
3316	2
3317	3
3318	3
3319	1
3320	8
3321	0
3322	0
3323	4
3324	2
3325	3
3326	6
3327	6
3328	5
3329	2
3330	8
3331	5
3332	5
3333	2
3334	9
3335	6
3336	6
3337	4
3338	0
3339	8
3340	2
3341	5
3342	3
3343	3
3344	6
3345	4
3346	3
3347	6
3348	6
3349	1
3350	4
3351	4
3352	4
3353	6
3354	1
3355	7
3356	1
3357	4
3358	5
3359	2
3360	4
3361	4
3362	5
3363	3
3364	6
3365	6
3366	1
3367	3
3368	8
3369	4
3370	2
3371	1
3372	5
3373	3
3374	7
3375	3
3376	4
3377	3
3378	6
3379	3
3380	6
3381	4
3382	4
3383	5
3384	5
3385	7
3386	2
3387	4
3388	1
3389	4
3390	5
3391	5
3392	2
3393	2
3394	5
3395	4
3396	4
3397	3
3398	1
3399	3
3400	6
3401	5
3402	1
3403	2
3404	5
3405	3
3406	0
3407	4
3408	1
3409	7
3410	3
3411	6
3412	3
3413	5
3414	3
3415	3
3416	3
3417	4
3418	4
3419	3
3420	5
3421	3
3422	9
3423	1
3424	1
3425	4
3426	6
3427	4
3428	1
3429	4
3430	4
3431	1
3432	5
3433	4
3434	1
3435	3
3436	3
3437	4
3438	2
3439	3
3440	2
3441	1
3442	3
3443	5
3444	5
3445	1
3446	1
3447	1
3448	4
3449	3
3450	3
3451	4
3452	2
3453	3
3454	2
3455	3
3456	3
3457	2
3458	3
3459	4
3460	4
3461	0
3462	3
3463	3
3464	1
3465	3
3466	0
3467	2
3468	5
3469	2
3470	2
3471	2
3472	1
3473	5
3474	4
3475	2
3476	2
3477	1
3478	2
3479	1
3480	3
3481	2
3482	2
3483	2
3484	4
3485	5
3486	1
3487	0
3488	3
3489	1
3490	3
3491	2
3492	3
3493	2
3494	1
3495	3
3496	1
3497	5
3498	1
3499	4
3500	4
3501	3
3502	3
3503	3
3504	4
3505	2
3506	3
3507	3
3508	2
3509	1
3510	3
3511	4
3512	0
3513	1
3514	3
3515	2
3516	3
3517	4
3518	5
3519	1
3520	2
3521	1
3522	4
3523	3
3524	4
3525	1
3526	2
3527	2
3528	1
3529	6
3530	5
3531	3
3532	4
3533	3
3534	3
3535	2
3536	6
3537	2
3538	1
3539	0
3540	1
3541	1
3542	2
3543	2
3544	1
3545	4
3546	2
3547	2
3548	4
3549	2
3550	2
3551	2
3552	0
3553	3
3554	1
3555	5
3556	3
3557	0
3558	3
3559	2
3560	1
3561	2
3562	4
3563	3
3564	1
3565	5
3566	2
3567	1
3568	1
3569	1
3570	6
3571	2
3572	3
3573	2
3574	2
3575	2
3576	5
3577	2
3578	1
3579	3
3580	0
3581	2
3582	0
3583	2
3584	2
3585	2
3586	3
3587	5
3588	3
3589	4
3590	4
3591	3
3592	1
3593	4
3594	3
3595	5
3596	1
3597	2
3598	1
3599	3
3600	0
3601	2
3602	1
3603	4
3604	0
3605	0
3606	2
3607	1
3608	5
3609	3
3610	0
3611	1
3612	1
3613	0
3614	0
3615	4
3616	3
3617	4
3618	1
3619	3
3620	2
3621	0
3622	2
3623	3
3624	1
3625	0
3626	2
3627	1
3628	4
3629	2
3630	1
3631	0
3632	2
3633	2
3634	5
3635	0
3636	1
3637	0
3638	1
3639	3
3640	1
3641	1
3642	2
3643	0
3644	1
3645	4
3646	1
3647	3
3648	1
3649	2
3650	4
3651	0
3652	3
3653	0
3654	3
3655	1
3656	1
3657	3
3658	1
3659	3
3660	5
3661	3
3662	3
3663	2
3664	0
3665	1
3666	2
3667	1
3668	1
3669	0
3670	1
3671	1
3672	2
3673	2
3674	2
3675	2
3676	5
3677	4
3678	3
3679	1
3680	0
3681	0
3682	1
3683	1
3684	0
3685	2
3686	2
3687	3
3688	0
3689	2
3690	1
3691	3
3692	3
3693	1
3694	2
3695	2
3696	1
3697	0
3698	0
3699	1
3700	3
3701	2
3702	0
3703	3
3704	2
3705	1
3706	2
3707	0
3708	4
3709	0
3710	0
3711	2
3712	4
3713	0
3714	0
3715	2
3716	0
3717	0
3718	0
3719	0
3720	2
3721	3
3722	1
3723	0
3724	1
3725	1
3726	4
3727	1
3728	1
3729	1
3730	2
3731	2
3732	1
3733	2
3734	1
3735	2
3736	0
3737	5
3738	1
3739	0
3740	1
3741	1
3742	0
3743	1
3744	2
3745	0
3746	1
3747	0
3748	2
3749	1
3750	0
3751	0
3752	0
3753	1
3754	1
3755	1
3756	0
3757	1
3758	1
3759	0
3760	0
3761	2
3762	0
3763	0
3764	1
3765	2
3766	1
3767	0
3768	2
3769	3
3770	1
3771	0
3772	3
3773	2
3774	1
3775	0
3776	1
3777	0
3778	1
3779	0
3780	0
3781	0
3782	0
3783	1
3784	2
3785	1
3786	0
3787	1
3788	1
3789	0
3790	0
3791	0
3792	1
3793	2
3794	1
3795	0
3796	1
3797	1
3798	0
3799	0
3800	1
3801	1
3802	1
3803	2
3804	2
3805	3
3806	0
3807	3
3808	0
3809	2
3810	0
3811	0
3812	1
3813	0
3814	1
3815	1
3816	1
3817	0
3818	0
3819	1
3820	1
3821	0
3822	1
3823	0
3824	1
3825	0
3826	2
3827	1
3828	0
3829	0
3830	3
3831	2
3832	0
3833	0
3834	0
3835	3
3836	0
3837	0
3838	1
3839	0
3840	4
3841	1
3842	1
3843	1
3844	0
3845	0
3846	1
3847	0
3848	1
3849	0
3850	1
3851	1
3852	1
3853	2
3854	2
3855	1
3856	0
3857	0
3858	0
3859	0
3860	1
3861	0
3862	1
3863	0
3864	2
3865	1
3866	0
3867	0
3868	0
3869	0
3870	0
3871	2
3872	0
3873	0
3874	0
3875	0
3876	0
3877	1
3878	0
3879	0
3880	0
3881	2
3882	1
3883	1
3884	2
3885	0
3886	0
3887	1
3888	0
3889	0
3890	1
3891	1
3892	0
3893	0
3894	1
3895	0
3896	1
3897	0
3898	0
3899	1
3900	1
3901	1
3902	1
3903	0
3904	1
3905	1
3906	0
3907	0
3908	1
3909	0
3910	0
3911	1
3912	0
3913	1
3914	1
3915	0
3916	2
3917	0
3918	0
3919	0
3920	1
3921	0
3922	2
3923	1
3924	2
3925	0
3926	0
3927	0
3928	1
3929	0
3930	0
3931	0
3932	0
3933	2
3934	0
3935	0
3936	0
3937	0
3938	0
3939	0
3940	0
3941	1
3942	0
3943	0
3944	1
3945	0
3946	0
3947	0
3948	0
3949	0
3950	0
3951	0
3952	0
3953	1
3954	0
3955	0
3956	0
3957	0
3958	0
3959	0
3960	0
3961	0
3962	0
3963	1
3964	0
3965	1
3966	0
3967	0
3968	1
3969	0
3970	0
3971	0
3972	0
3973	0
3974	0
3975	0
3976	0
3977	0
3978	0
3979	0
3980	0
3981	0
3982	0
3983	0
3984	0
3985	0
3986	0
3987	0
3988	1
3989	0
3990	0
3991	0
3992	0
3993	0
3994	0
3995	1
3996	1
3997	0
3998	1
3999	0
4000	0
