Channel number	Impulses
Channel/#	Impulses/#

0	0
1	0
2	0
3	0
4	0
5	0
6	0
7	0
8	0
9	0
10	0
11	0
12	0
13	0
14	0
15	0
16	0
17	0
18	0
19	0
20	0
21	0
22	0
23	0
24	0
25	0
26	0
27	0
28	0
29	0
30	0
31	0
32	0
33	0
34	0
35	0
36	0
37	0
38	0
39	0
40	0
41	0
42	1
43	0
44	0
45	2
46	0
47	0
48	2
49	10
50	5
51	8
52	10
53	19
54	14
55	11
56	9
57	10
58	8
59	12
60	7
61	15
62	14
63	24
64	6
65	8
66	12
67	14
68	16
69	9
70	17
71	11
72	9
73	13
74	8
75	8
76	8
77	6
78	8
79	9
80	5
81	9
82	6
83	12
84	5
85	8
86	13
87	7
88	6
89	12
90	10
91	13
92	9
93	7
94	8
95	15
96	7
97	8
98	5
99	13
100	4
101	11
102	8
103	14
104	7
105	12
106	7
107	9
108	13
109	5
110	11
111	10
112	4
113	1
114	7
115	5
116	10
117	3
118	6
119	9
120	3
121	5
122	9
123	12
124	10
125	4
126	12
127	9
128	3
129	6
130	11
131	11
132	9
133	7
134	5
135	12
136	5
137	12
138	4
139	10
140	9
141	13
142	6
143	13
144	7
145	7
146	4
147	9
148	7
149	10
150	15
151	9
152	4
153	4
154	6
155	7
156	7
157	6
158	4
159	12
160	4
161	11
162	7
163	6
164	7
165	9
166	5
167	16
168	5
169	3
170	6
171	3
172	5
173	4
174	10
175	5
176	1
177	1
178	4
179	4
180	4
181	4
182	10
183	7
184	6
185	9
186	4
187	6
188	4
189	7
190	3
191	15
192	6
193	6
194	10
195	8
196	6
197	8
198	6
199	5
200	6
201	7
202	4
203	2
204	1
205	5
206	7
207	9
208	3
209	2
210	3
211	7
212	8
213	9
214	6
215	7
216	6
217	11
218	3
219	7
220	5
221	4
222	5
223	8
224	3
225	1
226	5
227	7
228	7
229	5
230	4
231	6
232	6
233	3
234	4
235	5
236	8
237	9
238	6
239	3
240	6
241	5
242	5
243	9
244	7
245	4
246	3
247	5
248	6
249	6
250	5
251	8
252	7
253	8
254	6
255	10
256	1
257	7
258	11
259	5
260	4
261	6
262	3
263	1
264	1
265	2
266	4
267	6
268	3
269	3
270	3
271	8
272	2
273	8
274	3
275	4
276	5
277	4
278	7
279	4
280	1
281	7
282	3
283	7
284	3
285	3
286	7
287	8
288	2
289	5
290	4
291	5
292	5
293	4
294	3
295	3
296	4
297	12
298	5
299	3
300	7
301	5
302	6
303	12
304	2
305	4
306	5
307	6
308	0
309	7
310	4
311	6
312	1
313	8
314	5
315	3
316	6
317	0
318	4
319	3
320	0
321	3
322	3
323	8
324	8
325	2
326	7
327	2
328	1
329	3
330	5
331	3
332	3
333	3
334	2
335	7
336	2
337	7
338	6
339	4
340	6
341	3
342	5
343	4
344	2
345	8
346	5
347	4
348	5
349	3
350	1
351	6
352	4
353	7
354	3
355	4
356	7
357	3
358	5
359	3
360	2
361	7
362	5
363	1
364	3
365	4
366	7
367	5
368	3
369	2
370	4
371	4
372	4
373	4
374	3
375	5
376	1
377	3
378	5
379	4
380	1
381	5
382	4
383	6
384	0
385	1
386	2
387	3
388	4
389	2
390	4
391	6
392	1
393	2
394	3
395	6
396	3
397	0
398	6
399	3
400	2
401	3
402	5
403	12
404	5
405	2
406	5
407	5
408	4
409	5
410	2
411	7
412	1
413	7
414	2
415	5
416	1
417	7
418	5
419	8
420	3
421	5
422	3
423	4
424	4
425	5
426	6
427	5
428	2
429	8
430	3
431	1
432	3
433	6
434	2
435	3
436	2
437	3
438	3
439	6
440	5
441	2
442	1
443	1
444	7
445	3
446	5
447	8
448	0
449	3
450	3
451	5
452	3
453	1
454	1
455	4
456	5
457	6
458	4
459	0
460	5
461	4
462	8
463	1
464	2
465	4
466	6
467	4
468	3
469	4
470	5
471	3
472	6
473	2
474	4
475	4
476	2
477	1
478	1
479	4
480	3
481	1
482	3
483	1
484	1
485	2
486	7
487	3
488	2
489	7
490	2
491	4
492	2
493	5
494	5
495	4
496	3
497	4
498	5
499	1
500	2
501	8
502	4
503	1
504	5
505	4
506	2
507	1
508	4
509	6
510	7
511	5
512	0
513	3
514	1
515	11
516	0
517	5
518	3
519	4
520	1
521	4
522	1
523	2
524	3
525	3
526	3
527	5
528	2
529	2
530	6
531	3
532	4
533	2
534	5
535	3
536	1
537	4
538	4
539	5
540	5
541	3
542	2
543	8
544	2
545	4
546	1
547	2
548	4
549	8
550	2
551	1
552	1
553	4
554	2
555	4
556	0
557	6
558	0
559	7
560	3
561	1
562	3
563	2
564	0
565	4
566	1
567	2
568	4
569	7
570	4
571	6
572	0
573	1
574	8
575	8
576	1
577	5
578	3
579	3
580	5
581	7
582	4
583	3
584	1
585	6
586	5
587	5
588	2
589	4
590	2
591	3
592	5
593	0
594	3
595	4
596	0
597	2
598	2
599	3
600	4
601	4
602	5
603	4
604	2
605	5
606	1
607	5
608	7
609	1
610	4
611	2
612	4
613	3
614	2
615	5
616	2
617	3
618	5
619	1
620	5
621	3
622	3
623	3
624	1
625	2
626	3
627	6
628	2
629	3
630	6
631	3
632	3
633	5
634	0
635	3
636	3
637	2
638	6
639	7
640	1
641	1
642	5
643	4
644	2
645	4
646	3
647	3
648	1
649	3
650	5
651	7
652	8
653	2
654	1
655	2
656	5
657	2
658	5
659	2
660	2
661	5
662	4
663	5
664	1
665	6
666	1
667	0
668	3
669	0
670	2
671	4
672	2
673	3
674	7
675	5
676	4
677	6
678	10
679	5
680	3
681	2
682	2
683	8
684	1
685	2
686	4
687	3
688	1
689	7
690	2
691	6
692	0
693	2
694	2
695	3
696	0
697	4
698	1
699	4
700	2
701	1
702	1
703	3
704	1
705	4
706	6
707	4
708	3
709	4
710	0
711	3
712	6
713	2
714	1
715	2
716	2
717	9
718	1
719	5
720	4
721	3
722	3
723	3
724	4
725	3
726	11
727	2
728	2
729	4
730	4
731	1
732	2
733	5
734	3
735	5
736	4
737	4
738	8
739	2
740	3
741	1
742	3
743	4
744	1
745	3
746	4
747	2
748	5
749	7
750	3
751	2
752	5
753	2
754	1
755	2
756	3
757	3
758	2
759	6
760	2
761	2
762	5
763	2
764	2
765	1
766	2
767	7
768	1
769	3
770	5
771	6
772	6
773	7
774	2
775	6
776	7
777	5
778	4
779	4
780	4
781	5
782	6
783	4
784	3
785	4
786	4
787	6
788	6
789	6
790	6
791	6
792	1
793	4
794	1
795	4
796	5
797	4
798	3
799	6
800	4
801	3
802	3
803	6
804	5
805	2
806	6
807	2
808	4
809	3
810	6
811	5
812	4
813	5
814	1
815	7
816	3
817	2
818	6
819	4
820	1
821	5
822	7
823	2
824	4
825	9
826	4
827	7
828	2
829	5
830	4
831	8
832	7
833	3
834	6
835	5
836	7
837	4
838	7
839	7
840	2
841	9
842	2
843	4
844	3
845	5
846	6
847	7
848	5
849	7
850	5
851	10
852	3
853	6
854	4
855	2
856	4
857	5
858	6
859	5
860	5
861	5
862	5
863	9
864	4
865	4
866	6
867	6
868	7
869	7
870	11
871	5
872	6
873	8
874	12
875	9
876	6
877	11
878	5
879	4
880	4
881	2
882	6
883	5
884	6
885	2
886	9
887	4
888	0
889	10
890	4
891	12
892	6
893	5
894	7
895	3
896	3
897	3
898	5
899	6
900	4
901	3
902	7
903	4
904	9
905	5
906	2
907	7
908	3
909	2
910	4
911	7
912	3
913	3
914	4
915	3
916	5
917	4
918	3
919	3
920	3
921	8
922	5
923	4
924	3
925	5
926	2
927	7
928	4
929	3
930	4
931	3
932	7
933	7
934	7
935	4
936	2
937	4
938	8
939	4
940	5
941	4
942	6
943	4
944	1
945	3
946	5
947	6
948	7
949	2
950	5
951	3
952	6
953	5
954	6
955	5
956	3
957	2
958	7
959	6
960	3
961	8
962	5
963	7
964	10
965	8
966	4
967	6
968	5
969	2
970	3
971	8
972	3
973	4
974	7
975	2
976	4
977	5
978	5
979	5
980	11
981	4
982	7
983	4
984	3
985	2
986	5
987	12
988	1
989	8
990	6
991	11
992	9
993	8
994	7
995	7
996	5
997	5
998	3
999	8
1000	8
1001	6
1002	4
1003	2
1004	6
1005	3
1006	4
1007	9
1008	3
1009	4
1010	8
1011	9
1012	2
1013	2
1014	11
1015	6
1016	4
1017	6
1018	3
1019	4
1020	6
1021	5
1022	7
1023	9
1024	4
1025	2
1026	5
1027	4
1028	3
1029	4
1030	8
1031	10
1032	4
1033	9
1034	4
1035	7
1036	7
1037	5
1038	6
1039	5
1040	3
1041	6
1042	10
1043	13
1044	2
1045	11
1046	6
1047	7
1048	2
1049	6
1050	7
1051	16
1052	5
1053	8
1054	8
1055	12
1056	3
1057	8
1058	5
1059	9
1060	5
1061	9
1062	11
1063	7
1064	4
1065	9
1066	7
1067	11
1068	7
1069	13
1070	7
1071	6
1072	4
1073	6
1074	9
1075	8
1076	7
1077	15
1078	12
1079	5
1080	3
1081	4
1082	11
1083	8
1084	5
1085	3
1086	10
1087	6
1088	4
1089	7
1090	7
1091	14
1092	3
1093	7
1094	11
1095	3
1096	4
1097	12
1098	6
1099	6
1100	6
1101	7
1102	4
1103	5
1104	6
1105	4
1106	5
1107	7
1108	6
1109	11
1110	7
1111	4
1112	4
1113	13
1114	11
1115	7
1116	7
1117	3
1118	11
1119	11
1120	5
1121	5
1122	8
1123	6
1124	6
1125	5
1126	3
1127	8
1128	5
1129	10
1130	5
1131	7
1132	3
1133	5
1134	5
1135	9
1136	6
1137	8
1138	7
1139	7
1140	3
1141	7
1142	12
1143	5
1144	8
1145	10
1146	5
1147	14
1148	9
1149	10
1150	6
1151	22
1152	4
1153	10
1154	8
1155	4
1156	13
1157	9
1158	13
1159	10
1160	8
1161	5
1162	8
1163	15
1164	7
1165	10
1166	10
1167	7
1168	2
1169	7
1170	7
1171	10
1172	5
1173	8
1174	7
1175	10
1176	4
1177	12
1178	6
1179	9
1180	9
1181	16
1182	10
1183	11
1184	6
1185	4
1186	8
1187	6
1188	12
1189	1
1190	8
1191	11
1192	9
1193	17
1194	16
1195	9
1196	11
1197	9
1198	12
1199	13
1200	10
1201	14
1202	4
1203	10
1204	9
1205	6
1206	9
1207	10
1208	10
1209	12
1210	6
1211	18
1212	8
1213	8
1214	9
1215	17
1216	12
1217	11
1218	14
1219	18
1220	14
1221	18
1222	7
1223	7
1224	14
1225	9
1226	11
1227	9
1228	12
1229	15
1230	14
1231	16
1232	10
1233	10
1234	17
1235	13
1236	16
1237	5
1238	8
1239	8
1240	10
1241	11
1242	5
1243	15
1244	19
1245	9
1246	16
1247	20
1248	8
1249	10
1250	8
1251	10
1252	11
1253	8
1254	17
1255	18
1256	15
1257	10
1258	8
1259	14
1260	17
1261	10
1262	12
1263	11
1264	9
1265	17
1266	16
1267	14
1268	12
1269	13
1270	16
1271	8
1272	11
1273	20
1274	6
1275	16
1276	16
1277	16
1278	11
1279	21
1280	4
1281	14
1282	16
1283	8
1284	14
1285	17
1286	11
1287	12
1288	8
1289	16
1290	11
1291	14
1292	12
1293	16
1294	16
1295	15
1296	15
1297	12
1298	15
1299	18
1300	11
1301	13
1302	9
1303	11
1304	5
1305	20
1306	11
1307	18
1308	17
1309	22
1310	13
1311	23
1312	18
1313	15
1314	7
1315	14
1316	11
1317	9
1318	8
1319	9
1320	7
1321	13
1322	11
1323	20
1324	19
1325	14
1326	17
1327	10
1328	16
1329	14
1330	22
1331	13
1332	9
1333	8
1334	14
1335	12
1336	11
1337	9
1338	15
1339	16
1340	17
1341	17
1342	11
1343	15
1344	7
1345	13
1346	15
1347	23
1348	18
1349	15
1350	15
1351	10
1352	12
1353	12
1354	12
1355	17
1356	20
1357	10
1358	11
1359	16
1360	13
1361	12
1362	12
1363	17
1364	9
1365	7
1366	30
1367	15
1368	8
1369	23
1370	9
1371	18
1372	10
1373	16
1374	20
1375	16
1376	17
1377	12
1378	22
1379	19
1380	16
1381	12
1382	23
1383	15
1384	10
1385	8
1386	11
1387	26
1388	21
1389	14
1390	14
1391	14
1392	13
1393	12
1394	17
1395	24
1396	16
1397	12
1398	19
1399	23
1400	7
1401	15
1402	19
1403	16
1404	12
1405	20
1406	12
1407	25
1408	11
1409	16
1410	11
1411	16
1412	21
1413	12
1414	20
1415	12
1416	14
1417	13
1418	11
1419	21
1420	21
1421	11
1422	19
1423	18
1424	18
1425	17
1426	15
1427	16
1428	18
1429	17
1430	18
1431	18
1432	18
1433	17
1434	13
1435	18
1436	15
1437	10
1438	15
1439	26
1440	12
1441	8
1442	14
1443	21
1444	14
1445	13
1446	15
1447	8
1448	11
1449	22
1450	15
1451	14
1452	15
1453	12
1454	12
1455	15
1456	13
1457	18
1458	15
1459	27
1460	20
1461	18
1462	19
1463	15
1464	14
1465	20
1466	13
1467	17
1468	17
1469	22
1470	14
1471	18
1472	13
1473	17
1474	21
1475	14
1476	19
1477	21
1478	19
1479	17
1480	21
1481	16
1482	13
1483	20
1484	21
1485	24
1486	16
1487	17
1488	9
1489	23
1490	25
1491	19
1492	17
1493	13
1494	18
1495	13
1496	16
1497	28
1498	15
1499	18
1500	19
1501	19
1502	27
1503	24
1504	19
1505	16
1506	13
1507	19
1508	23
1509	19
1510	17
1511	18
1512	15
1513	22
1514	13
1515	19
1516	20
1517	20
1518	24
1519	18
1520	20
1521	14
1522	24
1523	16
1524	25
1525	10
1526	22
1527	15
1528	20
1529	17
1530	19
1531	28
1532	12
1533	3
1534	17
1535	19
1536	7
1537	23
1538	15
1539	19
1540	15
1541	21
1542	14
1543	17
1544	18
1545	24
1546	19
1547	20
1548	14
1549	15
1550	16
1551	19
1552	19
1553	16
1554	24
1555	24
1556	13
1557	14
1558	27
1559	24
1560	13
1561	19
1562	18
1563	21
1564	25
1565	16
1566	18
1567	30
1568	5
1569	26
1570	17
1571	35
1572	26
1573	17
1574	21
1575	26
1576	14
1577	23
1578	14
1579	21
1580	26
1581	18
1582	24
1583	14
1584	15
1585	25
1586	17
1587	23
1588	18
1589	17
1590	27
1591	26
1592	18
1593	27
1594	11
1595	17
1596	16
1597	21
1598	24
1599	25
1600	19
1601	24
1602	21
1603	20
1604	22
1605	19
1606	29
1607	12
1608	8
1609	31
1610	30
1611	26
1612	28
1613	16
1614	19
1615	26
1616	11
1617	19
1618	18
1619	20
1620	31
1621	17
1622	34
1623	15
1624	27
1625	28
1626	18
1627	26
1628	17
1629	14
1630	20
1631	27
1632	20
1633	24
1634	17
1635	16
1636	26
1637	24
1638	20
1639	18
1640	13
1641	18
1642	15
1643	19
1644	29
1645	21
1646	18
1647	32
1648	24
1649	25
1650	14
1651	31
1652	24
1653	21
1654	24
1655	26
1656	25
1657	28
1658	14
1659	22
1660	19
1661	20
1662	29
1663	32
1664	13
1665	19
1666	26
1667	24
1668	18
1669	24
1670	23
1671	22
1672	19
1673	25
1674	27
1675	27
1676	34
1677	19
1678	25
1679	22
1680	22
1681	20
1682	20
1683	22
1684	28
1685	14
1686	28
1687	23
1688	21
1689	22
1690	21
1691	41
1692	24
1693	24
1694	18
1695	23
1696	19
1697	26
1698	27
1699	22
1700	31
1701	22
1702	26
1703	29
1704	13
1705	20
1706	24
1707	31
1708	29
1709	21
1710	27
1711	18
1712	24
1713	17
1714	29
1715	29
1716	25
1717	14
1718	21
1719	22
1720	17
1721	37
1722	15
1723	29
1724	21
1725	22
1726	23
1727	23
1728	18
1729	31
1730	31
1731	40
1732	28
1733	21
1734	28
1735	22
1736	16
1737	27
1738	18
1739	19
1740	37
1741	28
1742	23
1743	28
1744	23
1745	29
1746	37
1747	21
1748	23
1749	30
1750	32
1751	24
1752	21
1753	31
1754	23
1755	24
1756	19
1757	23
1758	38
1759	44
1760	20
1761	27
1762	31
1763	23
1764	26
1765	34
1766	38
1767	34
1768	23
1769	36
1770	25
1771	36
1772	37
1773	31
1774	34
1775	35
1776	19
1777	19
1778	33
1779	32
1780	42
1781	25
1782	33
1783	31
1784	26
1785	38
1786	31
1787	40
1788	36
1789	36
1790	27
1791	32
1792	13
1793	33
1794	28
1795	36
1796	39
1797	32
1798	29
1799	27
1800	32
1801	49
1802	22
1803	37
1804	30
1805	37
1806	32
1807	25
1808	47
1809	39
1810	28
1811	36
1812	26
1813	32
1814	41
1815	26
1816	34
1817	54
1818	34
1819	45
1820	32
1821	42
1822	48
1823	42
1824	43
1825	43
1826	33
1827	44
1828	49
1829	40
1830	55
1831	46
1832	41
1833	51
1834	37
1835	45
1836	57
1837	41
1838	39
1839	40
1840	50
1841	35
1842	52
1843	57
1844	52
1845	44
1846	60
1847	58
1848	58
1849	68
1850	42
1851	65
1852	65
1853	71
1854	56
1855	47
1856	55
1857	58
1858	59
1859	68
1860	72
1861	63
1862	89
1863	60
1864	66
1865	92
1866	63
1867	78
1868	91
1869	68
1870	84
1871	77
1872	70
1873	90
1874	103
1875	98
1876	101
1877	69
1878	120
1879	76
1880	101
1881	106
1882	83
1883	103
1884	100
1885	90
1886	110
1887	125
1888	105
1889	106
1890	119
1891	114
1892	132
1893	95
1894	148
1895	94
1896	129
1897	140
1898	99
1899	95
1900	146
1901	125
1902	117
1903	104
1904	109
1905	111
1906	114
1907	150
1908	123
1909	91
1910	132
1911	111
1912	122
1913	140
1914	104
1915	137
1916	144
1917	112
1918	115
1919	133
1920	112
1921	128
1922	123
1923	117
1924	158
1925	90
1926	138
1927	91
1928	128
1929	135
1930	103
1931	104
1932	146
1933	104
1934	96
1935	59
1936	110
1937	100
1938	102
1939	116
1940	94
1941	73
1942	109
1943	69
1944	99
1945	106
1946	85
1947	103
1948	85
1949	89
1950	94
1951	101
1952	78
1953	95
1954	93
1955	72
1956	101
1957	79
1958	107
1959	58
1960	73
1961	82
1962	74
1963	68
1964	107
1965	88
1966	60
1967	56
1968	80
1969	53
1970	69
1971	81
1972	61
1973	52
1974	82
1975	47
1976	61
1977	60
1978	58
1979	70
1980	57
1981	68
1982	66
1983	50
1984	52
1985	71
1986	56
1987	53
1988	52
1989	52
1990	75
1991	31
1992	43
1993	62
1994	46
1995	42
1996	53
1997	59
1998	55
1999	44
2000	54
2001	49
2002	60
2003	62
2004	54
2005	42
2006	49
2007	24
2008	41
2009	47
2010	38
2011	31
2012	42
2013	32
2014	49
2015	44
2016	35
2017	41
2018	45
2019	30
2020	39
2021	21
2022	39
2023	26
2024	38
2025	49
2026	28
2027	29
2028	50
2029	34
2030	34
2031	32
2032	23
2033	24
2034	34
2035	34
2036	38
2037	21
2038	39
2039	22
2040	34
2041	28
2042	28
2043	40
2044	27
2045	28
2046	36
2047	17
2048	20
2049	24
2050	18
2051	19
2052	23
2053	27
2054	31
2055	24
2056	29
2057	26
2058	17
2059	29
2060	24
2061	25
2062	18
2063	18
2064	14
2065	17
2066	27
2067	33
2068	18
2069	26
2070	28
2071	25
2072	23
2073	26
2074	23
2075	13
2076	12
2077	27
2078	30
2079	31
2080	18
2081	18
2082	27
2083	23
2084	26
2085	26
2086	31
2087	28
2088	18
2089	25
2090	19
2091	20
2092	32
2093	22
2094	26
2095	23
2096	25
2097	24
2098	27
2099	37
2100	37
2101	20
2102	30
2103	42
2104	18
2105	46
2106	20
2107	32
2108	28
2109	29
2110	29
2111	26
2112	35
2113	31
2114	33
2115	29
2116	27
2117	26
2118	31
2119	34
2120	32
2121	46
2122	18
2123	40
2124	34
2125	39
2126	37
2127	38
2128	21
2129	26
2130	29
2131	46
2132	31
2133	25
2134	44
2135	34
2136	40
2137	34
2138	32
2139	32
2140	33
2141	39
2142	36
2143	48
2144	37
2145	29
2146	35
2147	48
2148	35
2149	21
2150	53
2151	41
2152	32
2153	40
2154	23
2155	34
2156	47
2157	30
2158	39
2159	31
2160	29
2161	45
2162	23
2163	37
2164	32
2165	27
2166	49
2167	43
2168	31
2169	30
2170	29
2171	50
2172	28
2173	29
2174	27
2175	38
2176	19
2177	25
2178	25
2179	31
2180	33
2181	29
2182	40
2183	27
2184	46
2185	34
2186	18
2187	24
2188	35
2189	53
2190	23
2191	35
2192	27
2193	23
2194	29
2195	35
2196	25
2197	28
2198	31
2199	21
2200	29
2201	29
2202	20
2203	34
2204	30
2205	32
2206	25
2207	30
2208	17
2209	31
2210	21
2211	22
2212	27
2213	21
2214	20
2215	20
2216	17
2217	33
2218	23
2219	11
2220	30
2221	22
2222	20
2223	20
2224	21
2225	20
2226	18
2227	21
2228	25
2229	13
2230	18
2231	23
2232	14
2233	27
2234	20
2235	25
2236	24
2237	23
2238	17
2239	10
2240	17
2241	24
2242	29
2243	18
2244	18
2245	20
2246	29
2247	14
2248	18
2249	31
2250	19
2251	24
2252	22
2253	20
2254	25
2255	24
2256	16
2257	19
2258	17
2259	23
2260	16
2261	14
2262	18
2263	12
2264	23
2265	22
2266	15
2267	17
2268	22
2269	16
2270	16
2271	19
2272	8
2273	18
2274	25
2275	9
2276	19
2277	15
2278	20
2279	19
2280	11
2281	19
2282	18
2283	13
2284	16
2285	14
2286	9
2287	16
2288	6
2289	7
2290	17
2291	22
2292	13
2293	10
2294	15
2295	17
2296	11
2297	19
2298	9
2299	21
2300	16
2301	14
2302	16
2303	11
2304	23
2305	11
2306	17
2307	19
2308	22
2309	11
2310	14
2311	10
2312	17
2313	12
2314	9
2315	14
2316	12
2317	11
2318	9
2319	11
2320	14
2321	12
2322	11
2323	9
2324	9
2325	10
2326	16
2327	17
2328	14
2329	10
2330	11
2331	19
2332	14
2333	13
2334	15
2335	11
2336	12
2337	13
2338	13
2339	15
2340	22
2341	11
2342	14
2343	9
2344	11
2345	21
2346	7
2347	14
2348	9
2349	15
2350	14
2351	8
2352	7
2353	8
2354	10
2355	12
2356	12
2357	10
2358	11
2359	10
2360	6
2361	14
2362	13
2363	12
2364	11
2365	9
2366	15
2367	12
2368	15
2369	6
2370	16
2371	17
2372	14
2373	12
2374	14
2375	9
2376	12
2377	15
2378	8
2379	10
2380	7
2381	10
2382	11
2383	14
2384	10
2385	14
2386	9
2387	16
2388	9
2389	8
2390	8
2391	8
2392	16
2393	12
2394	15
2395	8
2396	9
2397	9
2398	16
2399	9
2400	15
2401	12
2402	21
2403	12
2404	21
2405	3
2406	12
2407	11
2408	10
2409	11
2410	6
2411	4
2412	7
2413	9
2414	7
2415	10
2416	11
2417	13
2418	6
2419	14
2420	10
2421	7
2422	8
2423	14
2424	11
2425	14
2426	18
2427	10
2428	12
2429	15
2430	5
2431	7
2432	9
2433	8
2434	11
2435	11
2436	19
2437	4
2438	8
2439	5
2440	10
2441	11
2442	11
2443	6
2444	13
2445	11
2446	4
2447	7
2448	6
2449	5
2450	10
2451	9
2452	8
2453	6
2454	10
2455	6
2456	20
2457	15
2458	5
2459	15
2460	10
2461	6
2462	7
2463	10
2464	12
2465	10
2466	11
2467	11
2468	10
2469	10
2470	14
2471	10
2472	10
2473	12
2474	6
2475	14
2476	11
2477	11
2478	11
2479	10
2480	22
2481	9
2482	11
2483	11
2484	14
2485	4
2486	10
2487	12
2488	12
2489	15
2490	9
2491	14
2492	14
2493	11
2494	10
2495	5
2496	10
2497	13
2498	16
2499	7
2500	12
2501	8
2502	14
2503	6
2504	14
2505	13
2506	5
2507	8
2508	15
2509	7
2510	9
2511	13
2512	10
2513	6
2514	9
2515	15
2516	11
2517	7
2518	16
2519	6
2520	15
2521	16
2522	15
2523	11
2524	14
2525	14
2526	12
2527	10
2528	12
2529	12
2530	15
2531	11
2532	12
2533	9
2534	13
2535	10
2536	12
2537	16
2538	16
2539	13
2540	15
2541	10
2542	4
2543	6
2544	8
2545	11
2546	13
2547	13
2548	14
2549	10
2550	17
2551	9
2552	5
2553	7
2554	8
2555	9
2556	28
2557	11
2558	17
2559	9
2560	5
2561	10
2562	11
2563	6
2564	12
2565	8
2566	15
2567	15
2568	7
2569	6
2570	8
2571	12
2572	14
2573	12
2574	13
2575	7
2576	9
2577	14
2578	9
2579	12
2580	9
2581	8
2582	9
2583	12
2584	5
2585	16
2586	13
2587	10
2588	9
2589	5
2590	11
2591	11
2592	13
2593	12
2594	14
2595	10
2596	3
2597	9
2598	14
2599	7
2600	7
2601	10
2602	6
2603	10
2604	11
2605	9
2606	10
2607	9
2608	6
2609	13
2610	9
2611	10
2612	4
2613	4
2614	6
2615	5
2616	7
2617	10
2618	10
2619	11
2620	10
2621	11
2622	6
2623	7
2624	8
2625	9
2626	12
2627	9
2628	13
2629	3
2630	9
2631	8
2632	4
2633	4
2634	5
2635	7
2636	12
2637	4
2638	7
2639	7
2640	5
2641	6
2642	7
2643	11
2644	8
2645	8
2646	8
2647	7
2648	6
2649	8
2650	12
2651	13
2652	4
2653	10
2654	9
2655	9
2656	14
2657	10
2658	6
2659	13
2660	11
2661	4
2662	9
2663	10
2664	9
2665	4
2666	7
2667	9
2668	9
2669	10
2670	7
2671	4
2672	9
2673	8
2674	9
2675	5
2676	6
2677	8
2678	9
2679	10
2680	6
2681	7
2682	7
2683	13
2684	7
2685	6
2686	8
2687	5
2688	5
2689	5
2690	9
2691	4
2692	11
2693	5
2694	9
2695	8
2696	12
2697	11
2698	7
2699	6
2700	8
2701	9
2702	4
2703	6
2704	5
2705	3
2706	10
2707	4
2708	8
2709	5
2710	7
2711	7
2712	7
2713	5
2714	7
2715	7
2716	8
2717	4
2718	6
2719	5
2720	6
2721	6
2722	4
2723	4
2724	11
2725	5
2726	11
2727	4
2728	9
2729	7
2730	8
2731	2
2732	13
2733	6
2734	3
2735	6
2736	3
2737	6
2738	6
2739	8
2740	9
2741	9
2742	3
2743	7
2744	7
2745	9
2746	5
2747	9
2748	5
2749	8
2750	6
2751	2
2752	9
2753	8
2754	5
2755	4
2756	6
2757	7
2758	9
2759	1
2760	9
2761	6
2762	4
2763	8
2764	5
2765	12
2766	5
2767	3
2768	6
2769	11
2770	8
2771	6
2772	8
2773	2
2774	7
2775	5
2776	8
2777	6
2778	3
2779	7
2780	3
2781	6
2782	7
2783	9
2784	4
2785	8
2786	3
2787	6
2788	10
2789	1
2790	6
2791	4
2792	12
2793	7
2794	3
2795	9
2796	5
2797	7
2798	9
2799	7
2800	4
2801	4
2802	7
2803	9
2804	13
2805	4
2806	11
2807	2
2808	3
2809	5
2810	5
2811	6
2812	7
2813	6
2814	2
2815	4
2816	8
2817	4
2818	7
2819	0
2820	9
2821	6
2822	4
2823	1
2824	5
2825	8
2826	5
2827	7
2828	9
2829	9
2830	9
2831	5
2832	5
2833	5
2834	3
2835	4
2836	6
2837	3
2838	6
2839	5
2840	6
2841	6
2842	4
2843	10
2844	8
2845	3
2846	3
2847	2
2848	6
2849	5
2850	6
2851	9
2852	10
2853	6
2854	8
2855	4
2856	5
2857	3
2858	6
2859	5
2860	3
2861	3
2862	6
2863	5
2864	4
2865	5
2866	9
2867	6
2868	7
2869	8
2870	6
2871	9
2872	4
2873	9
2874	6
2875	8
2876	6
2877	6
2878	5
2879	2
2880	2
2881	3
2882	9
2883	8
2884	7
2885	3
2886	6
2887	7
2888	8
2889	5
2890	6
2891	7
2892	4
2893	5
2894	6
2895	7
2896	4
2897	2
2898	8
2899	7
2900	7
2901	3
2902	4
2903	3
2904	7
2905	5
2906	5
2907	7
2908	3
2909	4
2910	6
2911	4
2912	4
2913	7
2914	8
2915	3
2916	5
2917	4
2918	8
2919	4
2920	8
2921	7
2922	7
2923	5
2924	6
2925	2
2926	5
2927	6
2928	9
2929	5
2930	7
2931	5
2932	2
2933	2
2934	5
2935	5
2936	6
2937	7
2938	5
2939	6
2940	4
2941	4
2942	7
2943	5
2944	7
2945	7
2946	3
2947	6
2948	4
2949	6
2950	4
2951	2
2952	7
2953	6
2954	5
2955	6
2956	5
2957	3
2958	6
2959	4
2960	3
2961	4
2962	6
2963	3
2964	7
2965	1
2966	5
2967	0
2968	5
2969	3
2970	3
2971	6
2972	5
2973	5
2974	4
2975	3
2976	5
2977	4
2978	8
2979	6
2980	4
2981	1
2982	5
2983	7
2984	0
2985	8
2986	1
2987	5
2988	5
2989	3
2990	5
2991	1
2992	4
2993	1
2994	3
2995	3
2996	11
2997	2
2998	5
2999	5
3000	5
3001	5
3002	5
3003	4
3004	4
3005	3
3006	3
3007	0
3008	3
3009	3
3010	4
3011	3
3012	7
3013	2
3014	5
3015	0
3016	2
3017	5
3018	7
3019	2
3020	6
3021	4
3022	5
3023	2
3024	5
3025	6
3026	6
3027	6
3028	8
3029	4
3030	2
3031	4
3032	2
3033	4
3034	3
3035	2
3036	4
3037	5
3038	3
3039	8
3040	2
3041	3
3042	6
3043	1
3044	7
3045	0
3046	7
3047	3
3048	5
3049	2
3050	4
3051	2
3052	5
3053	2
3054	1
3055	4
3056	3
3057	4
3058	5
3059	8
3060	0
3061	3
3062	6
3063	3
3064	3
3065	5
3066	4
3067	2
3068	7
3069	4
3070	4
3071	4
3072	7
3073	2
3074	5
3075	4
3076	4
3077	2
3078	2
3079	3
3080	1
3081	3
3082	5
3083	3
3084	5
3085	3
3086	3
3087	2
3088	2
3089	6
3090	3
3091	6
3092	4
3093	2
3094	1
3095	2
3096	4
3097	4
3098	0
3099	3
3100	2
3101	5
3102	3
3103	0
3104	0
3105	0
3106	3
3107	0
3108	4
3109	4
3110	7
3111	3
3112	2
3113	3
3114	3
3115	2
3116	4
3117	2
3118	0
3119	4
3120	1
3121	3
3122	3
3123	4
3124	3
3125	0
3126	5
3127	4
3128	4
3129	3
3130	0
3131	2
3132	3
3133	3
3134	3
3135	1
3136	2
3137	0
3138	2
3139	1
3140	4
3141	5
3142	5
3143	5
3144	0
3145	10
3146	9
3147	3
3148	6
3149	3
3150	1
3151	1
3152	1
3153	5
3154	2
3155	4
3156	3
3157	2
3158	3
3159	1
3160	2
3161	3
3162	2
3163	4
3164	1
3165	4
3166	0
3167	2
3168	5
3169	1
3170	1
3171	1
3172	4
3173	3
3174	3
3175	2
3176	4
3177	3
3178	1
3179	4
3180	6
3181	1
3182	1
3183	3
3184	1
3185	3
3186	2
3187	2
3188	4
3189	1
3190	5
3191	5
3192	0
3193	3
3194	3
3195	2
3196	3
3197	0
3198	2
3199	1
3200	4
3201	3
3202	1
3203	0
3204	6
3205	0
3206	4
3207	1
3208	1
3209	1
3210	1
3211	1
3212	4
3213	5
3214	3
3215	1
3216	0
3217	3
3218	1
3219	2
3220	4
3221	2
3222	1
3223	3
3224	2
3225	1
3226	1
3227	6
3228	3
3229	0
3230	7
3231	5
3232	2
3233	1
3234	1
3235	2
3236	1
3237	3
3238	2
3239	1
3240	0
3241	3
3242	3
3243	4
3244	3
3245	2
3246	2
3247	3
3248	0
3249	2
3250	6
3251	2
3252	1
3253	6
3254	2
3255	1
3256	2
3257	6
3258	0
3259	3
3260	5
3261	2
3262	3
3263	4
3264	1
3265	2
3266	2
3267	2
3268	2
3269	2
3270	4
3271	0
3272	1
3273	1
3274	3
3275	1
3276	1
3277	3
3278	2
3279	0
3280	3
3281	2
3282	3
3283	0
3284	0
3285	2
3286	3
3287	3
3288	1
3289	4
3290	0
3291	6
3292	2
3293	0
3294	0
3295	1
3296	1
3297	2
3298	1
3299	1
3300	2
3301	1
3302	2
3303	2
3304	1
3305	1
3306	2
3307	2
3308	2
3309	6
3310	4
3311	1
3312	1
3313	5
3314	2
3315	3
3316	3
3317	2
3318	1
3319	1
3320	1
3321	3
3322	2
3323	3
3324	3
3325	3
3326	2
3327	1
3328	2
3329	1
3330	1
3331	0
3332	2
3333	2
3334	5
3335	2
3336	1
3337	0
3338	0
3339	2
3340	2
3341	2
3342	0
3343	3
3344	0
3345	2
3346	0
3347	1
3348	2
3349	1
3350	0
3351	1
3352	1
3353	5
3354	0
3355	1
3356	1
3357	4
3358	2
3359	2
3360	3
3361	0
3362	1
3363	0
3364	2
3365	2
3366	1
3367	2
3368	0
3369	0
3370	0
3371	0
3372	1
3373	2
3374	2
3375	1
3376	2
3377	3
3378	3
3379	2
3380	0
3381	2
3382	4
3383	0
3384	1
3385	1
3386	2
3387	0
3388	1
3389	2
3390	1
3391	0
3392	3
3393	2
3394	1
3395	3
3396	0
3397	1
3398	1
3399	1
3400	5
3401	2
3402	2
3403	1
3404	3
3405	0
3406	2
3407	2
3408	0
3409	1
3410	1
3411	2
3412	3
3413	2
3414	4
3415	0
3416	2
3417	1
3418	2
3419	0
3420	1
3421	1
3422	1
3423	0
3424	0
3425	0
3426	1
3427	1
3428	0
3429	1
3430	2
3431	1
3432	0
3433	2
3434	0
3435	2
3436	2
3437	4
3438	3
3439	1
3440	2
3441	0
3442	0
3443	5
3444	6
3445	0
3446	0
3447	0
3448	1
3449	1
3450	1
3451	3
3452	1
3453	2
3454	2
3455	2
3456	0
3457	0
3458	0
3459	2
3460	0
3461	2
3462	3
3463	0
3464	0
3465	0
3466	0
3467	2
3468	0
3469	0
3470	1
3471	0
3472	0
3473	1
3474	1
3475	0
3476	1
3477	1
3478	0
3479	0
3480	1
3481	1
3482	2
3483	0
3484	2
3485	0
3486	2
3487	1
3488	0
3489	2
3490	0
3491	0
3492	2
3493	2
3494	3
3495	0
3496	2
3497	0
3498	0
3499	0
3500	0
3501	1
3502	0
3503	0
3504	0
3505	0
3506	0
3507	3
3508	0
3509	0
3510	2
3511	1
3512	0
3513	1
3514	0
3515	0
3516	1
3517	2
3518	0
3519	2
3520	0
3521	1
3522	0
3523	2
3524	1
3525	1
3526	2
3527	1
3528	1
3529	2
3530	0
3531	0
3532	0
3533	1
3534	0
3535	0
3536	0
3537	3
3538	0
3539	0
3540	1
3541	0
3542	2
3543	1
3544	0
3545	0
3546	0
3547	0
3548	0
3549	1
3550	1
3551	0
3552	2
3553	1
3554	1
3555	0
3556	0
3557	0
3558	0
3559	0
3560	0
3561	1
3562	3
3563	1
3564	1
3565	1
3566	0
3567	0
3568	1
3569	0
3570	0
3571	0
3572	0
3573	1
3574	0
3575	0
3576	0
3577	1
3578	0
3579	1
3580	2
3581	0
3582	0
3583	0
3584	0
3585	1
3586	0
3587	0
3588	1
3589	1
3590	0
3591	0
3592	2
3593	1
3594	1
3595	1
3596	0
3597	0
3598	0
3599	1
3600	0
3601	0
3602	0
3603	0
3604	0
3605	0
3606	2
3607	0
3608	1
3609	0
3610	0
3611	0
3612	1
3613	0
3614	2
3615	0
3616	2
3617	0
3618	1
3619	0
3620	0
3621	0
3622	0
3623	1
3624	2
3625	2
3626	0
3627	1
3628	0
3629	0
3630	0
3631	0
3632	0
3633	0
3634	0
3635	0
3636	0
3637	0
3638	0
3639	1
3640	1
3641	1
3642	0
3643	1
3644	0
3645	1
3646	0
3647	0
3648	0
3649	0
3650	0
3651	1
3652	1
3653	0
3654	2
3655	0
3656	0
3657	0
3658	0
3659	0
3660	0
3661	0
3662	0
3663	1
3664	0
3665	0
3666	0
3667	0
3668	0
3669	0
3670	1
3671	0
3672	0
3673	0
3674	0
3675	0
3676	0
3677	1
3678	1
3679	0
3680	0
3681	0
3682	0
3683	0
3684	0
3685	0
3686	0
3687	0
3688	0
3689	0
3690	2
3691	0
3692	1
3693	0
3694	0
3695	0
3696	0
3697	0
3698	0
3699	1
3700	1
3701	0
3702	0
3703	0
3704	0
3705	0
3706	1
3707	0
3708	0
3709	0
3710	0
3711	0
3712	0
3713	0
3714	1
3715	0
3716	0
3717	0
3718	0
3719	0
3720	0
3721	0
3722	0
3723	0
3724	1
3725	1
3726	1
3727	0
3728	0
3729	0
3730	0
3731	0
3732	0
3733	0
3734	0
3735	0
3736	1
3737	0
3738	0
3739	0
3740	0
3741	0
3742	0
3743	0
3744	0
3745	1
3746	0
3747	0
3748	0
3749	0
3750	0
3751	0
3752	0
3753	0
3754	0
3755	0
3756	0
3757	0
3758	0
3759	0
3760	0
3761	0
3762	0
3763	0
3764	0
3765	0
3766	0
3767	0
3768	0
3769	0
3770	0
3771	0
3772	0
3773	0
3774	1
3775	0
3776	0
3777	0
3778	0
3779	0
3780	0
3781	0
3782	0
3783	0
3784	0
3785	0
3786	0
3787	0
3788	0
3789	0
3790	0
3791	0
3792	0
3793	0
3794	0
3795	0
3796	0
3797	1
3798	0
3799	0
3800	0
3801	0
3802	0
3803	0
3804	0
3805	0
3806	0
3807	0
3808	0
3809	0
3810	0
3811	0
3812	0
3813	0
3814	0
3815	0
3816	0
3817	1
3818	0
3819	0
3820	0
3821	0
3822	0
3823	0
3824	0
3825	0
3826	0
3827	0
3828	0
3829	0
3830	0
3831	1
3832	0
3833	0
3834	0
3835	0
3836	0
3837	0
3838	0
3839	0
3840	0
3841	0
3842	0
3843	0
3844	0
3845	0
3846	0
3847	0
3848	2
3849	0
3850	0
3851	0
3852	0
3853	0
3854	0
3855	1
3856	0
3857	0
3858	0
3859	0
3860	0
3861	0
3862	0
3863	0
3864	1
3865	0
3866	0
3867	0
3868	0
3869	0
3870	0
3871	0
3872	0
3873	0
3874	0
3875	0
3876	0
3877	0
3878	0
3879	0
3880	0
3881	0
3882	0
3883	0
3884	0
3885	1
3886	0
3887	0
3888	0
3889	0
3890	0
3891	0
3892	0
3893	0
3894	0
3895	0
3896	0
3897	0
3898	0
3899	1
3900	0
3901	0
3902	0
3903	0
3904	0
3905	0
3906	0
3907	0
3908	0
3909	0
3910	0
3911	0
3912	0
3913	0
3914	0
3915	0
3916	0
3917	0
3918	0
3919	0
3920	0
3921	0
3922	0
3923	1
3924	0
3925	0
3926	0
3927	0
3928	0
3929	0
3930	0
3931	0
3932	0
3933	0
3934	0
3935	0
3936	1
3937	0
3938	0
3939	0
3940	0
3941	0
3942	0
3943	0
3944	0
3945	0
3946	0
3947	0
3948	0
3949	0
3950	0
3951	0
3952	0
3953	0
3954	0
3955	0
3956	0
3957	0
3958	0
3959	0
3960	0
3961	0
3962	0
3963	0
3964	0
3965	0
3966	0
3967	0
3968	0
3969	1
3970	0
3971	0
3972	0
3973	0
3974	0
3975	0
3976	0
3977	0
3978	0
3979	0
3980	1
3981	0
3982	0
3983	0
3984	0
3985	0
3986	0
3987	0
3988	1
3989	0
3990	0
3991	0
3992	0
3993	0
3994	0
3995	0
3996	0
3997	0
3998	0
3999	0
4000	0
