Channel number	Impulses
Channel/#	Impulses/#

0	0
1	0
2	0
3	0
4	0
5	0
6	0
7	0
8	0
9	0
10	0
11	0
12	0
13	0
14	0
15	0
16	0
17	0
18	0
19	0
20	0
21	0
22	0
23	0
24	0
25	0
26	0
27	0
28	0
29	0
30	0
31	0
32	0
33	0
34	0
35	0
36	0
37	0
38	0
39	0
40	0
41	0
42	0
43	0
44	0
45	0
46	1
47	3
48	3
49	7
50	11
51	15
52	12
53	19
54	12
55	22
56	14
57	14
58	14
59	20
60	14
61	11
62	12
63	27
64	6
65	13
66	11
67	17
68	15
69	13
70	8
71	20
72	16
73	19
74	17
75	19
76	13
77	11
78	9
79	25
80	11
81	13
82	9
83	18
84	10
85	14
86	16
87	19
88	12
89	17
90	11
91	16
92	12
93	16
94	16
95	17
96	9
97	13
98	14
99	10
100	10
101	14
102	13
103	11
104	9
105	18
106	15
107	10
108	11
109	13
110	15
111	26
112	7
113	11
114	9
115	13
116	15
117	8
118	10
119	9
120	15
121	17
122	13
123	12
124	13
125	13
126	9
127	32
128	4
129	11
130	14
131	12
132	14
133	17
134	21
135	14
136	13
137	12
138	11
139	13
140	12
141	13
142	12
143	17
144	8
145	11
146	8
147	14
148	6
149	16
150	11
151	14
152	6
153	15
154	6
155	8
156	7
157	15
158	15
159	15
160	9
161	5
162	10
163	12
164	14
165	13
166	12
167	8
168	7
169	13
170	12
171	17
172	10
173	7
174	14
175	13
176	3
177	13
178	7
179	12
180	9
181	7
182	9
183	12
184	9
185	20
186	8
187	6
188	15
189	7
190	13
191	11
192	6
193	9
194	9
195	11
196	3
197	7
198	14
199	13
200	6
201	13
202	6
203	8
204	5
205	8
206	7
207	6
208	8
209	7
210	6
211	10
212	6
213	10
214	11
215	7
216	8
217	13
218	9
219	7
220	4
221	10
222	11
223	7
224	7
225	5
226	5
227	10
228	5
229	9
230	8
231	12
232	13
233	15
234	12
235	1
236	5
237	9
238	8
239	9
240	4
241	8
242	16
243	12
244	6
245	9
246	6
247	13
248	13
249	8
250	6
251	10
252	11
253	15
254	7
255	11
256	6
257	11
258	14
259	8
260	11
261	11
262	9
263	10
264	7
265	12
266	8
267	8
268	7
269	12
270	10
271	21
272	5
273	10
274	8
275	8
276	8
277	7
278	12
279	13
280	6
281	8
282	8
283	8
284	6
285	6
286	8
287	11
288	6
289	5
290	13
291	8
292	11
293	5
294	14
295	3
296	3
297	9
298	8
299	9
300	6
301	9
302	9
303	11
304	13
305	7
306	3
307	14
308	9
309	7
310	15
311	12
312	6
313	2
314	6
315	12
316	4
317	9
318	10
319	15
320	2
321	5
322	12
323	10
324	6
325	5
326	8
327	9
328	8
329	9
330	8
331	8
332	10
333	5
334	6
335	7
336	6
337	8
338	6
339	9
340	7
341	4
342	6
343	8
344	2
345	7
346	5
347	6
348	6
349	8
350	8
351	7
352	5
353	5
354	6
355	2
356	6
357	5
358	6
359	11
360	8
361	12
362	8
363	8
364	10
365	7
366	5
367	8
368	3
369	5
370	5
371	6
372	3
373	4
374	6
375	11
376	3
377	6
378	11
379	2
380	7
381	5
382	7
383	10
384	3
385	6
386	4
387	7
388	3
389	4
390	7
391	5
392	5
393	4
394	6
395	5
396	7
397	2
398	4
399	3
400	4
401	6
402	4
403	6
404	4
405	8
406	7
407	6
408	1
409	9
410	5
411	7
412	2
413	10
414	6
415	12
416	3
417	4
418	4
419	7
420	9
421	4
422	12
423	8
424	2
425	10
426	0
427	2
428	12
429	4
430	5
431	6
432	4
433	10
434	6
435	4
436	15
437	5
438	6
439	9
440	6
441	9
442	6
443	6
444	8
445	7
446	9
447	7
448	1
449	7
450	7
451	7
452	7
453	7
454	12
455	4
456	6
457	6
458	6
459	3
460	4
461	4
462	6
463	4
464	4
465	1
466	4
467	7
468	1
469	3
470	2
471	4
472	9
473	8
474	4
475	7
476	4
477	6
478	4
479	12
480	6
481	3
482	6
483	0
484	6
485	3
486	6
487	4
488	2
489	9
490	4
491	1
492	8
493	5
494	8
495	3
496	7
497	4
498	3
499	8
500	4
501	4
502	4
503	9
504	3
505	5
506	5
507	7
508	5
509	4
510	6
511	8
512	0
513	6
514	6
515	7
516	4
517	10
518	6
519	4
520	4
521	9
522	4
523	8
524	2
525	10
526	4
527	8
528	6
529	10
530	2
531	8
532	3
533	6
534	5
535	10
536	6
537	6
538	4
539	11
540	6
541	5
542	2
543	8
544	6
545	5
546	2
547	4
548	8
549	8
550	10
551	4
552	2
553	6
554	0
555	5
556	4
557	4
558	2
559	8
560	4
561	3
562	6
563	8
564	5
565	1
566	6
567	7
568	10
569	4
570	5
571	8
572	3
573	10
574	7
575	8
576	1
577	2
578	10
579	5
580	5
581	6
582	3
583	7
584	5
585	4
586	3
587	10
588	4
589	9
590	3
591	7
592	3
593	5
594	6
595	5
596	3
597	8
598	8
599	6
600	5
601	5
602	3
603	5
604	9
605	4
606	3
607	10
608	3
609	4
610	2
611	7
612	2
613	3
614	8
615	5
616	4
617	7
618	6
619	7
620	9
621	4
622	6
623	5
624	3
625	4
626	3
627	10
628	2
629	9
630	6
631	6
632	4
633	7
634	7
635	7
636	3
637	6
638	4
639	9
640	3
641	7
642	9
643	8
644	4
645	3
646	6
647	2
648	7
649	3
650	4
651	6
652	8
653	3
654	5
655	10
656	4
657	5
658	2
659	5
660	4
661	5
662	9
663	8
664	5
665	4
666	4
667	3
668	6
669	6
670	5
671	10
672	6
673	7
674	6
675	4
676	2
677	6
678	3
679	6
680	4
681	8
682	4
683	4
684	3
685	9
686	10
687	6
688	8
689	9
690	5
691	7
692	4
693	1
694	2
695	8
696	1
697	6
698	1
699	2
700	8
701	5
702	7
703	7
704	3
705	2
706	2
707	5
708	4
709	13
710	6
711	8
712	3
713	5
714	2
715	7
716	6
717	4
718	7
719	6
720	6
721	4
722	5
723	2
724	5
725	4
726	8
727	7
728	6
729	8
730	5
731	9
732	6
733	5
734	5
735	15
736	2
737	6
738	3
739	4
740	4
741	5
742	4
743	4
744	4
745	8
746	7
747	1
748	8
749	6
750	7
751	6
752	5
753	4
754	2
755	8
756	8
757	0
758	7
759	1
760	2
761	10
762	4
763	9
764	9
765	9
766	10
767	7
768	0
769	7
770	8
771	1
772	5
773	8
774	10
775	7
776	6
777	8
778	5
779	10
780	4
781	9
782	6
783	12
784	3
785	6
786	6
787	3
788	6
789	5
790	1
791	5
792	6
793	7
794	7
795	6
796	9
797	7
798	6
799	7
800	4
801	8
802	7
803	11
804	10
805	11
806	9
807	8
808	8
809	12
810	7
811	6
812	4
813	5
814	5
815	11
816	8
817	7
818	8
819	8
820	8
821	4
822	11
823	8
824	9
825	10
826	10
827	7
828	12
829	9
830	9
831	13
832	7
833	15
834	10
835	6
836	10
837	11
838	7
839	8
840	10
841	13
842	12
843	7
844	8
845	9
846	12
847	15
848	7
849	8
850	13
851	14
852	13
853	12
854	13
855	9
856	5
857	6
858	6
859	8
860	11
861	5
862	14
863	8
864	5
865	9
866	8
867	7
868	9
869	7
870	14
871	11
872	15
873	8
874	9
875	7
876	12
877	6
878	4
879	11
880	8
881	6
882	5
883	11
884	9
885	10
886	12
887	9
888	10
889	8
890	6
891	11
892	7
893	11
894	13
895	14
896	5
897	5
898	16
899	6
900	7
901	8
902	10
903	8
904	6
905	9
906	8
907	13
908	11
909	9
910	7
911	8
912	5
913	7
914	11
915	13
916	8
917	7
918	12
919	12
920	2
921	10
922	8
923	9
924	11
925	7
926	14
927	8
928	5
929	6
930	8
931	5
932	17
933	7
934	11
935	6
936	8
937	10
938	9
939	15
940	11
941	7
942	6
943	10
944	9
945	8
946	8
947	14
948	8
949	3
950	14
951	11
952	8
953	7
954	6
955	13
956	15
957	13
958	9
959	16
960	5
961	9
962	11
963	8
964	11
965	5
966	11
967	5
968	10
969	12
970	9
971	13
972	13
973	12
974	11
975	11
976	8
977	9
978	12
979	18
980	7
981	12
982	14
983	9
984	11
985	12
986	11
987	10
988	12
989	9
990	9
991	11
992	5
993	17
994	16
995	13
996	13
997	8
998	16
999	14
1000	10
1001	10
1002	9
1003	12
1004	7
1005	15
1006	9
1007	18
1008	6
1009	11
1010	13
1011	15
1012	16
1013	6
1014	12
1015	7
1016	6
1017	18
1018	16
1019	14
1020	9
1021	8
1022	10
1023	22
1024	1
1025	7
1026	18
1027	13
1028	11
1029	14
1030	14
1031	17
1032	12
1033	17
1034	7
1035	14
1036	7
1037	15
1038	14
1039	16
1040	6
1041	18
1042	6
1043	17
1044	12
1045	18
1046	13
1047	18
1048	7
1049	11
1050	9
1051	20
1052	14
1053	13
1054	11
1055	20
1056	8
1057	14
1058	16
1059	15
1060	20
1061	10
1062	8
1063	15
1064	7
1065	12
1066	8
1067	14
1068	14
1069	15
1070	10
1071	14
1072	13
1073	18
1074	12
1075	21
1076	13
1077	16
1078	13
1079	17
1080	11
1081	14
1082	11
1083	11
1084	15
1085	10
1086	15
1087	12
1088	9
1089	7
1090	10
1091	11
1092	12
1093	19
1094	14
1095	14
1096	8
1097	17
1098	9
1099	15
1100	9
1101	12
1102	14
1103	18
1104	9
1105	15
1106	10
1107	15
1108	15
1109	12
1110	15
1111	12
1112	17
1113	11
1114	17
1115	11
1116	7
1117	13
1118	17
1119	17
1120	7
1121	17
1122	10
1123	14
1124	19
1125	11
1126	15
1127	15
1128	6
1129	18
1130	12
1131	15
1132	17
1133	5
1134	15
1135	20
1136	13
1137	23
1138	20
1139	10
1140	14
1141	11
1142	22
1143	20
1144	14
1145	12
1146	7
1147	16
1148	13
1149	18
1150	14
1151	24
1152	10
1153	20
1154	13
1155	15
1156	14
1157	18
1158	17
1159	16
1160	13
1161	14
1162	14
1163	14
1164	21
1165	17
1166	17
1167	25
1168	13
1169	26
1170	16
1171	20
1172	19
1173	21
1174	25
1175	22
1176	12
1177	18
1178	18
1179	17
1180	14
1181	22
1182	7
1183	26
1184	16
1185	12
1186	14
1187	21
1188	25
1189	18
1190	29
1191	24
1192	16
1193	18
1194	18
1195	23
1196	23
1197	12
1198	13
1199	22
1200	16
1201	19
1202	21
1203	17
1204	22
1205	19
1206	22
1207	23
1208	16
1209	29
1210	14
1211	28
1212	19
1213	20
1214	12
1215	24
1216	14
1217	19
1218	24
1219	19
1220	18
1221	22
1222	22
1223	27
1224	12
1225	24
1226	26
1227	15
1228	17
1229	16
1230	20
1231	18
1232	18
1233	23
1234	29
1235	26
1236	20
1237	23
1238	17
1239	16
1240	23
1241	22
1242	13
1243	22
1244	15
1245	22
1246	26
1247	28
1248	16
1249	26
1250	22
1251	15
1252	29
1253	11
1254	27
1255	28
1256	17
1257	27
1258	14
1259	18
1260	19
1261	20
1262	24
1263	26
1264	12
1265	28
1266	14
1267	20
1268	26
1269	20
1270	30
1271	21
1272	16
1273	29
1274	17
1275	32
1276	19
1277	16
1278	16
1279	41
1280	10
1281	23
1282	20
1283	16
1284	19
1285	23
1286	30
1287	23
1288	19
1289	23
1290	15
1291	24
1292	23
1293	34
1294	33
1295	29
1296	20
1297	26
1298	25
1299	33
1300	19
1301	14
1302	24
1303	19
1304	18
1305	35
1306	16
1307	28
1308	19
1309	29
1310	25
1311	21
1312	19
1313	19
1314	21
1315	32
1316	28
1317	24
1318	30
1319	19
1320	20
1321	27
1322	20
1323	18
1324	30
1325	21
1326	28
1327	27
1328	24
1329	19
1330	26
1331	29
1332	30
1333	15
1334	39
1335	33
1336	18
1337	19
1338	19
1339	29
1340	18
1341	28
1342	17
1343	26
1344	17
1345	15
1346	24
1347	25
1348	26
1349	18
1350	25
1351	22
1352	19
1353	26
1354	24
1355	28
1356	29
1357	19
1358	33
1359	28
1360	11
1361	25
1362	27
1363	26
1364	21
1365	21
1366	26
1367	17
1368	27
1369	28
1370	23
1371	30
1372	29
1373	25
1374	16
1375	29
1376	27
1377	23
1378	30
1379	33
1380	30
1381	32
1382	32
1383	28
1384	20
1385	29
1386	17
1387	23
1388	31
1389	30
1390	28
1391	31
1392	19
1393	23
1394	27
1395	27
1396	26
1397	24
1398	29
1399	20
1400	31
1401	29
1402	22
1403	26
1404	25
1405	30
1406	38
1407	44
1408	15
1409	18
1410	34
1411	23
1412	18
1413	21
1414	29
1415	16
1416	21
1417	41
1418	33
1419	18
1420	22
1421	27
1422	26
1423	31
1424	25
1425	28
1426	22
1427	29
1428	30
1429	16
1430	22
1431	21
1432	24
1433	26
1434	18
1435	31
1436	20
1437	34
1438	26
1439	33
1440	21
1441	26
1442	27
1443	20
1444	32
1445	21
1446	27
1447	27
1448	20
1449	39
1450	15
1451	23
1452	43
1453	26
1454	28
1455	34
1456	42
1457	33
1458	28
1459	29
1460	28
1461	21
1462	33
1463	35
1464	24
1465	39
1466	24
1467	44
1468	23
1469	32
1470	42
1471	30
1472	16
1473	32
1474	30
1475	33
1476	31
1477	27
1478	43
1479	24
1480	33
1481	27
1482	26
1483	44
1484	28
1485	23
1486	37
1487	28
1488	26
1489	24
1490	49
1491	39
1492	23
1493	32
1494	27
1495	31
1496	21
1497	49
1498	31
1499	52
1500	26
1501	31
1502	26
1503	34
1504	35
1505	41
1506	31
1507	29
1508	37
1509	30
1510	41
1511	40
1512	28
1513	30
1514	22
1515	30
1516	30
1517	45
1518	22
1519	30
1520	24
1521	25
1522	45
1523	29
1524	31
1525	23
1526	39
1527	24
1528	23
1529	38
1530	33
1531	33
1532	27
1533	23
1534	35
1535	38
1536	19
1537	36
1538	40
1539	45
1540	42
1541	41
1542	39
1543	30
1544	26
1545	42
1546	20
1547	37
1548	38
1549	42
1550	31
1551	32
1552	31
1553	29
1554	35
1555	36
1556	32
1557	30
1558	45
1559	23
1560	26
1561	53
1562	28
1563	34
1564	33
1565	44
1566	36
1567	49
1568	26
1569	37
1570	25
1571	26
1572	42
1573	33
1574	47
1575	39
1576	26
1577	38
1578	23
1579	39
1580	33
1581	31
1582	36
1583	35
1584	29
1585	35
1586	35
1587	43
1588	32
1589	31
1590	45
1591	37
1592	22
1593	46
1594	25
1595	47
1596	36
1597	26
1598	39
1599	33
1600	25
1601	42
1602	33
1603	31
1604	51
1605	26
1606	41
1607	34
1608	32
1609	43
1610	28
1611	38
1612	42
1613	40
1614	35
1615	56
1616	36
1617	36
1618	39
1619	28
1620	32
1621	26
1622	39
1623	38
1624	41
1625	30
1626	36
1627	36
1628	31
1629	49
1630	42
1631	46
1632	28
1633	36
1634	27
1635	41
1636	38
1637	27
1638	35
1639	40
1640	28
1641	46
1642	23
1643	28
1644	43
1645	31
1646	33
1647	36
1648	24
1649	37
1650	39
1651	43
1652	41
1653	35
1654	40
1655	37
1656	30
1657	40
1658	43
1659	53
1660	48
1661	49
1662	42
1663	44
1664	26
1665	26
1666	38
1667	39
1668	39
1669	33
1670	33
1671	39
1672	30
1673	47
1674	29
1675	23
1676	35
1677	35
1678	42
1679	31
1680	33
1681	40
1682	36
1683	54
1684	37
1685	31
1686	46
1687	33
1688	33
1689	37
1690	40
1691	51
1692	30
1693	39
1694	38
1695	56
1696	23
1697	42
1698	38
1699	45
1700	53
1701	34
1702	36
1703	38
1704	37
1705	58
1706	28
1707	33
1708	48
1709	36
1710	41
1711	40
1712	43
1713	44
1714	41
1715	43
1716	47
1717	26
1718	46
1719	42
1720	35
1721	55
1722	36
1723	43
1724	36
1725	39
1726	42
1727	48
1728	38
1729	43
1730	46
1731	51
1732	56
1733	34
1734	58
1735	42
1736	41
1737	72
1738	52
1739	40
1740	47
1741	50
1742	40
1743	45
1744	46
1745	49
1746	54
1747	48
1748	52
1749	45
1750	52
1751	38
1752	32
1753	68
1754	37
1755	61
1756	46
1757	48
1758	45
1759	70
1760	37
1761	61
1762	52
1763	40
1764	62
1765	48
1766	62
1767	61
1768	49
1769	67
1770	50
1771	44
1772	55
1773	67
1774	67
1775	53
1776	50
1777	51
1778	68
1779	61
1780	54
1781	45
1782	71
1783	73
1784	56
1785	78
1786	45
1787	68
1788	67
1789	63
1790	73
1791	78
1792	53
1793	70
1794	81
1795	61
1796	107
1797	58
1798	95
1799	82
1800	54
1801	81
1802	60
1803	73
1804	97
1805	76
1806	85
1807	69
1808	77
1809	85
1810	100
1811	97
1812	84
1813	92
1814	104
1815	97
1816	108
1817	115
1818	88
1819	128
1820	123
1821	112
1822	117
1823	132
1824	107
1825	120
1826	124
1827	134
1828	152
1829	121
1830	153
1831	132
1832	134
1833	164
1834	140
1835	156
1836	146
1837	141
1838	141
1839	126
1840	145
1841	143
1842	179
1843	189
1844	172
1845	135
1846	216
1847	146
1848	149
1849	196
1850	139
1851	188
1852	163
1853	196
1854	186
1855	174
1856	150
1857	202
1858	184
1859	163
1860	207
1861	158
1862	207
1863	164
1864	181
1865	222
1866	164
1867	208
1868	211
1869	193
1870	167
1871	190
1872	160
1873	194
1874	193
1875	218
1876	191
1877	141
1878	208
1879	148
1880	204
1881	226
1882	122
1883	223
1884	191
1885	167
1886	202
1887	188
1888	178
1889	139
1890	184
1891	165
1892	204
1893	130
1894	172
1895	131
1896	159
1897	140
1898	113
1899	162
1900	170
1901	135
1902	156
1903	147
1904	113
1905	144
1906	129
1907	132
1908	133
1909	96
1910	181
1911	113
1912	107
1913	148
1914	114
1915	137
1916	120
1917	112
1918	111
1919	101
1920	96
1921	106
1922	103
1923	92
1924	110
1925	82
1926	119
1927	65
1928	88
1929	110
1930	80
1931	79
1932	92
1933	91
1934	78
1935	72
1936	81
1937	82
1938	63
1939	85
1940	67
1941	52
1942	81
1943	54
1944	72
1945	86
1946	72
1947	81
1948	60
1949	66
1950	64
1951	83
1952	56
1953	71
1954	70
1955	58
1956	78
1957	35
1958	82
1959	65
1960	67
1961	60
1962	46
1963	58
1964	98
1965	69
1966	60
1967	57
1968	69
1969	57
1970	68
1971	64
1972	63
1973	43
1974	75
1975	48
1976	70
1977	69
1978	46
1979	70
1980	63
1981	66
1982	51
1983	50
1984	58
1985	69
1986	68
1987	60
1988	76
1989	47
1990	76
1991	44
1992	67
1993	64
1994	52
1995	64
1996	81
1997	60
1998	57
1999	61
2000	53
2001	72
2002	59
2003	76
2004	66
2005	55
2006	61
2007	40
2008	56
2009	75
2010	47
2011	63
2012	57
2013	44
2014	55
2015	59
2016	52
2017	64
2018	58
2019	52
2020	68
2021	46
2022	53
2023	44
2024	40
2025	60
2026	42
2027	46
2028	74
2029	60
2030	55
2031	47
2032	51
2033	44
2034	57
2035	48
2036	50
2037	40
2038	51
2039	38
2040	34
2041	58
2042	33
2043	57
2044	44
2045	44
2046	43
2047	59
2048	27
2049	38
2050	38
2051	62
2052	50
2053	41
2054	66
2055	40
2056	39
2057	38
2058	31
2059	52
2060	56
2061	53
2062	52
2063	48
2064	36
2065	49
2066	52
2067	62
2068	39
2069	44
2070	76
2071	49
2072	44
2073	65
2074	41
2075	73
2076	44
2077	75
2078	56
2079	68
2080	41
2081	63
2082	56
2083	39
2084	60
2085	52
2086	56
2087	50
2088	55
2089	75
2090	68
2091	64
2092	62
2093	59
2094	55
2095	63
2096	48
2097	53
2098	62
2099	68
2100	46
2101	52
2102	65
2103	62
2104	53
2105	73
2106	47
2107	77
2108	43
2109	62
2110	56
2111	57
2112	43
2113	60
2114	57
2115	54
2116	60
2117	57
2118	69
2119	57
2120	51
2121	54
2122	42
2123	52
2124	57
2125	48
2126	43
2127	72
2128	23
2129	46
2130	45
2131	67
2132	53
2133	50
2134	57
2135	50
2136	45
2137	51
2138	40
2139	52
2140	40
2141	54
2142	45
2143	51
2144	41
2145	38
2146	55
2147	47
2148	41
2149	39
2150	54
2151	43
2152	34
2153	44
2154	23
2155	38
2156	39
2157	53
2158	50
2159	49
2160	36
2161	26
2162	45
2163	37
2164	39
2165	35
2166	40
2167	26
2168	29
2169	41
2170	20
2171	36
2172	31
2173	35
2174	28
2175	43
2176	22
2177	35
2178	27
2179	33
2180	47
2181	21
2182	29
2183	21
2184	25
2185	37
2186	25
2187	34
2188	24
2189	31
2190	24
2191	23
2192	27
2193	19
2194	22
2195	25
2196	23
2197	19
2198	40
2199	29
2200	18
2201	28
2202	19
2203	36
2204	28
2205	21
2206	29
2207	32
2208	13
2209	23
2210	32
2211	19
2212	31
2213	26
2214	38
2215	29
2216	20
2217	37
2218	30
2219	35
2220	39
2221	23
2222	27
2223	30
2224	26
2225	29
2226	26
2227	27
2228	31
2229	23
2230	31
2231	30
2232	22
2233	17
2234	17
2235	30
2236	25
2237	35
2238	28
2239	14
2240	26
2241	25
2242	25
2243	23
2244	35
2245	8
2246	38
2247	20
2248	27
2249	36
2250	23
2251	28
2252	25
2253	31
2254	27
2255	30
2256	23
2257	29
2258	32
2259	27
2260	24
2261	19
2262	27
2263	23
2264	21
2265	29
2266	22
2267	34
2268	21
2269	24
2270	25
2271	30
2272	24
2273	26
2274	23
2275	22
2276	20
2277	16
2278	29
2279	22
2280	23
2281	32
2282	24
2283	19
2284	32
2285	12
2286	22
2287	17
2288	14
2289	14
2290	29
2291	21
2292	20
2293	17
2294	25
2295	23
2296	14
2297	37
2298	17
2299	22
2300	13
2301	20
2302	24
2303	11
2304	22
2305	12
2306	14
2307	30
2308	28
2309	19
2310	21
2311	8
2312	21
2313	28
2314	11
2315	14
2316	17
2317	24
2318	19
2319	16
2320	23
2321	16
2322	16
2323	28
2324	14
2325	21
2326	26
2327	20
2328	16
2329	17
2330	21
2331	20
2332	25
2333	26
2334	20
2335	17
2336	12
2337	16
2338	17
2339	15
2340	22
2341	15
2342	24
2343	24
2344	15
2345	29
2346	16
2347	23
2348	23
2349	24
2350	27
2351	9
2352	18
2353	19
2354	14
2355	20
2356	16
2357	18
2358	27
2359	19
2360	11
2361	19
2362	18
2363	27
2364	23
2365	13
2366	17
2367	21
2368	16
2369	20
2370	25
2371	24
2372	28
2373	23
2374	24
2375	11
2376	22
2377	24
2378	9
2379	26
2380	29
2381	13
2382	17
2383	21
2384	16
2385	16
2386	14
2387	22
2388	25
2389	14
2390	19
2391	15
2392	25
2393	22
2394	19
2395	21
2396	14
2397	10
2398	25
2399	8
2400	12
2401	22
2402	17
2403	22
2404	24
2405	16
2406	29
2407	22
2408	21
2409	19
2410	15
2411	16
2412	24
2413	17
2414	16
2415	10
2416	13
2417	20
2418	13
2419	17
2420	27
2421	11
2422	22
2423	21
2424	15
2425	15
2426	16
2427	17
2428	17
2429	15
2430	9
2431	13
2432	18
2433	16
2434	19
2435	25
2436	18
2437	11
2438	21
2439	9
2440	18
2441	19
2442	15
2443	4
2444	17
2445	14
2446	20
2447	15
2448	14
2449	10
2450	14
2451	22
2452	18
2453	11
2454	16
2455	13
2456	17
2457	16
2458	8
2459	24
2460	18
2461	17
2462	20
2463	16
2464	18
2465	10
2466	16
2467	13
2468	19
2469	16
2470	25
2471	14
2472	12
2473	19
2474	17
2475	14
2476	16
2477	16
2478	18
2479	11
2480	21
2481	24
2482	21
2483	22
2484	26
2485	10
2486	20
2487	17
2488	16
2489	16
2490	17
2491	22
2492	11
2493	17
2494	14
2495	17
2496	7
2497	19
2498	16
2499	17
2500	21
2501	14
2502	14
2503	10
2504	24
2505	17
2506	12
2507	10
2508	21
2509	13
2510	11
2511	19
2512	14
2513	12
2514	20
2515	14
2516	16
2517	15
2518	21
2519	5
2520	18
2521	28
2522	11
2523	24
2524	17
2525	21
2526	17
2527	17
2528	19
2529	16
2530	19
2531	14
2532	22
2533	18
2534	19
2535	13
2536	15
2537	21
2538	14
2539	16
2540	39
2541	17
2542	20
2543	19
2544	18
2545	22
2546	20
2547	23
2548	18
2549	15
2550	28
2551	16
2552	17
2553	18
2554	17
2555	18
2556	23
2557	19
2558	27
2559	11
2560	20
2561	23
2562	10
2563	24
2564	16
2565	9
2566	20
2567	16
2568	15
2569	17
2570	18
2571	19
2572	15
2573	18
2574	16
2575	14
2576	15
2577	15
2578	13
2579	16
2580	14
2581	15
2582	15
2583	16
2584	13
2585	22
2586	13
2587	19
2588	6
2589	23
2590	15
2591	11
2592	12
2593	16
2594	14
2595	15
2596	16
2597	14
2598	16
2599	22
2600	12
2601	19
2602	9
2603	14
2604	21
2605	15
2606	17
2607	10
2608	10
2609	16
2610	16
2611	20
2612	13
2613	15
2614	25
2615	8
2616	17
2617	20
2618	14
2619	14
2620	15
2621	13
2622	12
2623	11
2624	10
2625	9
2626	7
2627	7
2628	15
2629	8
2630	16
2631	13
2632	11
2633	9
2634	15
2635	14
2636	14
2637	11
2638	21
2639	17
2640	15
2641	18
2642	14
2643	13
2644	15
2645	10
2646	13
2647	11
2648	15
2649	17
2650	11
2651	17
2652	15
2653	15
2654	15
2655	10
2656	12
2657	14
2658	11
2659	11
2660	19
2661	11
2662	13
2663	13
2664	17
2665	13
2666	6
2667	15
2668	11
2669	10
2670	18
2671	17
2672	15
2673	4
2674	12
2675	11
2676	7
2677	9
2678	11
2679	12
2680	14
2681	19
2682	10
2683	16
2684	13
2685	13
2686	10
2687	8
2688	12
2689	12
2690	14
2691	14
2692	10
2693	9
2694	7
2695	11
2696	16
2697	11
2698	8
2699	12
2700	7
2701	12
2702	8
2703	9
2704	9
2705	11
2706	10
2707	13
2708	9
2709	12
2710	12
2711	8
2712	14
2713	15
2714	9
2715	11
2716	14
2717	17
2718	6
2719	7
2720	14
2721	5
2722	11
2723	7
2724	9
2725	11
2726	15
2727	10
2728	9
2729	6
2730	11
2731	7
2732	19
2733	6
2734	9
2735	2
2736	10
2737	6
2738	10
2739	9
2740	14
2741	12
2742	9
2743	11
2744	13
2745	12
2746	9
2747	11
2748	13
2749	12
2750	7
2751	6
2752	9
2753	13
2754	13
2755	14
2756	14
2757	10
2758	12
2759	11
2760	18
2761	11
2762	4
2763	14
2764	10
2765	13
2766	6
2767	13
2768	9
2769	17
2770	5
2771	15
2772	9
2773	4
2774	13
2775	7
2776	18
2777	7
2778	10
2779	9
2780	16
2781	10
2782	12
2783	16
2784	10
2785	11
2786	14
2787	11
2788	6
2789	9
2790	12
2791	15
2792	11
2793	8
2794	11
2795	9
2796	16
2797	11
2798	10
2799	7
2800	11
2801	11
2802	12
2803	11
2804	7
2805	4
2806	11
2807	11
2808	7
2809	5
2810	4
2811	11
2812	8
2813	4
2814	9
2815	7
2816	13
2817	3
2818	13
2819	5
2820	21
2821	9
2822	8
2823	7
2824	8
2825	11
2826	7
2827	16
2828	7
2829	11
2830	12
2831	10
2832	11
2833	10
2834	10
2835	11
2836	8
2837	6
2838	12
2839	8
2840	13
2841	8
2842	4
2843	17
2844	7
2845	8
2846	6
2847	10
2848	13
2849	7
2850	10
2851	7
2852	10
2853	8
2854	9
2855	12
2856	9
2857	9
2858	5
2859	9
2860	12
2861	9
2862	6
2863	5
2864	9
2865	9
2866	5
2867	13
2868	13
2869	9
2870	12
2871	15
2872	11
2873	9
2874	4
2875	14
2876	12
2877	14
2878	11
2879	8
2880	3
2881	3
2882	8
2883	7
2884	9
2885	5
2886	9
2887	7
2888	12
2889	10
2890	8
2891	9
2892	11
2893	9
2894	6
2895	12
2896	7
2897	4
2898	8
2899	11
2900	7
2901	8
2902	12
2903	3
2904	7
2905	11
2906	6
2907	5
2908	5
2909	10
2910	6
2911	9
2912	7
2913	7
2914	8
2915	8
2916	8
2917	2
2918	11
2919	6
2920	9
2921	8
2922	5
2923	5
2924	15
2925	6
2926	12
2927	8
2928	6
2929	3
2930	14
2931	6
2932	8
2933	5
2934	13
2935	5
2936	8
2937	12
2938	5
2939	10
2940	8
2941	7
2942	5
2943	5
2944	10
2945	8
2946	6
2947	8
2948	10
2949	4
2950	4
2951	9
2952	4
2953	10
2954	8
2955	6
2956	10
2957	3
2958	11
2959	3
2960	7
2961	12
2962	7
2963	9
2964	6
2965	7
2966	10
2967	5
2968	11
2969	5
2970	6
2971	9
2972	9
2973	8
2974	10
2975	5
2976	8
2977	7
2978	8
2979	4
2980	3
2981	4
2982	9
2983	4
2984	5
2985	10
2986	6
2987	7
2988	11
2989	6
2990	8
2991	5
2992	7
2993	7
2994	7
2995	9
2996	11
2997	6
2998	13
2999	8
3000	6
3001	5
3002	3
3003	5
3004	4
3005	5
3006	8
3007	5
3008	3
3009	7
3010	6
3011	5
3012	11
3013	4
3014	8
3015	7
3016	9
3017	5
3018	3
3019	7
3020	7
3021	3
3022	3
3023	4
3024	9
3025	3
3026	7
3027	7
3028	10
3029	6
3030	2
3031	2
3032	10
3033	3
3034	7
3035	5
3036	2
3037	4
3038	4
3039	5
3040	5
3041	6
3042	6
3043	6
3044	13
3045	7
3046	7
3047	5
3048	10
3049	10
3050	5
3051	5
3052	6
3053	6
3054	6
3055	4
3056	4
3057	8
3058	5
3059	5
3060	6
3061	10
3062	4
3063	1
3064	4
3065	7
3066	7
3067	4
3068	6
3069	9
3070	6
3071	3
3072	4
3073	6
3074	5
3075	4
3076	9
3077	2
3078	6
3079	2
3080	4
3081	11
3082	2
3083	4
3084	3
3085	3
3086	6
3087	5
3088	4
3089	8
3090	4
3091	3
3092	3
3093	4
3094	5
3095	4
3096	5
3097	8
3098	2
3099	5
3100	2
3101	5
3102	6
3103	1
3104	6
3105	7
3106	5
3107	3
3108	5
3109	7
3110	7
3111	4
3112	1
3113	7
3114	3
3115	7
3116	4
3117	12
3118	4
3119	3
3120	3
3121	6
3122	3
3123	11
3124	3
3125	4
3126	4
3127	2
3128	4
3129	3
3130	3
3131	8
3132	2
3133	7
3134	9
3135	5
3136	5
3137	6
3138	6
3139	5
3140	6
3141	4
3142	3
3143	6
3144	4
3145	4
3146	3
3147	3
3148	7
3149	3
3150	3
3151	6
3152	4
3153	2
3154	3
3155	3
3156	6
3157	3
3158	1
3159	2
3160	1
3161	7
3162	3
3163	6
3164	6
3165	5
3166	4
3167	2
3168	4
3169	3
3170	1
3171	2
3172	6
3173	2
3174	6
3175	2
3176	5
3177	1
3178	3
3179	7
3180	4
3181	3
3182	2
3183	6
3184	0
3185	3
3186	4
3187	1
3188	10
3189	4
3190	3
3191	2
3192	4
3193	1
3194	6
3195	6
3196	2
3197	4
3198	6
3199	5
3200	5
3201	3
3202	3
3203	7
3204	7
3205	1
3206	8
3207	5
3208	5
3209	5
3210	2
3211	1
3212	4
3213	2
3214	1
3215	1
3216	6
3217	3
3218	5
3219	3
3220	3
3221	2
3222	1
3223	3
3224	1
3225	5
3226	4
3227	5
3228	3
3229	5
3230	2
3231	4
3232	5
3233	2
3234	3
3235	2
3236	7
3237	1
3238	7
3239	2
3240	2
3241	2
3242	4
3243	3
3244	4
3245	2
3246	6
3247	2
3248	1
3249	5
3250	3
3251	3
3252	2
3253	1
3254	7
3255	5
3256	1
3257	5
3258	4
3259	3
3260	2
3261	3
3262	0
3263	2
3264	1
3265	2
3266	1
3267	6
3268	5
3269	2
3270	2
3271	1
3272	4
3273	5
3274	2
3275	2
3276	6
3277	2
3278	1
3279	3
3280	0
3281	9
3282	1
3283	2
3284	1
3285	4
3286	5
3287	2
3288	3
3289	1
3290	0
3291	3
3292	2
3293	3
3294	4
3295	3
3296	2
3297	5
3298	0
3299	3
3300	3
3301	0
3302	0
3303	5
3304	2
3305	5
3306	1
3307	1
3308	3
3309	3
3310	2
3311	2
3312	1
3313	2
3314	2
3315	1
3316	6
3317	5
3318	6
3319	2
3320	2
3321	1
3322	2
3323	2
3324	2
3325	6
3326	5
3327	1
3328	3
3329	3
3330	2
3331	1
3332	3
3333	2
3334	5
3335	1
3336	2
3337	1
3338	2
3339	3
3340	1
3341	2
3342	2
3343	2
3344	4
3345	3
3346	2
3347	1
3348	4
3349	2
3350	4
3351	3
3352	3
3353	2
3354	2
3355	1
3356	4
3357	1
3358	4
3359	4
3360	1
3361	3
3362	8
3363	1
3364	4
3365	1
3366	2
3367	2
3368	0
3369	0
3370	1
3371	4
3372	0
3373	3
3374	0
3375	0
3376	1
3377	2
3378	3
3379	2
3380	2
3381	1
3382	2
3383	1
3384	2
3385	4
3386	3
3387	3
3388	2
3389	0
3390	2
3391	0
3392	1
3393	0
3394	1
3395	0
3396	4
3397	1
3398	2
3399	1
3400	2
3401	3
3402	3
3403	2
3404	1
3405	5
3406	0
3407	2
3408	1
3409	0
3410	2
3411	2
3412	1
3413	1
3414	0
3415	3
3416	2
3417	1
3418	1
3419	2
3420	1
3421	3
3422	1
3423	4
3424	0
3425	3
3426	1
3427	3
3428	2
3429	1
3430	1
3431	1
3432	0
3433	2
3434	1
3435	2
3436	0
3437	1
3438	0
3439	1
3440	2
3441	1
3442	0
3443	1
3444	0
3445	3
3446	1
3447	4
3448	2
3449	2
3450	1
3451	1
3452	3
3453	3
3454	2
3455	0
3456	0
3457	1
3458	0
3459	2
3460	1
3461	0
3462	0
3463	0
3464	1
3465	0
3466	0
3467	2
3468	4
3469	1
3470	1
3471	2
3472	2
3473	0
3474	5
3475	1
3476	0
3477	2
3478	3
3479	0
3480	2
3481	0
3482	1
3483	0
3484	0
3485	0
3486	0
3487	2
3488	2
3489	2
3490	1
3491	2
3492	0
3493	3
3494	1
3495	1
3496	0
3497	1
3498	0
3499	2
3500	1
3501	1
3502	0
3503	1
3504	1
3505	0
3506	1
3507	1
3508	0
3509	1
3510	2
3511	1
3512	0
3513	1
3514	2
3515	1
3516	0
3517	1
3518	0
3519	0
3520	3
3521	0
3522	1
3523	1
3524	1
3525	1
3526	1
3527	0
3528	0
3529	2
3530	0
3531	0
3532	0
3533	3
3534	0
3535	1
3536	1
3537	0
3538	0
3539	0
3540	0
3541	1
3542	0
3543	0
3544	0
3545	0
3546	0
3547	0
3548	1
3549	0
3550	2
3551	0
3552	1
3553	1
3554	1
3555	1
3556	1
3557	1
3558	0
3559	2
3560	1
3561	0
3562	0
3563	0
3564	2
3565	2
3566	0
3567	1
3568	0
3569	0
3570	0
3571	0
3572	0
3573	0
3574	0
3575	0
3576	1
3577	0
3578	1
3579	0
3580	1
3581	0
3582	0
3583	0
3584	1
3585	0
3586	1
3587	1
3588	1
3589	0
3590	0
3591	0
3592	0
3593	1
3594	0
3595	0
3596	1
3597	0
3598	1
3599	0
3600	1
3601	1
3602	0
3603	0
3604	0
3605	0
3606	0
3607	0
3608	0
3609	0
3610	0
3611	0
3612	3
3613	0
3614	0
3615	0
3616	0
3617	2
3618	1
3619	1
3620	1
3621	0
3622	0
3623	0
3624	0
3625	0
3626	0
3627	0
3628	1
3629	1
3630	0
3631	0
3632	0
3633	1
3634	1
3635	1
3636	0
3637	0
3638	0
3639	0
3640	0
3641	0
3642	0
3643	0
3644	0
3645	0
3646	0
3647	0
3648	0
3649	0
3650	0
3651	1
3652	1
3653	0
3654	1
3655	0
3656	0
3657	0
3658	0
3659	0
3660	0
3661	0
3662	0
3663	0
3664	1
3665	0
3666	0
3667	0
3668	0
3669	0
3670	0
3671	0
3672	0
3673	0
3674	0
3675	0
3676	1
3677	0
3678	0
3679	0
3680	1
3681	0
3682	0
3683	0
3684	0
3685	0
3686	0
3687	0
3688	0
3689	0
3690	1
3691	1
3692	0
3693	0
3694	0
3695	0
3696	0
3697	0
3698	0
3699	0
3700	0
3701	0
3702	0
3703	0
3704	0
3705	0
3706	0
3707	0
3708	0
3709	0
3710	0
3711	0
3712	0
3713	0
3714	0
3715	0
3716	0
3717	0
3718	0
3719	1
3720	0
3721	0
3722	0
3723	1
3724	1
3725	0
3726	0
3727	0
3728	0
3729	0
3730	0
3731	0
3732	0
3733	0
3734	0
3735	0
3736	0
3737	0
3738	0
3739	0
3740	0
3741	0
3742	0
3743	0
3744	1
3745	0
3746	0
3747	0
3748	0
3749	0
3750	0
3751	0
3752	0
3753	1
3754	1
3755	0
3756	0
3757	0
3758	0
3759	0
3760	0
3761	0
3762	0
3763	0
3764	0
3765	0
3766	1
3767	0
3768	0
3769	0
3770	0
3771	0
3772	0
3773	0
3774	0
3775	0
3776	0
3777	0
3778	0
3779	0
3780	0
3781	0
3782	0
3783	0
3784	0
3785	0
3786	0
3787	1
3788	0
3789	0
3790	0
3791	1
3792	0
3793	0
3794	0
3795	0
3796	0
3797	0
3798	0
3799	0
3800	1
3801	0
3802	0
3803	0
3804	0
3805	0
3806	0
3807	0
3808	1
3809	0
3810	0
3811	0
3812	0
3813	0
3814	0
3815	0
3816	0
3817	0
3818	0
3819	0
3820	0
3821	0
3822	0
3823	0
3824	0
3825	1
3826	0
3827	0
3828	0
3829	0
3830	0
3831	0
3832	0
3833	0
3834	0
3835	0
3836	1
3837	0
3838	0
3839	0
3840	0
3841	0
3842	0
3843	0
3844	0
3845	0
3846	0
3847	0
3848	0
3849	0
3850	0
3851	0
3852	0
3853	0
3854	0
3855	1
3856	0
3857	0
3858	0
3859	0
3860	0
3861	0
3862	0
3863	1
3864	0
3865	0
3866	0
3867	0
3868	0
3869	0
3870	0
3871	0
3872	0
3873	0
3874	0
3875	0
3876	0
3877	0
3878	1
3879	1
3880	0
3881	0
3882	0
3883	0
3884	0
3885	0
3886	0
3887	0
3888	0
3889	1
3890	0
3891	0
3892	0
3893	0
3894	0
3895	0
3896	0
3897	1
3898	0
3899	0
3900	0
3901	0
3902	0
3903	0
3904	0
3905	0
3906	0
3907	0
3908	0
3909	0
3910	0
3911	0
3912	0
3913	0
3914	0
3915	0
3916	0
3917	1
3918	0
3919	0
3920	0
3921	0
3922	0
3923	0
3924	0
3925	0
3926	0
3927	0
3928	0
3929	0
3930	1
3931	0
3932	0
3933	0
3934	0
3935	0
3936	0
3937	0
3938	0
3939	0
3940	0
3941	0
3942	0
3943	0
3944	0
3945	0
3946	0
3947	0
3948	0
3949	0
3950	0
3951	0
3952	0
3953	0
3954	0
3955	0
3956	0
3957	0
3958	0
3959	0
3960	0
3961	0
3962	0
3963	0
3964	0
3965	0
3966	0
3967	0
3968	0
3969	0
3970	0
3971	0
3972	0
3973	0
3974	0
3975	0
3976	0
3977	0
3978	0
3979	0
3980	0
3981	0
3982	0
3983	0
3984	1
3985	0
3986	0
3987	0
3988	0
3989	0
3990	0
3991	0
3992	0
3993	0
3994	0
3995	0
3996	0
3997	0
3998	0
3999	0
4000	0
