Channel number	Impulses
Channel/#	Impulses/#

0	0
1	0
2	0
3	0
4	0
5	0
6	0
7	0
8	0
9	0
10	0
11	0
12	0
13	0
14	0
15	0
16	0
17	0
18	0
19	0
20	0
21	0
22	0
23	0
24	0
25	0
26	0
27	0
28	0
29	0
30	0
31	0
32	0
33	0
34	0
35	0
36	0
37	0
38	0
39	0
40	0
41	0
42	0
43	0
44	1
45	3
46	2
47	5
48	7
49	9
50	13
51	10
52	18
53	18
54	19
55	19
56	9
57	23
58	13
59	20
60	13
61	10
62	8
63	23
64	6
65	13
66	13
67	23
68	12
69	12
70	9
71	13
72	12
73	13
74	12
75	18
76	10
77	8
78	8
79	24
80	14
81	13
82	9
83	17
84	12
85	13
86	11
87	22
88	4
89	17
90	11
91	17
92	17
93	12
94	8
95	25
96	9
97	8
98	13
99	12
100	11
101	15
102	12
103	8
104	8
105	13
106	6
107	14
108	16
109	11
110	8
111	20
112	10
113	7
114	16
115	15
116	9
117	16
118	16
119	11
120	6
121	11
122	8
123	9
124	8
125	8
126	10
127	29
128	3
129	5
130	11
131	10
132	13
133	9
134	12
135	16
136	7
137	12
138	9
139	13
140	5
141	14
142	8
143	8
144	0
145	14
146	13
147	8
148	6
149	5
150	14
151	11
152	5
153	12
154	10
155	13
156	5
157	9
158	10
159	11
160	7
161	15
162	9
163	8
164	10
165	10
166	8
167	9
168	7
169	11
170	6
171	5
172	13
173	10
174	11
175	7
176	6
177	3
178	4
179	10
180	9
181	8
182	9
183	13
184	6
185	14
186	8
187	8
188	7
189	14
190	13
191	16
192	5
193	9
194	9
195	8
196	10
197	4
198	6
199	7
200	9
201	10
202	6
203	13
204	9
205	8
206	9
207	10
208	5
209	6
210	5
211	6
212	6
213	10
214	7
215	6
216	3
217	9
218	8
219	11
220	8
221	10
222	3
223	15
224	5
225	7
226	3
227	11
228	9
229	9
230	8
231	8
232	4
233	9
234	11
235	5
236	3
237	6
238	2
239	10
240	6
241	11
242	8
243	4
244	4
245	4
246	9
247	13
248	10
249	4
250	5
251	14
252	4
253	12
254	9
255	9
256	2
257	6
258	6
259	3
260	6
261	4
262	11
263	10
264	6
265	7
266	9
267	4
268	8
269	5
270	4
271	11
272	4
273	6
274	4
275	11
276	5
277	6
278	9
279	4
280	7
281	12
282	3
283	5
284	10
285	10
286	10
287	8
288	2
289	5
290	4
291	7
292	6
293	8
294	4
295	4
296	7
297	9
298	5
299	9
300	7
301	7
302	10
303	12
304	6
305	6
306	4
307	11
308	4
309	6
310	3
311	7
312	1
313	6
314	5
315	6
316	8
317	8
318	5
319	10
320	1
321	3
322	7
323	5
324	10
325	9
326	4
327	3
328	5
329	6
330	10
331	11
332	5
333	12
334	8
335	11
336	1
337	2
338	3
339	10
340	11
341	4
342	6
343	5
344	4
345	8
346	5
347	7
348	7
349	4
350	5
351	8
352	4
353	2
354	3
355	8
356	7
357	6
358	11
359	5
360	4
361	5
362	5
363	7
364	6
365	12
366	7
367	5
368	7
369	7
370	5
371	9
372	7
373	6
374	8
375	5
376	5
377	9
378	2
379	4
380	5
381	9
382	5
383	7
384	3
385	5
386	5
387	5
388	6
389	5
390	8
391	4
392	7
393	9
394	5
395	5
396	7
397	4
398	7
399	9
400	3
401	8
402	4
403	6
404	3
405	6
406	4
407	12
408	4
409	3
410	8
411	5
412	4
413	2
414	4
415	7
416	1
417	3
418	14
419	8
420	6
421	4
422	6
423	6
424	1
425	3
426	4
427	2
428	7
429	5
430	5
431	4
432	4
433	6
434	7
435	8
436	7
437	9
438	6
439	3
440	2
441	3
442	6
443	7
444	3
445	2
446	3
447	5
448	3
449	2
450	7
451	5
452	3
453	7
454	6
455	6
456	2
457	3
458	5
459	6
460	4
461	7
462	4
463	3
464	2
465	7
466	3
467	6
468	7
469	2
470	6
471	3
472	5
473	4
474	7
475	6
476	5
477	4
478	5
479	9
480	1
481	4
482	7
483	6
484	3
485	7
486	8
487	3
488	6
489	9
490	2
491	2
492	7
493	2
494	4
495	6
496	5
497	5
498	7
499	6
500	5
501	2
502	5
503	3
504	4
505	7
506	4
507	7
508	6
509	2
510	2
511	10
512	1
513	4
514	5
515	5
516	6
517	3
518	1
519	6
520	3
521	6
522	5
523	7
524	8
525	4
526	3
527	7
528	6
529	4
530	1
531	5
532	2
533	3
534	4
535	2
536	4
537	6
538	1
539	8
540	5
541	2
542	9
543	8
544	5
545	4
546	5
547	8
548	5
549	3
550	6
551	6
552	2
553	6
554	4
555	3
556	5
557	6
558	7
559	3
560	2
561	1
562	4
563	2
564	7
565	5
566	8
567	10
568	1
569	7
570	2
571	5
572	2
573	4
574	3
575	3
576	3
577	5
578	2
579	6
580	3
581	1
582	4
583	6
584	3
585	5
586	6
587	12
588	2
589	7
590	2
591	7
592	2
593	4
594	4
595	3
596	5
597	6
598	5
599	2
600	5
601	0
602	5
603	9
604	3
605	2
606	5
607	5
608	0
609	5
610	4
611	5
612	4
613	2
614	6
615	8
616	1
617	6
618	4
619	8
620	3
621	2
622	4
623	5
624	4
625	4
626	3
627	7
628	3
629	4
630	6
631	4
632	4
633	5
634	7
635	3
636	5
637	8
638	2
639	13
640	3
641	4
642	1
643	4
644	7
645	2
646	6
647	2
648	4
649	4
650	2
651	5
652	4
653	2
654	8
655	7
656	2
657	3
658	6
659	2
660	5
661	2
662	5
663	4
664	2
665	5
666	9
667	8
668	3
669	3
670	7
671	9
672	3
673	1
674	5
675	4
676	9
677	2
678	1
679	5
680	3
681	8
682	2
683	5
684	7
685	4
686	4
687	7
688	4
689	4
690	2
691	4
692	4
693	4
694	6
695	7
696	3
697	6
698	2
699	7
700	7
701	3
702	4
703	10
704	7
705	1
706	10
707	4
708	3
709	4
710	7
711	6
712	6
713	4
714	6
715	1
716	4
717	5
718	7
719	3
720	5
721	6
722	5
723	8
724	7
725	7
726	7
727	1
728	8
729	3
730	6
731	3
732	5
733	4
734	2
735	7
736	0
737	7
738	5
739	6
740	4
741	3
742	4
743	4
744	4
745	8
746	6
747	6
748	8
749	8
750	5
751	4
752	4
753	4
754	4
755	6
756	10
757	6
758	3
759	6
760	8
761	3
762	4
763	3
764	6
765	7
766	2
767	6
768	2
769	8
770	5
771	7
772	6
773	1
774	5
775	4
776	6
777	8
778	4
779	7
780	4
781	5
782	3
783	10
784	4
785	6
786	6
787	6
788	8
789	4
790	6
791	7
792	4
793	7
794	2
795	3
796	5
797	8
798	6
799	5
800	5
801	7
802	2
803	10
804	9
805	7
806	5
807	7
808	5
809	7
810	7
811	6
812	9
813	10
814	6
815	5
816	5
817	8
818	13
819	4
820	6
821	7
822	4
823	3
824	2
825	8
826	8
827	7
828	3
829	6
830	8
831	11
832	5
833	7
834	12
835	5
836	7
837	6
838	5
839	5
840	6
841	7
842	12
843	9
844	9
845	4
846	6
847	12
848	4
849	6
850	9
851	3
852	11
853	5
854	10
855	6
856	11
857	11
858	9
859	10
860	5
861	7
862	8
863	13
864	5
865	8
866	8
867	11
868	6
869	10
870	5
871	8
872	4
873	11
874	7
875	8
876	13
877	7
878	8
879	8
880	5
881	8
882	13
883	11
884	17
885	7
886	7
887	5
888	9
889	7
890	9
891	13
892	7
893	8
894	9
895	11
896	4
897	3
898	10
899	5
900	10
901	5
902	7
903	14
904	6
905	8
906	8
907	9
908	13
909	5
910	8
911	13
912	10
913	6
914	12
915	4
916	7
917	5
918	7
919	3
920	3
921	5
922	8
923	13
924	7
925	7
926	5
927	7
928	4
929	4
930	6
931	4
932	12
933	4
934	10
935	11
936	5
937	9
938	9
939	7
940	7
941	7
942	10
943	10
944	5
945	10
946	5
947	14
948	9
949	6
950	14
951	10
952	7
953	10
954	12
955	8
956	11
957	8
958	7
959	8
960	4
961	10
962	9
963	7
964	5
965	4
966	9
967	4
968	7
969	9
970	11
971	7
972	8
973	14
974	16
975	7
976	5
977	7
978	8
979	8
980	11
981	5
982	5
983	3
984	9
985	11
986	9
987	7
988	13
989	5
990	12
991	10
992	6
993	7
994	11
995	10
996	13
997	8
998	17
999	10
1000	7
1001	18
1002	9
1003	9
1004	12
1005	10
1006	6
1007	12
1008	4
1009	7
1010	12
1011	5
1012	10
1013	11
1014	12
1015	4
1016	13
1017	9
1018	9
1019	13
1020	9
1021	9
1022	8
1023	19
1024	1
1025	4
1026	8
1027	10
1028	13
1029	4
1030	11
1031	6
1032	5
1033	14
1034	9
1035	11
1036	13
1037	13
1038	8
1039	9
1040	7
1041	15
1042	9
1043	13
1044	8
1045	9
1046	18
1047	14
1048	11
1049	11
1050	8
1051	22
1052	9
1053	19
1054	12
1055	23
1056	3
1057	10
1058	12
1059	19
1060	15
1061	10
1062	19
1063	8
1064	5
1065	12
1066	15
1067	13
1068	15
1069	11
1070	14
1071	13
1072	9
1073	11
1074	15
1075	19
1076	6
1077	7
1078	18
1079	14
1080	11
1081	18
1082	13
1083	15
1084	12
1085	16
1086	11
1087	16
1088	10
1089	12
1090	17
1091	17
1092	11
1093	11
1094	13
1095	10
1096	13
1097	16
1098	4
1099	13
1100	12
1101	6
1102	7
1103	24
1104	7
1105	9
1106	12
1107	19
1108	6
1109	11
1110	17
1111	12
1112	9
1113	12
1114	11
1115	15
1116	12
1117	13
1118	9
1119	17
1120	6
1121	9
1122	11
1123	10
1124	12
1125	12
1126	12
1127	12
1128	6
1129	15
1130	14
1131	11
1132	14
1133	21
1134	9
1135	27
1136	2
1137	15
1138	10
1139	13
1140	8
1141	11
1142	20
1143	16
1144	7
1145	14
1146	13
1147	20
1148	14
1149	16
1150	22
1151	17
1152	6
1153	12
1154	13
1155	18
1156	17
1157	10
1158	13
1159	15
1160	10
1161	13
1162	3
1163	10
1164	14
1165	21
1166	12
1167	12
1168	7
1169	16
1170	12
1171	19
1172	22
1173	12
1174	16
1175	7
1176	15
1177	17
1178	13
1179	25
1180	15
1181	6
1182	14
1183	18
1184	6
1185	12
1186	10
1187	22
1188	17
1189	18
1190	20
1191	23
1192	4
1193	23
1194	16
1195	20
1196	10
1197	11
1198	15
1199	12
1200	10
1201	11
1202	17
1203	14
1204	20
1205	15
1206	12
1207	24
1208	14
1209	20
1210	9
1211	12
1212	20
1213	9
1214	15
1215	20
1216	11
1217	16
1218	19
1219	19
1220	22
1221	17
1222	19
1223	14
1224	15
1225	18
1226	17
1227	16
1228	16
1229	25
1230	26
1231	18
1232	19
1233	19
1234	15
1235	22
1236	23
1237	12
1238	16
1239	17
1240	22
1241	16
1242	9
1243	14
1244	16
1245	14
1246	17
1247	27
1248	13
1249	11
1250	28
1251	25
1252	19
1253	16
1254	19
1255	17
1256	11
1257	14
1258	20
1259	21
1260	25
1261	22
1262	12
1263	23
1264	16
1265	19
1266	16
1267	18
1268	23
1269	22
1270	19
1271	24
1272	13
1273	18
1274	25
1275	16
1276	13
1277	19
1278	20
1279	29
1280	5
1281	17
1282	19
1283	13
1284	19
1285	16
1286	32
1287	21
1288	20
1289	29
1290	16
1291	27
1292	17
1293	25
1294	21
1295	23
1296	25
1297	15
1298	23
1299	29
1300	25
1301	15
1302	25
1303	26
1304	23
1305	30
1306	16
1307	28
1308	12
1309	24
1310	21
1311	26
1312	6
1313	22
1314	29
1315	19
1316	12
1317	21
1318	21
1319	22
1320	20
1321	19
1322	20
1323	26
1324	16
1325	19
1326	23
1327	21
1328	29
1329	22
1330	24
1331	26
1332	23
1333	25
1334	17
1335	21
1336	8
1337	13
1338	19
1339	28
1340	16
1341	17
1342	25
1343	29
1344	8
1345	22
1346	18
1347	18
1348	26
1349	23
1350	25
1351	23
1352	17
1353	33
1354	13
1355	18
1356	28
1357	26
1358	20
1359	26
1360	16
1361	22
1362	33
1363	27
1364	22
1365	13
1366	23
1367	19
1368	22
1369	22
1370	15
1371	20
1372	28
1373	24
1374	25
1375	24
1376	19
1377	32
1378	27
1379	27
1380	20
1381	21
1382	19
1383	12
1384	20
1385	25
1386	15
1387	21
1388	23
1389	18
1390	21
1391	17
1392	24
1393	16
1394	14
1395	16
1396	27
1397	26
1398	27
1399	19
1400	23
1401	31
1402	13
1403	23
1404	31
1405	33
1406	17
1407	27
1408	21
1409	28
1410	28
1411	17
1412	32
1413	22
1414	18
1415	16
1416	14
1417	26
1418	26
1419	22
1420	29
1421	27
1422	21
1423	24
1424	18
1425	24
1426	21
1427	28
1428	26
1429	25
1430	37
1431	25
1432	26
1433	32
1434	22
1435	26
1436	24
1437	22
1438	38
1439	30
1440	14
1441	18
1442	25
1443	24
1444	24
1445	25
1446	31
1447	24
1448	25
1449	27
1450	22
1451	22
1452	25
1453	15
1454	32
1455	18
1456	23
1457	26
1458	32
1459	22
1460	24
1461	21
1462	35
1463	24
1464	26
1465	35
1466	16
1467	29
1468	25
1469	28
1470	23
1471	29
1472	17
1473	26
1474	27
1475	33
1476	28
1477	22
1478	26
1479	23
1480	27
1481	39
1482	17
1483	23
1484	35
1485	35
1486	22
1487	22
1488	26
1489	34
1490	31
1491	31
1492	30
1493	19
1494	32
1495	20
1496	27
1497	28
1498	23
1499	37
1500	35
1501	30
1502	25
1503	37
1504	14
1505	24
1506	22
1507	41
1508	27
1509	22
1510	38
1511	26
1512	22
1513	31
1514	25
1515	28
1516	41
1517	25
1518	35
1519	35
1520	24
1521	28
1522	29
1523	27
1524	38
1525	25
1526	37
1527	27
1528	30
1529	36
1530	30
1531	34
1532	31
1533	33
1534	29
1535	49
1536	19
1537	31
1538	26
1539	31
1540	31
1541	32
1542	39
1543	27
1544	24
1545	26
1546	18
1547	26
1548	32
1549	33
1550	28
1551	40
1552	22
1553	29
1554	33
1555	25
1556	29
1557	28
1558	26
1559	25
1560	22
1561	33
1562	26
1563	35
1564	35
1565	26
1566	30
1567	40
1568	25
1569	32
1570	34
1571	23
1572	28
1573	23
1574	49
1575	30
1576	16
1577	29
1578	22
1579	27
1580	34
1581	42
1582	25
1583	30
1584	27
1585	46
1586	22
1587	28
1588	27
1589	12
1590	40
1591	40
1592	11
1593	33
1594	23
1595	26
1596	32
1597	36
1598	28
1599	33
1600	17
1601	13
1602	35
1603	34
1604	31
1605	33
1606	30
1607	35
1608	24
1609	31
1610	33
1611	35
1612	25
1613	29
1614	33
1615	37
1616	19
1617	33
1618	26
1619	36
1620	31
1621	24
1622	32
1623	36
1624	31
1625	40
1626	24
1627	36
1628	28
1629	28
1630	24
1631	44
1632	30
1633	36
1634	27
1635	31
1636	34
1637	17
1638	37
1639	28
1640	29
1641	40
1642	22
1643	35
1644	47
1645	32
1646	37
1647	29
1648	25
1649	26
1650	30
1651	30
1652	21
1653	20
1654	52
1655	35
1656	39
1657	19
1658	29
1659	34
1660	40
1661	30
1662	34
1663	40
1664	20
1665	24
1666	33
1667	32
1668	22
1669	14
1670	38
1671	25
1672	31
1673	40
1674	21
1675	31
1676	35
1677	28
1678	30
1679	30
1680	45
1681	34
1682	42
1683	50
1684	27
1685	24
1686	36
1687	35
1688	33
1689	41
1690	27
1691	36
1692	32
1693	40
1694	36
1695	46
1696	32
1697	30
1698	36
1699	35
1700	59
1701	32
1702	38
1703	34
1704	32
1705	44
1706	30
1707	35
1708	40
1709	35
1710	40
1711	39
1712	27
1713	30
1714	33
1715	36
1716	43
1717	31
1718	34
1719	38
1720	30
1721	52
1722	28
1723	33
1724	36
1725	50
1726	33
1727	35
1728	37
1729	27
1730	42
1731	35
1732	35
1733	29
1734	39
1735	33
1736	36
1737	42
1738	37
1739	35
1740	65
1741	35
1742	38
1743	40
1744	34
1745	49
1746	49
1747	45
1748	43
1749	28
1750	41
1751	33
1752	42
1753	46
1754	31
1755	38
1756	37
1757	39
1758	35
1759	46
1760	29
1761	34
1762	52
1763	41
1764	44
1765	30
1766	44
1767	37
1768	37
1769	68
1770	33
1771	48
1772	56
1773	42
1774	48
1775	37
1776	36
1777	37
1778	54
1779	56
1780	52
1781	53
1782	62
1783	55
1784	33
1785	64
1786	50
1787	56
1788	52
1789	57
1790	55
1791	66
1792	32
1793	57
1794	49
1795	65
1796	75
1797	50
1798	61
1799	55
1800	42
1801	69
1802	48
1803	72
1804	78
1805	76
1806	80
1807	65
1808	84
1809	78
1810	67
1811	67
1812	69
1813	56
1814	96
1815	57
1816	81
1817	115
1818	69
1819	110
1820	74
1821	91
1822	93
1823	98
1824	74
1825	81
1826	103
1827	99
1828	109
1829	79
1830	125
1831	107
1832	78
1833	131
1834	80
1835	87
1836	124
1837	110
1838	125
1839	101
1840	127
1841	121
1842	115
1843	134
1844	122
1845	91
1846	164
1847	118
1848	120
1849	149
1850	119
1851	157
1852	158
1853	132
1854	138
1855	146
1856	136
1857	157
1858	161
1859	160
1860	183
1861	123
1862	211
1863	137
1864	163
1865	181
1866	131
1867	152
1868	195
1869	177
1870	164
1871	172
1872	117
1873	162
1874	190
1875	187
1876	192
1877	146
1878	199
1879	137
1880	175
1881	211
1882	125
1883	176
1884	175
1885	175
1886	163
1887	168
1888	170
1889	181
1890	150
1891	146
1892	186
1893	123
1894	191
1895	139
1896	157
1897	185
1898	130
1899	126
1900	163
1901	160
1902	135
1903	131
1904	133
1905	142
1906	158
1907	159
1908	121
1909	88
1910	167
1911	119
1912	124
1913	148
1914	118
1915	134
1916	124
1917	120
1918	127
1919	117
1920	95
1921	92
1922	120
1923	101
1924	115
1925	70
1926	105
1927	90
1928	96
1929	108
1930	83
1931	90
1932	121
1933	88
1934	78
1935	79
1936	77
1937	76
1938	96
1939	84
1940	79
1941	54
1942	76
1943	51
1944	76
1945	68
1946	58
1947	80
1948	73
1949	64
1950	81
1951	70
1952	34
1953	61
1954	72
1955	38
1956	60
1957	43
1958	69
1959	55
1960	51
1961	77
1962	54
1963	57
1964	80
1965	67
1966	52
1967	41
1968	73
1969	63
1970	59
1971	70
1972	86
1973	48
1974	79
1975	46
1976	64
1977	75
1978	47
1979	63
1980	58
1981	67
1982	54
1983	48
1984	62
1985	61
1986	70
1987	47
1988	64
1989	48
1990	79
1991	39
1992	59
1993	78
1994	47
1995	57
1996	59
1997	45
1998	54
1999	72
2000	56
2001	67
2002	50
2003	63
2004	64
2005	45
2006	54
2007	48
2008	60
2009	50
2010	46
2011	62
2012	52
2013	48
2014	47
2015	59
2016	34
2017	40
2018	45
2019	43
2020	56
2021	21
2022	45
2023	46
2024	36
2025	59
2026	33
2027	49
2028	57
2029	38
2030	39
2031	35
2032	60
2033	38
2034	46
2035	47
2036	49
2037	39
2038	45
2039	33
2040	38
2041	52
2042	32
2043	41
2044	44
2045	42
2046	41
2047	41
2048	23
2049	39
2050	37
2051	43
2052	33
2053	27
2054	53
2055	36
2056	35
2057	43
2058	30
2059	37
2060	36
2061	40
2062	31
2063	47
2064	44
2065	48
2066	46
2067	51
2068	43
2069	33
2070	38
2071	43
2072	42
2073	50
2074	41
2075	67
2076	31
2077	39
2078	42
2079	54
2080	47
2081	43
2082	53
2083	46
2084	61
2085	34
2086	60
2087	50
2088	34
2089	54
2090	44
2091	48
2092	56
2093	45
2094	53
2095	47
2096	50
2097	58
2098	43
2099	54
2100	53
2101	44
2102	48
2103	48
2104	32
2105	57
2106	35
2107	54
2108	50
2109	37
2110	63
2111	36
2112	42
2113	61
2114	55
2115	53
2116	58
2117	32
2118	56
2119	39
2120	58
2121	54
2122	54
2123	51
2124	67
2125	57
2126	50
2127	55
2128	35
2129	56
2130	46
2131	72
2132	38
2133	46
2134	58
2135	44
2136	38
2137	55
2138	30
2139	54
2140	39
2141	46
2142	42
2143	36
2144	33
2145	68
2146	41
2147	35
2148	42
2149	35
2150	39
2151	44
2152	34
2153	47
2154	30
2155	33
2156	50
2157	39
2158	28
2159	28
2160	29
2161	44
2162	46
2163	43
2164	33
2165	40
2166	50
2167	42
2168	25
2169	43
2170	34
2171	30
2172	42
2173	31
2174	36
2175	33
2176	27
2177	27
2178	25
2179	29
2180	31
2181	26
2182	33
2183	28
2184	18
2185	32
2186	29
2187	33
2188	32
2189	36
2190	32
2191	24
2192	23
2193	22
2194	31
2195	28
2196	24
2197	21
2198	20
2199	18
2200	26
2201	27
2202	19
2203	29
2204	28
2205	15
2206	18
2207	28
2208	22
2209	25
2210	24
2211	28
2212	29
2213	14
2214	28
2215	24
2216	20
2217	24
2218	17
2219	17
2220	30
2221	21
2222	25
2223	17
2224	15
2225	19
2226	21
2227	23
2228	28
2229	21
2230	36
2231	25
2232	16
2233	29
2234	14
2235	25
2236	20
2237	28
2238	21
2239	15
2240	31
2241	18
2242	27
2243	22
2244	23
2245	10
2246	27
2247	18
2248	26
2249	31
2250	18
2251	13
2252	29
2253	27
2254	15
2255	18
2256	15
2257	28
2258	18
2259	24
2260	25
2261	15
2262	27
2263	19
2264	23
2265	31
2266	18
2267	28
2268	18
2269	27
2270	18
2271	22
2272	18
2273	12
2274	19
2275	22
2276	26
2277	20
2278	22
2279	19
2280	18
2281	28
2282	17
2283	16
2284	22
2285	23
2286	17
2287	28
2288	13
2289	12
2290	16
2291	29
2292	17
2293	22
2294	19
2295	21
2296	14
2297	29
2298	14
2299	14
2300	17
2301	17
2302	22
2303	14
2304	16
2305	12
2306	20
2307	18
2308	16
2309	20
2310	19
2311	16
2312	20
2313	21
2314	12
2315	21
2316	25
2317	26
2318	18
2319	18
2320	16
2321	23
2322	14
2323	16
2324	25
2325	18
2326	24
2327	19
2328	27
2329	29
2330	9
2331	27
2332	16
2333	17
2334	17
2335	16
2336	19
2337	19
2338	13
2339	23
2340	12
2341	8
2342	22
2343	13
2344	12
2345	23
2346	11
2347	13
2348	23
2349	16
2350	13
2351	17
2352	24
2353	12
2354	15
2355	17
2356	20
2357	15
2358	26
2359	17
2360	15
2361	17
2362	15
2363	20
2364	7
2365	20
2366	13
2367	12
2368	11
2369	17
2370	19
2371	17
2372	22
2373	9
2374	21
2375	9
2376	27
2377	20
2378	15
2379	13
2380	20
2381	18
2382	15
2383	12
2384	18
2385	10
2386	22
2387	19
2388	10
2389	19
2390	14
2391	19
2392	14
2393	16
2394	12
2395	16
2396	7
2397	18
2398	12
2399	10
2400	12
2401	18
2402	14
2403	21
2404	11
2405	12
2406	16
2407	14
2408	12
2409	20
2410	15
2411	19
2412	16
2413	16
2414	13
2415	9
2416	11
2417	8
2418	9
2419	15
2420	15
2421	15
2422	16
2423	23
2424	10
2425	11
2426	4
2427	21
2428	20
2429	18
2430	15
2431	12
2432	21
2433	17
2434	12
2435	15
2436	17
2437	11
2438	22
2439	10
2440	12
2441	17
2442	13
2443	11
2444	17
2445	14
2446	11
2447	11
2448	21
2449	8
2450	16
2451	17
2452	18
2453	15
2454	25
2455	13
2456	12
2457	17
2458	18
2459	23
2460	23
2461	16
2462	11
2463	18
2464	18
2465	14
2466	19
2467	22
2468	18
2469	13
2470	20
2471	16
2472	9
2473	20
2474	14
2475	13
2476	16
2477	12
2478	22
2479	7
2480	23
2481	13
2482	8
2483	13
2484	24
2485	17
2486	14
2487	6
2488	18
2489	17
2490	12
2491	21
2492	14
2493	19
2494	12
2495	16
2496	14
2497	13
2498	13
2499	11
2500	12
2501	17
2502	15
2503	12
2504	11
2505	15
2506	10
2507	20
2508	19
2509	11
2510	19
2511	16
2512	13
2513	11
2514	14
2515	20
2516	13
2517	18
2518	15
2519	10
2520	26
2521	23
2522	17
2523	13
2524	14
2525	13
2526	18
2527	14
2528	17
2529	19
2530	18
2531	13
2532	15
2533	12
2534	15
2535	19
2536	20
2537	20
2538	14
2539	21
2540	25
2541	11
2542	21
2543	12
2544	18
2545	13
2546	19
2547	21
2548	21
2549	19
2550	26
2551	20
2552	14
2553	16
2554	16
2555	10
2556	27
2557	8
2558	10
2559	11
2560	14
2561	18
2562	8
2563	13
2564	23
2565	10
2566	17
2567	17
2568	15
2569	18
2570	18
2571	17
2572	17
2573	15
2574	11
2575	16
2576	14
2577	15
2578	16
2579	22
2580	22
2581	12
2582	15
2583	4
2584	15
2585	21
2586	12
2587	17
2588	14
2589	19
2590	16
2591	21
2592	15
2593	15
2594	8
2595	15
2596	11
2597	9
2598	22
2599	11
2600	8
2601	13
2602	14
2603	14
2604	12
2605	10
2606	15
2607	7
2608	15
2609	12
2610	5
2611	13
2612	9
2613	10
2614	19
2615	9
2616	3
2617	13
2618	10
2619	17
2620	9
2621	9
2622	16
2623	8
2624	13
2625	15
2626	11
2627	12
2628	15
2629	10
2630	12
2631	6
2632	15
2633	11
2634	8
2635	13
2636	17
2637	9
2638	11
2639	18
2640	8
2641	7
2642	9
2643	9
2644	7
2645	11
2646	14
2647	11
2648	7
2649	16
2650	7
2651	14
2652	10
2653	9
2654	11
2655	15
2656	9
2657	10
2658	17
2659	10
2660	16
2661	8
2662	15
2663	14
2664	10
2665	15
2666	6
2667	13
2668	18
2669	9
2670	6
2671	4
2672	9
2673	10
2674	7
2675	11
2676	5
2677	7
2678	11
2679	10
2680	6
2681	9
2682	14
2683	7
2684	9
2685	9
2686	9
2687	9
2688	12
2689	13
2690	4
2691	7
2692	14
2693	8
2694	9
2695	6
2696	10
2697	15
2698	9
2699	11
2700	10
2701	16
2702	8
2703	3
2704	7
2705	11
2706	9
2707	9
2708	12
2709	2
2710	11
2711	9
2712	15
2713	9
2714	10
2715	11
2716	9
2717	13
2718	4
2719	14
2720	12
2721	12
2722	15
2723	9
2724	13
2725	5
2726	7
2727	9
2728	10
2729	13
2730	4
2731	11
2732	14
2733	7
2734	6
2735	3
2736	9
2737	5
2738	8
2739	11
2740	6
2741	9
2742	17
2743	8
2744	4
2745	6
2746	10
2747	5
2748	7
2749	10
2750	8
2751	4
2752	13
2753	6
2754	8
2755	8
2756	19
2757	8
2758	4
2759	7
2760	6
2761	13
2762	7
2763	10
2764	8
2765	6
2766	6
2767	8
2768	6
2769	8
2770	6
2771	7
2772	12
2773	11
2774	10
2775	8
2776	7
2777	8
2778	4
2779	15
2780	15
2781	11
2782	14
2783	12
2784	6
2785	5
2786	4
2787	9
2788	12
2789	4
2790	15
2791	6
2792	12
2793	5
2794	8
2795	13
2796	7
2797	7
2798	13
2799	12
2800	6
2801	4
2802	4
2803	11
2804	8
2805	4
2806	9
2807	7
2808	4
2809	11
2810	9
2811	4
2812	7
2813	7
2814	4
2815	4
2816	10
2817	7
2818	10
2819	10
2820	10
2821	9
2822	11
2823	11
2824	9
2825	6
2826	4
2827	9
2828	10
2829	9
2830	10
2831	5
2832	7
2833	9
2834	5
2835	6
2836	7
2837	8
2838	8
2839	4
2840	6
2841	6
2842	8
2843	13
2844	8
2845	7
2846	4
2847	5
2848	14
2849	15
2850	11
2851	12
2852	9
2853	4
2854	14
2855	6
2856	9
2857	2
2858	4
2859	7
2860	7
2861	9
2862	14
2863	9
2864	12
2865	9
2866	6
2867	9
2868	8
2869	8
2870	13
2871	3
2872	6
2873	9
2874	14
2875	14
2876	7
2877	14
2878	6
2879	6
2880	11
2881	4
2882	12
2883	4
2884	9
2885	8
2886	7
2887	5
2888	8
2889	6
2890	6
2891	5
2892	13
2893	11
2894	18
2895	7
2896	6
2897	9
2898	6
2899	13
2900	7
2901	4
2902	8
2903	6
2904	6
2905	10
2906	3
2907	7
2908	10
2909	8
2910	4
2911	4
2912	5
2913	5
2914	6
2915	8
2916	9
2917	3
2918	9
2919	4
2920	9
2921	7
2922	5
2923	3
2924	6
2925	6
2926	10
2927	5
2928	6
2929	8
2930	10
2931	5
2932	6
2933	2
2934	6
2935	8
2936	5
2937	9
2938	6
2939	7
2940	7
2941	12
2942	12
2943	5
2944	3
2945	7
2946	6
2947	7
2948	17
2949	4
2950	6
2951	7
2952	5
2953	9
2954	6
2955	14
2956	6
2957	10
2958	8
2959	5
2960	9
2961	6
2962	8
2963	6
2964	5
2965	5
2966	9
2967	3
2968	5
2969	5
2970	6
2971	9
2972	8
2973	7
2974	5
2975	8
2976	9
2977	6
2978	8
2979	3
2980	5
2981	6
2982	10
2983	7
2984	15
2985	8
2986	4
2987	2
2988	8
2989	7
2990	4
2991	5
2992	9
2993	8
2994	7
2995	10
2996	10
2997	5
2998	6
2999	6
3000	4
3001	8
3002	2
3003	5
3004	4
3005	6
3006	6
3007	0
3008	15
3009	5
3010	5
3011	3
3012	11
3013	2
3014	8
3015	8
3016	4
3017	10
3018	4
3019	6
3020	6
3021	5
3022	2
3023	2
3024	3
3025	7
3026	8
3027	8
3028	5
3029	3
3030	4
3031	4
3032	7
3033	7
3034	5
3035	9
3036	4
3037	4
3038	5
3039	13
3040	2
3041	5
3042	5
3043	5
3044	8
3045	3
3046	7
3047	5
3048	8
3049	6
3050	3
3051	4
3052	2
3053	6
3054	3
3055	6
3056	8
3057	5
3058	1
3059	8
3060	5
3061	5
3062	11
3063	3
3064	5
3065	1
3066	7
3067	5
3068	11
3069	4
3070	9
3071	1
3072	7
3073	3
3074	7
3075	6
3076	5
3077	5
3078	7
3079	3
3080	3
3081	5
3082	4
3083	5
3084	4
3085	5
3086	4
3087	3
3088	3
3089	6
3090	5
3091	3
3092	1
3093	2
3094	7
3095	3
3096	1
3097	6
3098	3
3099	6
3100	4
3101	5
3102	5
3103	4
3104	1
3105	3
3106	4
3107	3
3108	10
3109	2
3110	7
3111	5
3112	3
3113	7
3114	2
3115	5
3116	9
3117	6
3118	3
3119	2
3120	5
3121	4
3122	2
3123	6
3124	5
3125	4
3126	5
3127	1
3128	2
3129	7
3130	8
3131	9
3132	3
3133	7
3134	4
3135	6
3136	4
3137	6
3138	2
3139	0
3140	7
3141	3
3142	6
3143	5
3144	6
3145	8
3146	0
3147	7
3148	3
3149	3
3150	5
3151	7
3152	8
3153	3
3154	2
3155	4
3156	3
3157	5
3158	5
3159	5
3160	1
3161	8
3162	2
3163	6
3164	4
3165	5
3166	4
3167	7
3168	1
3169	3
3170	2
3171	2
3172	4
3173	2
3174	4
3175	7
3176	1
3177	5
3178	6
3179	1
3180	4
3181	4
3182	1
3183	3
3184	2
3185	4
3186	3
3187	4
3188	5
3189	3
3190	7
3191	2
3192	3
3193	1
3194	0
3195	3
3196	2
3197	3
3198	2
3199	0
3200	2
3201	3
3202	3
3203	0
3204	2
3205	3
3206	7
3207	6
3208	5
3209	3
3210	2
3211	3
3212	2
3213	4
3214	0
3215	1
3216	2
3217	4
3218	2
3219	3
3220	5
3221	0
3222	3
3223	2
3224	1
3225	6
3226	3
3227	6
3228	6
3229	5
3230	2
3231	5
3232	2
3233	2
3234	2
3235	5
3236	3
3237	3
3238	3
3239	4
3240	2
3241	9
3242	3
3243	5
3244	3
3245	1
3246	3
3247	5
3248	0
3249	3
3250	3
3251	3
3252	2
3253	2
3254	5
3255	3
3256	2
3257	3
3258	1
3259	4
3260	3
3261	2
3262	2
3263	2
3264	5
3265	2
3266	3
3267	3
3268	4
3269	2
3270	3
3271	5
3272	2
3273	4
3274	4
3275	1
3276	6
3277	1
3278	1
3279	5
3280	0
3281	4
3282	2
3283	2
3284	4
3285	1
3286	2
3287	0
3288	0
3289	2
3290	2
3291	5
3292	4
3293	4
3294	2
3295	3
3296	1
3297	5
3298	2
3299	5
3300	6
3301	1
3302	5
3303	2
3304	1
3305	2
3306	1
3307	3
3308	3
3309	3
3310	2
3311	0
3312	3
3313	2
3314	2
3315	4
3316	5
3317	2
3318	6
3319	2
3320	3
3321	1
3322	1
3323	3
3324	3
3325	3
3326	2
3327	1
3328	3
3329	2
3330	2
3331	3
3332	0
3333	4
3334	2
3335	3
3336	1
3337	3
3338	3
3339	4
3340	3
3341	2
3342	0
3343	3
3344	2
3345	2
3346	2
3347	0
3348	1
3349	1
3350	3
3351	0
3352	3
3353	6
3354	2
3355	4
3356	4
3357	1
3358	2
3359	2
3360	0
3361	1
3362	1
3363	0
3364	2
3365	0
3366	5
3367	0
3368	1
3369	3
3370	0
3371	1
3372	2
3373	1
3374	4
3375	0
3376	0
3377	0
3378	2
3379	1
3380	4
3381	1
3382	5
3383	2
3384	0
3385	2
3386	1
3387	1
3388	1
3389	1
3390	2
3391	2
3392	3
3393	1
3394	1
3395	1
3396	2
3397	0
3398	0
3399	2
3400	1
3401	2
3402	2
3403	3
3404	0
3405	1
3406	2
3407	2
3408	0
3409	0
3410	0
3411	1
3412	2
3413	0
3414	1
3415	2
3416	3
3417	1
3418	1
3419	3
3420	3
3421	1
3422	0
3423	0
3424	1
3425	0
3426	0
3427	1
3428	1
3429	1
3430	2
3431	1
3432	2
3433	1
3434	2
3435	0
3436	0
3437	3
3438	2
3439	2
3440	0
3441	1
3442	0
3443	0
3444	3
3445	0
3446	0
3447	1
3448	0
3449	4
3450	1
3451	0
3452	1
3453	1
3454	3
3455	0
3456	0
3457	1
3458	1
3459	0
3460	2
3461	2
3462	2
3463	0
3464	1
3465	1
3466	1
3467	2
3468	1
3469	1
3470	2
3471	0
3472	2
3473	0
3474	1
3475	1
3476	0
3477	2
3478	3
3479	1
3480	0
3481	0
3482	0
3483	1
3484	1
3485	0
3486	1
3487	0
3488	0
3489	0
3490	0
3491	0
3492	0
3493	1
3494	4
3495	1
3496	0
3497	0
3498	2
3499	1
3500	2
3501	2
3502	0
3503	0
3504	1
3505	0
3506	1
3507	0
3508	0
3509	1
3510	0
3511	1
3512	0
3513	1
3514	0
3515	0
3516	1
3517	0
3518	2
3519	2
3520	2
3521	1
3522	1
3523	1
3524	2
3525	0
3526	1
3527	0
3528	1
3529	3
3530	0
3531	0
3532	1
3533	0
3534	0
3535	3
3536	0
3537	1
3538	1
3539	1
3540	0
3541	0
3542	1
3543	0
3544	0
3545	1
3546	0
3547	1
3548	2
3549	1
3550	0
3551	0
3552	0
3553	1
3554	2
3555	1
3556	0
3557	1
3558	2
3559	2
3560	1
3561	0
3562	0
3563	0
3564	3
3565	0
3566	1
3567	0
3568	1
3569	0
3570	0
3571	0
3572	0
3573	0
3574	0
3575	0
3576	0
3577	0
3578	0
3579	0
3580	0
3581	0
3582	0
3583	0
3584	1
3585	1
3586	1
3587	0
3588	0
3589	0
3590	0
3591	0
3592	1
3593	2
3594	0
3595	0
3596	0
3597	0
3598	0
3599	0
3600	0
3601	2
3602	1
3603	1
3604	2
3605	0
3606	0
3607	1
3608	0
3609	2
3610	0
3611	0
3612	1
3613	0
3614	0
3615	0
3616	1
3617	0
3618	0
3619	0
3620	0
3621	0
3622	0
3623	0
3624	0
3625	0
3626	0
3627	0
3628	1
3629	0
3630	0
3631	0
3632	1
3633	0
3634	0
3635	1
3636	1
3637	0
3638	1
3639	0
3640	0
3641	0
3642	0
3643	1
3644	0
3645	0
3646	0
3647	0
3648	0
3649	0
3650	1
3651	0
3652	0
3653	0
3654	0
3655	0
3656	0
3657	0
3658	0
3659	0
3660	0
3661	0
3662	0
3663	0
3664	0
3665	0
3666	0
3667	0
3668	0
3669	1
3670	1
3671	2
3672	0
3673	0
3674	0
3675	0
3676	0
3677	0
3678	0
3679	0
3680	0
3681	2
3682	0
3683	1
3684	0
3685	1
3686	0
3687	0
3688	0
3689	0
3690	0
3691	0
3692	1
3693	0
3694	0
3695	0
3696	0
3697	0
3698	0
3699	0
3700	0
3701	0
3702	0
3703	0
3704	0
3705	0
3706	0
3707	0
3708	0
3709	0
3710	0
3711	0
3712	0
3713	0
3714	0
3715	0
3716	0
3717	0
3718	0
3719	0
3720	0
3721	1
3722	0
3723	0
3724	0
3725	0
3726	0
3727	0
3728	0
3729	1
3730	0
3731	0
3732	0
3733	0
3734	0
3735	0
3736	1
3737	1
3738	0
3739	0
3740	0
3741	0
3742	0
3743	0
3744	0
3745	0
3746	0
3747	0
3748	0
3749	0
3750	0
3751	0
3752	0
3753	0
3754	0
3755	0
3756	0
3757	0
3758	1
3759	0
3760	0
3761	0
3762	0
3763	0
3764	0
3765	0
3766	0
3767	0
3768	0
3769	0
3770	0
3771	0
3772	1
3773	0
3774	0
3775	0
3776	0
3777	0
3778	0
3779	0
3780	0
3781	0
3782	0
3783	0
3784	0
3785	0
3786	0
3787	0
3788	0
3789	0
3790	0
3791	0
3792	0
3793	0
3794	0
3795	0
3796	0
3797	0
3798	0
3799	0
3800	0
3801	0
3802	0
3803	1
3804	0
3805	0
3806	0
3807	0
3808	1
3809	0
3810	0
3811	0
3812	0
3813	0
3814	0
3815	0
3816	0
3817	0
3818	0
3819	0
3820	0
3821	0
3822	0
3823	0
3824	0
3825	0
3826	0
3827	1
3828	0
3829	0
3830	1
3831	0
3832	0
3833	0
3834	0
3835	0
3836	0
3837	0
3838	0
3839	0
3840	0
3841	0
3842	0
3843	0
3844	0
3845	0
3846	0
3847	0
3848	0
3849	0
3850	0
3851	1
3852	0
3853	0
3854	0
3855	0
3856	0
3857	0
3858	0
3859	0
3860	0
3861	0
3862	0
3863	0
3864	0
3865	0
3866	0
3867	0
3868	0
3869	0
3870	0
3871	0
3872	0
3873	0
3874	0
3875	0
3876	0
3877	1
3878	0
3879	0
3880	0
3881	0
3882	0
3883	0
3884	0
3885	0
3886	0
3887	0
3888	0
3889	0
3890	0
3891	0
3892	0
3893	0
3894	0
3895	0
3896	0
3897	0
3898	0
3899	0
3900	0
3901	1
3902	0
3903	0
3904	0
3905	0
3906	0
3907	0
3908	0
3909	0
3910	0
3911	0
3912	0
3913	0
3914	0
3915	0
3916	0
3917	0
3918	0
3919	0
3920	0
3921	0
3922	0
3923	0
3924	0
3925	0
3926	0
3927	0
3928	0
3929	0
3930	0
3931	0
3932	0
3933	0
3934	0
3935	0
3936	0
3937	0
3938	0
3939	0
3940	0
3941	0
3942	0
3943	0
3944	0
3945	0
3946	0
3947	0
3948	0
3949	0
3950	0
3951	0
3952	0
3953	0
3954	0
3955	0
3956	0
3957	0
3958	0
3959	0
3960	0
3961	0
3962	0
3963	0
3964	0
3965	0
3966	0
3967	0
3968	0
3969	0
3970	0
3971	0
3972	0
3973	0
3974	0
3975	0
3976	0
3977	0
3978	0
3979	0
3980	0
3981	0
3982	0
3983	0
3984	0
3985	0
3986	0
3987	0
3988	0
3989	0
3990	0
3991	0
3992	0
3993	0
3994	0
3995	0
3996	0
3997	0
3998	0
3999	0
4000	0
