Channel number	Impulses
Channel/#	Impulses/#

0	0
1	0
2	0
3	0
4	0
5	0
6	0
7	0
8	0
9	0
10	0
11	0
12	0
13	0
14	0
15	0
16	0
17	0
18	0
19	0
20	0
21	0
22	0
23	0
24	0
25	0
26	0
27	0
28	0
29	0
30	0
31	0
32	0
33	0
34	0
35	0
36	0
37	0
38	0
39	0
40	0
41	1
42	1
43	0
44	0
45	3
46	1
47	12
48	10
49	17
50	12
51	18
52	22
53	22
54	16
55	24
56	19
57	26
58	19
59	22
60	12
61	14
62	18
63	44
64	11
65	24
66	18
67	10
68	13
69	12
70	27
71	18
72	8
73	22
74	13
75	25
76	19
77	25
78	18
79	24
80	10
81	15
82	22
83	15
84	14
85	16
86	21
87	24
88	13
89	12
90	15
91	15
92	9
93	16
94	15
95	22
96	7
97	18
98	16
99	20
100	18
101	13
102	28
103	18
104	12
105	16
106	11
107	19
108	17
109	20
110	19
111	16
112	8
113	17
114	18
115	21
116	18
117	12
118	10
119	15
120	11
121	17
122	9
123	22
124	9
125	18
126	16
127	21
128	5
129	22
130	10
131	14
132	17
133	16
134	12
135	20
136	12
137	17
138	6
139	14
140	10
141	12
142	20
143	11
144	13
145	9
146	10
147	13
148	17
149	14
150	11
151	12
152	12
153	22
154	8
155	16
156	10
157	12
158	17
159	19
160	12
161	13
162	7
163	15
164	7
165	15
166	13
167	6
168	8
169	21
170	15
171	5
172	14
173	14
174	5
175	13
176	8
177	12
178	9
179	16
180	2
181	11
182	13
183	10
184	6
185	19
186	4
187	15
188	9
189	11
190	13
191	12
192	7
193	14
194	18
195	13
196	11
197	11
198	18
199	8
200	8
201	12
202	8
203	11
204	12
205	15
206	13
207	18
208	8
209	12
210	12
211	9
212	11
213	11
214	11
215	10
216	7
217	8
218	11
219	15
220	11
221	11
222	10
223	12
224	8
225	9
226	7
227	7
228	14
229	8
230	14
231	17
232	10
233	10
234	10
235	12
236	13
237	9
238	8
239	13
240	5
241	6
242	13
243	9
244	7
245	14
246	7
247	11
248	6
249	11
250	10
251	17
252	6
253	10
254	12
255	12
256	1
257	6
258	6
259	12
260	8
261	7
262	12
263	12
264	9
265	10
266	9
267	8
268	7
269	12
270	14
271	11
272	4
273	11
274	13
275	15
276	9
277	9
278	10
279	14
280	8
281	11
282	5
283	13
284	10
285	3
286	11
287	12
288	4
289	3
290	9
291	8
292	12
293	2
294	9
295	13
296	11
297	11
298	15
299	5
300	3
301	9
302	11
303	14
304	7
305	9
306	11
307	10
308	13
309	4
310	8
311	9
312	6
313	8
314	3
315	3
316	9
317	4
318	7
319	12
320	3
321	6
322	8
323	8
324	6
325	7
326	7
327	7
328	6
329	2
330	7
331	10
332	8
333	5
334	12
335	10
336	4
337	9
338	7
339	8
340	5
341	9
342	5
343	6
344	6
345	9
346	9
347	10
348	3
349	8
350	9
351	14
352	4
353	12
354	13
355	11
356	9
357	6
358	5
359	4
360	6
361	14
362	6
363	3
364	6
365	7
366	8
367	3
368	3
369	3
370	6
371	11
372	6
373	8
374	9
375	14
376	3
377	6
378	5
379	13
380	6
381	5
382	7
383	10
384	4
385	4
386	9
387	7
388	12
389	7
390	8
391	9
392	6
393	12
394	8
395	2
396	4
397	19
398	6
399	10
400	3
401	7
402	6
403	9
404	6
405	6
406	10
407	5
408	10
409	4
410	8
411	9
412	4
413	11
414	5
415	8
416	4
417	5
418	8
419	11
420	9
421	4
422	10
423	4
424	7
425	6
426	10
427	6
428	8
429	8
430	6
431	10
432	5
433	3
434	3
435	4
436	7
437	5
438	6
439	8
440	6
441	8
442	12
443	2
444	5
445	3
446	12
447	8
448	5
449	4
450	12
451	5
452	7
453	9
454	9
455	10
456	3
457	8
458	6
459	5
460	11
461	7
462	9
463	9
464	8
465	4
466	8
467	6
468	6
469	12
470	6
471	7
472	2
473	7
474	5
475	6
476	3
477	9
478	9
479	15
480	2
481	2
482	5
483	5
484	7
485	11
486	6
487	3
488	5
489	10
490	12
491	5
492	3
493	3
494	5
495	3
496	5
497	7
498	3
499	11
500	7
501	3
502	4
503	9
504	4
505	8
506	6
507	6
508	8
509	13
510	6
511	11
512	2
513	6
514	4
515	6
516	7
517	6
518	6
519	8
520	3
521	8
522	7
523	8
524	2
525	3
526	4
527	10
528	3
529	4
530	2
531	7
532	7
533	6
534	8
535	3
536	5
537	8
538	10
539	7
540	5
541	5
542	4
543	7
544	2
545	1
546	8
547	6
548	8
549	9
550	10
551	5
552	6
553	3
554	4
555	9
556	8
557	6
558	7
559	8
560	6
561	4
562	7
563	12
564	6
565	5
566	11
567	7
568	9
569	3
570	5
571	6
572	5
573	7
574	2
575	9
576	3
577	7
578	12
579	5
580	8
581	6
582	5
583	5
584	2
585	10
586	6
587	2
588	3
589	8
590	2
591	4
592	4
593	6
594	5
595	7
596	3
597	8
598	7
599	4
600	4
601	5
602	1
603	14
604	2
605	5
606	10
607	11
608	4
609	8
610	6
611	6
612	6
613	1
614	14
615	11
616	1
617	8
618	9
619	1
620	9
621	4
622	8
623	6
624	2
625	8
626	9
627	8
628	6
629	6
630	4
631	6
632	8
633	7
634	3
635	11
636	8
637	4
638	5
639	11
640	3
641	6
642	3
643	3
644	10
645	4
646	7
647	6
648	5
649	9
650	4
651	5
652	9
653	3
654	6
655	7
656	6
657	10
658	3
659	9
660	7
661	2
662	8
663	6
664	4
665	6
666	7
667	10
668	9
669	6
670	10
671	5
672	7
673	12
674	5
675	9
676	9
677	3
678	4
679	7
680	4
681	9
682	5
683	9
684	2
685	9
686	4
687	9
688	9
689	5
690	5
691	7
692	3
693	4
694	3
695	2
696	6
697	6
698	5
699	6
700	6
701	6
702	6
703	7
704	4
705	0
706	4
707	9
708	5
709	3
710	7
711	3
712	6
713	6
714	3
715	3
716	4
717	8
718	6
719	8
720	3
721	7
722	5
723	2
724	7
725	6
726	3
727	4
728	6
729	10
730	10
731	11
732	6
733	5
734	2
735	13
736	4
737	9
738	6
739	4
740	8
741	6
742	6
743	1
744	2
745	4
746	5
747	8
748	12
749	5
750	3
751	9
752	5
753	8
754	7
755	7
756	6
757	8
758	9
759	9
760	7
761	7
762	6
763	9
764	4
765	8
766	5
767	10
768	3
769	7
770	8
771	6
772	10
773	9
774	3
775	7
776	6
777	7
778	5
779	5
780	12
781	6
782	11
783	11
784	5
785	6
786	5
787	5
788	5
789	5
790	12
791	4
792	5
793	8
794	2
795	10
796	5
797	8
798	7
799	16
800	0
801	9
802	8
803	6
804	11
805	9
806	10
807	10
808	6
809	9
810	13
811	11
812	11
813	11
814	11
815	10
816	7
817	9
818	12
819	7
820	10
821	5
822	13
823	8
824	7
825	13
826	6
827	15
828	10
829	10
830	7
831	10
832	5
833	8
834	15
835	11
836	9
837	10
838	12
839	11
840	13
841	11
842	11
843	12
844	5
845	8
846	7
847	9
848	10
849	9
850	12
851	12
852	7
853	11
854	9
855	12
856	12
857	11
858	10
859	8
860	5
861	10
862	11
863	17
864	7
865	8
866	5
867	13
868	16
869	16
870	8
871	11
872	14
873	12
874	11
875	13
876	9
877	10
878	3
879	11
880	11
881	7
882	14
883	13
884	16
885	9
886	14
887	12
888	6
889	15
890	9
891	14
892	12
893	10
894	12
895	21
896	7
897	11
898	13
899	13
900	11
901	11
902	12
903	13
904	8
905	14
906	11
907	7
908	13
909	14
910	17
911	9
912	16
913	7
914	18
915	15
916	11
917	6
918	13
919	5
920	4
921	11
922	8
923	10
924	12
925	8
926	14
927	16
928	5
929	12
930	13
931	11
932	6
933	6
934	12
935	11
936	9
937	9
938	8
939	11
940	10
941	3
942	9
943	15
944	8
945	10
946	10
947	16
948	9
949	12
950	11
951	10
952	6
953	16
954	10
955	13
956	3
957	8
958	13
959	11
960	5
961	13
962	8
963	8
964	15
965	15
966	14
967	9
968	19
969	11
970	14
971	12
972	8
973	10
974	15
975	13
976	11
977	11
978	14
979	17
980	10
981	11
982	12
983	14
984	15
985	14
986	11
987	20
988	9
989	13
990	12
991	16
992	11
993	7
994	22
995	9
996	13
997	17
998	12
999	14
1000	7
1001	12
1002	14
1003	14
1004	17
1005	9
1006	11
1007	7
1008	9
1009	14
1010	12
1011	9
1012	21
1013	14
1014	14
1015	12
1016	14
1017	12
1018	9
1019	13
1020	11
1021	15
1022	15
1023	30
1024	5
1025	11
1026	10
1027	13
1028	12
1029	13
1030	12
1031	11
1032	18
1033	16
1034	17
1035	17
1036	16
1037	19
1038	25
1039	18
1040	6
1041	16
1042	10
1043	23
1044	16
1045	14
1046	10
1047	15
1048	12
1049	20
1050	15
1051	16
1052	13
1053	7
1054	19
1055	24
1056	8
1057	17
1058	17
1059	13
1060	19
1061	13
1062	17
1063	24
1064	11
1065	23
1066	22
1067	26
1068	19
1069	15
1070	20
1071	20
1072	12
1073	15
1074	17
1075	10
1076	22
1077	16
1078	21
1079	14
1080	11
1081	17
1082	13
1083	21
1084	16
1085	19
1086	16
1087	23
1088	11
1089	22
1090	9
1091	17
1092	19
1093	15
1094	18
1095	25
1096	16
1097	24
1098	12
1099	9
1100	21
1101	16
1102	16
1103	23
1104	14
1105	17
1106	23
1107	15
1108	20
1109	14
1110	18
1111	16
1112	8
1113	10
1114	20
1115	21
1116	14
1117	19
1118	13
1119	27
1120	7
1121	15
1122	18
1123	10
1124	22
1125	15
1126	24
1127	10
1128	11
1129	22
1130	14
1131	16
1132	16
1133	22
1134	17
1135	19
1136	8
1137	18
1138	16
1139	22
1140	17
1141	8
1142	18
1143	19
1144	12
1145	18
1146	19
1147	15
1148	14
1149	13
1150	20
1151	25
1152	10
1153	27
1154	21
1155	23
1156	17
1157	17
1158	23
1159	27
1160	17
1161	26
1162	13
1163	23
1164	26
1165	17
1166	20
1167	31
1168	12
1169	25
1170	21
1171	30
1172	23
1173	14
1174	25
1175	16
1176	14
1177	19
1178	20
1179	17
1180	14
1181	13
1182	23
1183	25
1184	12
1185	11
1186	21
1187	15
1188	23
1189	18
1190	19
1191	26
1192	15
1193	21
1194	17
1195	19
1196	20
1197	20
1198	15
1199	26
1200	19
1201	21
1202	22
1203	20
1204	15
1205	12
1206	18
1207	37
1208	10
1209	34
1210	15
1211	29
1212	24
1213	35
1214	24
1215	23
1216	16
1217	17
1218	36
1219	21
1220	21
1221	18
1222	30
1223	20
1224	21
1225	23
1226	17
1227	22
1228	28
1229	23
1230	22
1231	31
1232	14
1233	22
1234	31
1235	30
1236	29
1237	18
1238	21
1239	15
1240	13
1241	32
1242	21
1243	30
1244	22
1245	26
1246	24
1247	35
1248	10
1249	17
1250	29
1251	26
1252	30
1253	28
1254	22
1255	30
1256	19
1257	26
1258	22
1259	24
1260	22
1261	27
1262	15
1263	26
1264	19
1265	27
1266	27
1267	27
1268	19
1269	17
1270	38
1271	33
1272	21
1273	32
1274	26
1275	30
1276	22
1277	21
1278	35
1279	49
1280	9
1281	23
1282	30
1283	26
1284	27
1285	23
1286	29
1287	21
1288	22
1289	29
1290	17
1291	32
1292	34
1293	32
1294	27
1295	24
1296	24
1297	27
1298	26
1299	31
1300	20
1301	29
1302	39
1303	34
1304	10
1305	32
1306	19
1307	36
1308	25
1309	26
1310	37
1311	42
1312	17
1313	22
1314	19
1315	32
1316	32
1317	29
1318	32
1319	30
1320	33
1321	26
1322	25
1323	36
1324	33
1325	31
1326	31
1327	28
1328	25
1329	28
1330	28
1331	31
1332	29
1333	22
1334	23
1335	26
1336	18
1337	51
1338	23
1339	44
1340	33
1341	31
1342	32
1343	35
1344	15
1345	22
1346	32
1347	25
1348	53
1349	23
1350	33
1351	24
1352	36
1353	28
1354	18
1355	17
1356	33
1357	18
1358	33
1359	38
1360	24
1361	37
1362	30
1363	33
1364	33
1365	21
1366	34
1367	36
1368	28
1369	31
1370	31
1371	35
1372	28
1373	36
1374	21
1375	44
1376	19
1377	31
1378	30
1379	30
1380	33
1381	31
1382	46
1383	25
1384	25
1385	32
1386	26
1387	21
1388	43
1389	36
1390	29
1391	37
1392	29
1393	36
1394	35
1395	29
1396	24
1397	23
1398	42
1399	40
1400	24
1401	37
1402	35
1403	38
1404	29
1405	36
1406	20
1407	42
1408	12
1409	33
1410	33
1411	34
1412	35
1413	35
1414	39
1415	36
1416	37
1417	33
1418	33
1419	25
1420	41
1421	35
1422	24
1423	31
1424	42
1425	38
1426	26
1427	31
1428	24
1429	24
1430	36
1431	33
1432	40
1433	42
1434	23
1435	25
1436	36
1437	34
1438	42
1439	46
1440	28
1441	34
1442	29
1443	33
1444	44
1445	26
1446	31
1447	42
1448	33
1449	33
1450	29
1451	27
1452	45
1453	20
1454	36
1455	30
1456	35
1457	29
1458	41
1459	38
1460	34
1461	29
1462	49
1463	27
1464	33
1465	48
1466	38
1467	45
1468	33
1469	41
1470	38
1471	29
1472	20
1473	33
1474	35
1475	32
1476	39
1477	32
1478	42
1479	21
1480	31
1481	36
1482	37
1483	36
1484	37
1485	36
1486	32
1487	28
1488	37
1489	35
1490	26
1491	51
1492	33
1493	28
1494	42
1495	37
1496	36
1497	39
1498	35
1499	36
1500	37
1501	47
1502	42
1503	43
1504	24
1505	40
1506	39
1507	29
1508	46
1509	35
1510	62
1511	29
1512	25
1513	46
1514	40
1515	33
1516	48
1517	46
1518	43
1519	44
1520	23
1521	37
1522	40
1523	42
1524	35
1525	29
1526	50
1527	40
1528	35
1529	43
1530	33
1531	34
1532	40
1533	30
1534	39
1535	48
1536	26
1537	32
1538	29
1539	36
1540	41
1541	31
1542	48
1543	32
1544	34
1545	42
1546	31
1547	48
1548	39
1549	40
1550	37
1551	32
1552	27
1553	25
1554	46
1555	45
1556	30
1557	33
1558	43
1559	41
1560	31
1561	45
1562	27
1563	41
1564	30
1565	42
1566	36
1567	37
1568	34
1569	31
1570	40
1571	35
1572	51
1573	40
1574	55
1575	43
1576	36
1577	38
1578	40
1579	36
1580	40
1581	46
1582	45
1583	47
1584	31
1585	35
1586	42
1587	45
1588	46
1589	36
1590	48
1591	34
1592	29
1593	41
1594	46
1595	48
1596	31
1597	39
1598	46
1599	45
1600	27
1601	36
1602	41
1603	37
1604	48
1605	35
1606	45
1607	43
1608	40
1609	46
1610	42
1611	41
1612	46
1613	40
1614	45
1615	44
1616	25
1617	42
1618	45
1619	57
1620	27
1621	42
1622	40
1623	42
1624	39
1625	51
1626	39
1627	40
1628	34
1629	52
1630	35
1631	49
1632	38
1633	39
1634	39
1635	40
1636	55
1637	36
1638	49
1639	35
1640	30
1641	41
1642	36
1643	42
1644	48
1645	35
1646	52
1647	46
1648	35
1649	36
1650	57
1651	36
1652	36
1653	22
1654	57
1655	48
1656	22
1657	56
1658	34
1659	46
1660	33
1661	41
1662	38
1663	66
1664	31
1665	46
1666	48
1667	36
1668	48
1669	51
1670	46
1671	41
1672	47
1673	53
1674	27
1675	58
1676	45
1677	48
1678	34
1679	41
1680	39
1681	52
1682	41
1683	58
1684	50
1685	39
1686	62
1687	29
1688	46
1689	48
1690	40
1691	52
1692	45
1693	46
1694	40
1695	58
1696	37
1697	41
1698	35
1699	46
1700	44
1701	52
1702	43
1703	47
1704	28
1705	67
1706	36
1707	55
1708	39
1709	48
1710	51
1711	51
1712	40
1713	37
1714	54
1715	67
1716	56
1717	44
1718	55
1719	54
1720	36
1721	49
1722	36
1723	57
1724	50
1725	57
1726	57
1727	51
1728	42
1729	47
1730	55
1731	45
1732	49
1733	50
1734	74
1735	47
1736	47
1737	56
1738	52
1739	40
1740	55
1741	66
1742	43
1743	48
1744	45
1745	42
1746	36
1747	61
1748	48
1749	43
1750	64
1751	46
1752	64
1753	62
1754	47
1755	70
1756	59
1757	56
1758	56
1759	71
1760	51
1761	62
1762	70
1763	58
1764	78
1765	42
1766	68
1767	68
1768	50
1769	89
1770	66
1771	65
1772	81
1773	50
1774	72
1775	61
1776	60
1777	80
1778	69
1779	85
1780	73
1781	53
1782	89
1783	80
1784	61
1785	90
1786	55
1787	73
1788	81
1789	71
1790	84
1791	95
1792	53
1793	86
1794	94
1795	80
1796	116
1797	84
1798	97
1799	81
1800	107
1801	108
1802	103
1803	99
1804	138
1805	78
1806	108
1807	87
1808	101
1809	137
1810	116
1811	125
1812	110
1813	112
1814	142
1815	122
1816	142
1817	159
1818	102
1819	169
1820	147
1821	145
1822	153
1823	153
1824	130
1825	141
1826	166
1827	146
1828	181
1829	125
1830	205
1831	174
1832	138
1833	188
1834	142
1835	171
1836	211
1837	161
1838	186
1839	167
1840	173
1841	193
1842	179
1843	203
1844	220
1845	169
1846	227
1847	194
1848	169
1849	246
1850	170
1851	240
1852	208
1853	197
1854	190
1855	219
1856	169
1857	201
1858	210
1859	216
1860	244
1861	148
1862	241
1863	181
1864	197
1865	229
1866	175
1867	189
1868	257
1869	200
1870	220
1871	217
1872	189
1873	217
1874	212
1875	237
1876	192
1877	176
1878	229
1879	143
1880	188
1881	218
1882	162
1883	200
1884	176
1885	169
1886	180
1887	165
1888	177
1889	159
1890	190
1891	168
1892	190
1893	123
1894	178
1895	147
1896	131
1897	194
1898	133
1899	126
1900	181
1901	129
1902	131
1903	116
1904	117
1905	124
1906	135
1907	127
1908	116
1909	93
1910	137
1911	108
1912	117
1913	146
1914	106
1915	113
1916	112
1917	108
1918	92
1919	95
1920	89
1921	93
1922	100
1923	84
1924	106
1925	70
1926	118
1927	70
1928	88
1929	100
1930	68
1931	82
1932	102
1933	99
1934	70
1935	65
1936	71
1937	76
1938	92
1939	86
1940	68
1941	53
1942	74
1943	56
1944	77
1945	76
1946	53
1947	70
1948	85
1949	65
1950	74
1951	72
1952	76
1953	58
1954	68
1955	71
1956	83
1957	58
1958	96
1959	68
1960	49
1961	67
1962	58
1963	66
1964	80
1965	75
1966	66
1967	61
1968	50
1969	81
1970	69
1971	79
1972	65
1973	79
1974	101
1975	50
1976	66
1977	73
1978	64
1979	68
1980	65
1981	57
1982	84
1983	73
1984	67
1985	64
1986	72
1987	62
1988	79
1989	66
1990	98
1991	52
1992	74
1993	78
1994	50
1995	70
1996	79
1997	60
1998	63
1999	57
2000	61
2001	60
2002	64
2003	69
2004	57
2005	41
2006	85
2007	62
2008	66
2009	70
2010	46
2011	62
2012	62
2013	62
2014	56
2015	68
2016	58
2017	53
2018	62
2019	60
2020	74
2021	45
2022	63
2023	45
2024	57
2025	66
2026	49
2027	56
2028	64
2029	46
2030	45
2031	36
2032	49
2033	55
2034	66
2035	58
2036	59
2037	48
2038	61
2039	52
2040	37
2041	70
2042	43
2043	59
2044	57
2045	60
2046	61
2047	55
2048	29
2049	61
2050	68
2051	57
2052	73
2053	46
2054	72
2055	57
2056	57
2057	71
2058	53
2059	55
2060	54
2061	67
2062	62
2063	69
2064	48
2065	74
2066	51
2067	80
2068	46
2069	54
2070	62
2071	68
2072	50
2073	84
2074	44
2075	79
2076	71
2077	55
2078	63
2079	82
2080	45
2081	51
2082	63
2083	53
2084	72
2085	51
2086	90
2087	68
2088	49
2089	79
2090	58
2091	70
2092	69
2093	69
2094	66
2095	70
2096	51
2097	63
2098	72
2099	59
2100	66
2101	42
2102	90
2103	62
2104	40
2105	72
2106	41
2107	65
2108	64
2109	69
2110	57
2111	56
2112	55
2113	64
2114	59
2115	61
2116	65
2117	43
2118	58
2119	47
2120	45
2121	52
2122	56
2123	60
2124	66
2125	52
2126	47
2127	55
2128	37
2129	45
2130	44
2131	69
2132	47
2133	30
2134	67
2135	39
2136	46
2137	74
2138	34
2139	59
2140	38
2141	43
2142	45
2143	56
2144	19
2145	45
2146	47
2147	49
2148	44
2149	27
2150	53
2151	33
2152	25
2153	54
2154	25
2155	38
2156	52
2157	45
2158	35
2159	34
2160	20
2161	46
2162	34
2163	35
2164	36
2165	14
2166	41
2167	26
2168	22
2169	40
2170	24
2171	37
2172	24
2173	41
2174	38
2175	31
2176	31
2177	19
2178	34
2179	41
2180	33
2181	28
2182	43
2183	45
2184	35
2185	32
2186	28
2187	31
2188	53
2189	24
2190	32
2191	25
2192	26
2193	35
2194	30
2195	41
2196	31
2197	29
2198	31
2199	29
2200	15
2201	37
2202	19
2203	32
2204	20
2205	31
2206	28
2207	44
2208	24
2209	25
2210	31
2211	22
2212	35
2213	22
2214	35
2215	23
2216	11
2217	44
2218	19
2219	32
2220	33
2221	37
2222	27
2223	18
2224	30
2225	32
2226	26
2227	30
2228	25
2229	33
2230	34
2231	23
2232	20
2233	27
2234	15
2235	35
2236	20
2237	32
2238	32
2239	26
2240	20
2241	20
2242	29
2243	23
2244	33
2245	22
2246	33
2247	28
2248	22
2249	33
2250	21
2251	36
2252	28
2253	29
2254	26
2255	28
2256	19
2257	24
2258	30
2259	39
2260	23
2261	24
2262	31
2263	24
2264	37
2265	39
2266	24
2267	32
2268	28
2269	26
2270	22
2271	20
2272	21
2273	20
2274	34
2275	26
2276	31
2277	17
2278	27
2279	32
2280	17
2281	27
2282	25
2283	22
2284	22
2285	28
2286	24
2287	27
2288	23
2289	19
2290	26
2291	22
2292	38
2293	20
2294	18
2295	22
2296	19
2297	30
2298	19
2299	31
2300	19
2301	25
2302	26
2303	34
2304	22
2305	18
2306	23
2307	16
2308	28
2309	12
2310	20
2311	14
2312	30
2313	32
2314	17
2315	14
2316	28
2317	14
2318	20
2319	21
2320	14
2321	23
2322	15
2323	21
2324	25
2325	29
2326	25
2327	17
2328	16
2329	22
2330	13
2331	22
2332	26
2333	23
2334	20
2335	29
2336	30
2337	25
2338	19
2339	15
2340	26
2341	23
2342	27
2343	25
2344	18
2345	23
2346	13
2347	25
2348	19
2349	28
2350	11
2351	18
2352	16
2353	35
2354	20
2355	25
2356	18
2357	20
2358	27
2359	25
2360	20
2361	30
2362	21
2363	26
2364	23
2365	27
2366	19
2367	22
2368	9
2369	11
2370	18
2371	14
2372	25
2373	21
2374	29
2375	18
2376	17
2377	31
2378	18
2379	24
2380	22
2381	24
2382	19
2383	18
2384	13
2385	12
2386	24
2387	18
2388	20
2389	21
2390	21
2391	12
2392	17
2393	28
2394	23
2395	20
2396	17
2397	12
2398	18
2399	17
2400	24
2401	13
2402	31
2403	15
2404	24
2405	15
2406	31
2407	23
2408	8
2409	26
2410	15
2411	17
2412	23
2413	32
2414	18
2415	11
2416	12
2417	15
2418	17
2419	21
2420	20
2421	11
2422	23
2423	14
2424	16
2425	23
2426	12
2427	18
2428	23
2429	22
2430	15
2431	14
2432	21
2433	23
2434	20
2435	21
2436	35
2437	14
2438	19
2439	15
2440	19
2441	36
2442	14
2443	15
2444	38
2445	22
2446	8
2447	12
2448	17
2449	19
2450	20
2451	14
2452	10
2453	12
2454	19
2455	13
2456	20
2457	20
2458	13
2459	24
2460	19
2461	21
2462	22
2463	19
2464	19
2465	10
2466	23
2467	15
2468	27
2469	18
2470	14
2471	14
2472	10
2473	21
2474	18
2475	19
2476	20
2477	21
2478	17
2479	14
2480	24
2481	15
2482	16
2483	20
2484	20
2485	15
2486	29
2487	14
2488	15
2489	20
2490	16
2491	15
2492	13
2493	13
2494	18
2495	12
2496	19
2497	17
2498	12
2499	19
2500	19
2501	11
2502	30
2503	16
2504	17
2505	27
2506	19
2507	6
2508	20
2509	14
2510	20
2511	26
2512	18
2513	20
2514	17
2515	20
2516	26
2517	19
2518	29
2519	12
2520	18
2521	16
2522	17
2523	26
2524	21
2525	16
2526	15
2527	24
2528	20
2529	13
2530	20
2531	19
2532	29
2533	18
2534	24
2535	15
2536	26
2537	22
2538	14
2539	28
2540	23
2541	12
2542	17
2543	24
2544	13
2545	20
2546	22
2547	27
2548	22
2549	13
2550	21
2551	23
2552	14
2553	27
2554	13
2555	22
2556	24
2557	21
2558	20
2559	18
2560	23
2561	21
2562	16
2563	24
2564	17
2565	19
2566	14
2567	20
2568	10
2569	27
2570	11
2571	18
2572	25
2573	23
2574	15
2575	8
2576	13
2577	21
2578	16
2579	13
2580	15
2581	15
2582	22
2583	16
2584	14
2585	24
2586	16
2587	18
2588	11
2589	15
2590	15
2591	14
2592	13
2593	15
2594	15
2595	19
2596	20
2597	17
2598	24
2599	17
2600	7
2601	16
2602	14
2603	15
2604	17
2605	23
2606	15
2607	18
2608	15
2609	12
2610	15
2611	17
2612	22
2613	15
2614	21
2615	18
2616	16
2617	16
2618	16
2619	13
2620	16
2621	11
2622	10
2623	4
2624	11
2625	10
2626	10
2627	19
2628	14
2629	13
2630	20
2631	10
2632	12
2633	14
2634	14
2635	10
2636	19
2637	15
2638	12
2639	12
2640	5
2641	11
2642	7
2643	15
2644	17
2645	15
2646	13
2647	13
2648	11
2649	11
2650	12
2651	17
2652	10
2653	12
2654	17
2655	17
2656	10
2657	16
2658	15
2659	11
2660	17
2661	14
2662	18
2663	9
2664	6
2665	16
2666	13
2667	16
2668	11
2669	14
2670	11
2671	10
2672	15
2673	14
2674	15
2675	10
2676	11
2677	10
2678	25
2679	13
2680	7
2681	14
2682	17
2683	11
2684	7
2685	17
2686	12
2687	11
2688	14
2689	14
2690	18
2691	7
2692	21
2693	11
2694	19
2695	6
2696	13
2697	16
2698	10
2699	14
2700	9
2701	16
2702	9
2703	16
2704	12
2705	17
2706	12
2707	14
2708	16
2709	8
2710	24
2711	8
2712	18
2713	12
2714	7
2715	14
2716	8
2717	20
2718	12
2719	19
2720	9
2721	12
2722	13
2723	14
2724	20
2725	13
2726	14
2727	14
2728	10
2729	17
2730	5
2731	7
2732	21
2733	16
2734	9
2735	6
2736	10
2737	4
2738	12
2739	18
2740	14
2741	7
2742	14
2743	14
2744	10
2745	12
2746	11
2747	13
2748	12
2749	7
2750	10
2751	5
2752	7
2753	14
2754	18
2755	8
2756	15
2757	6
2758	12
2759	15
2760	10
2761	14
2762	6
2763	15
2764	14
2765	11
2766	11
2767	12
2768	10
2769	17
2770	11
2771	11
2772	15
2773	9
2774	13
2775	12
2776	12
2777	12
2778	11
2779	12
2780	3
2781	8
2782	12
2783	14
2784	8
2785	11
2786	13
2787	10
2788	10
2789	6
2790	16
2791	11
2792	6
2793	19
2794	9
2795	8
2796	13
2797	12
2798	10
2799	8
2800	18
2801	17
2802	13
2803	12
2804	14
2805	11
2806	11
2807	8
2808	8
2809	12
2810	6
2811	19
2812	8
2813	9
2814	14
2815	4
2816	11
2817	12
2818	6
2819	4
2820	15
2821	6
2822	4
2823	11
2824	10
2825	12
2826	7
2827	10
2828	14
2829	10
2830	15
2831	7
2832	10
2833	9
2834	13
2835	18
2836	12
2837	7
2838	15
2839	13
2840	13
2841	15
2842	6
2843	8
2844	10
2845	8
2846	6
2847	11
2848	9
2849	8
2850	8
2851	14
2852	9
2853	3
2854	8
2855	9
2856	4
2857	12
2858	8
2859	13
2860	10
2861	6
2862	5
2863	9
2864	13
2865	6
2866	11
2867	8
2868	11
2869	10
2870	10
2871	13
2872	7
2873	7
2874	14
2875	13
2876	14
2877	12
2878	6
2879	9
2880	8
2881	5
2882	7
2883	6
2884	7
2885	7
2886	9
2887	12
2888	7
2889	11
2890	8
2891	11
2892	7
2893	9
2894	13
2895	10
2896	10
2897	12
2898	12
2899	9
2900	7
2901	9
2902	10
2903	7
2904	8
2905	14
2906	4
2907	9
2908	9
2909	3
2910	10
2911	6
2912	13
2913	10
2914	12
2915	7
2916	8
2917	3
2918	12
2919	9
2920	4
2921	16
2922	10
2923	8
2924	6
2925	4
2926	12
2927	9
2928	8
2929	10
2930	8
2931	14
2932	11
2933	6
2934	11
2935	10
2936	4
2937	8
2938	4
2939	9
2940	8
2941	2
2942	7
2943	8
2944	3
2945	3
2946	2
2947	5
2948	16
2949	8
2950	5
2951	4
2952	8
2953	7
2954	6
2955	6
2956	10
2957	4
2958	7
2959	5
2960	12
2961	8
2962	8
2963	5
2964	6
2965	4
2966	8
2967	2
2968	7
2969	10
2970	6
2971	12
2972	10
2973	7
2974	4
2975	6
2976	5
2977	2
2978	13
2979	6
2980	6
2981	8
2982	10
2983	10
2984	3
2985	10
2986	5
2987	9
2988	10
2989	4
2990	3
2991	5
2992	12
2993	6
2994	6
2995	5
2996	7
2997	4
2998	9
2999	6
3000	7
3001	9
3002	8
3003	11
3004	9
3005	7
3006	1
3007	8
3008	15
3009	7
3010	11
3011	6
3012	6
3013	4
3014	10
3015	2
3016	5
3017	6
3018	7
3019	6
3020	4
3021	9
3022	9
3023	8
3024	4
3025	7
3026	9
3027	4
3028	2
3029	5
3030	11
3031	1
3032	8
3033	10
3034	6
3035	8
3036	6
3037	8
3038	3
3039	7
3040	11
3041	10
3042	8
3043	5
3044	8
3045	3
3046	5
3047	7
3048	2
3049	5
3050	3
3051	6
3052	7
3053	5
3054	4
3055	7
3056	5
3057	4
3058	4
3059	8
3060	2
3061	6
3062	8
3063	2
3064	10
3065	3
3066	1
3067	11
3068	6
3069	5
3070	5
3071	1
3072	6
3073	6
3074	8
3075	5
3076	8
3077	3
3078	10
3079	5
3080	8
3081	9
3082	3
3083	5
3084	8
3085	6
3086	1
3087	8
3088	4
3089	7
3090	5
3091	6
3092	6
3093	2
3094	6
3095	3
3096	3
3097	6
3098	6
3099	8
3100	2
3101	6
3102	9
3103	6
3104	9
3105	6
3106	8
3107	6
3108	4
3109	3
3110	4
3111	6
3112	5
3113	4
3114	2
3115	11
3116	8
3117	7
3118	3
3119	2
3120	4
3121	1
3122	5
3123	4
3124	4
3125	3
3126	5
3127	5
3128	6
3129	2
3130	4
3131	4
3132	4
3133	5
3134	3
3135	1
3136	2
3137	5
3138	5
3139	6
3140	8
3141	8
3142	9
3143	3
3144	7
3145	6
3146	3
3147	5
3148	10
3149	5
3150	3
3151	3
3152	5
3153	5
3154	6
3155	9
3156	2
3157	3
3158	3
3159	5
3160	4
3161	9
3162	3
3163	2
3164	6
3165	6
3166	4
3167	5
3168	3
3169	4
3170	3
3171	5
3172	7
3173	3
3174	12
3175	3
3176	3
3177	7
3178	5
3179	5
3180	6
3181	5
3182	5
3183	6
3184	2
3185	3
3186	5
3187	3
3188	2
3189	4
3190	3
3191	6
3192	2
3193	5
3194	4
3195	7
3196	4
3197	3
3198	3
3199	3
3200	2
3201	6
3202	5
3203	4
3204	3
3205	2
3206	3
3207	3
3208	3
3209	2
3210	2
3211	6
3212	4
3213	3
3214	4
3215	2
3216	4
3217	3
3218	3
3219	4
3220	4
3221	2
3222	6
3223	2
3224	2
3225	5
3226	3
3227	8
3228	5
3229	4
3230	3
3231	7
3232	0
3233	3
3234	3
3235	0
3236	3
3237	2
3238	5
3239	5
3240	2
3241	8
3242	3
3243	4
3244	2
3245	6
3246	5
3247	2
3248	3
3249	2
3250	4
3251	3
3252	4
3253	3
3254	1
3255	3
3256	3
3257	5
3258	2
3259	2
3260	5
3261	6
3262	2
3263	4
3264	3
3265	2
3266	2
3267	6
3268	2
3269	3
3270	2
3271	5
3272	2
3273	3
3274	4
3275	1
3276	6
3277	1
3278	5
3279	3
3280	3
3281	3
3282	4
3283	1
3284	2
3285	2
3286	4
3287	2
3288	1
3289	4
3290	2
3291	3
3292	4
3293	2
3294	6
3295	1
3296	2
3297	4
3298	4
3299	4
3300	6
3301	2
3302	7
3303	0
3304	2
3305	5
3306	2
3307	1
3308	3
3309	3
3310	3
3311	1
3312	2
3313	3
3314	2
3315	3
3316	3
3317	0
3318	4
3319	1
3320	3
3321	7
3322	3
3323	5
3324	2
3325	1
3326	1
3327	4
3328	2
3329	4
3330	1
3331	1
3332	3
3333	2
3334	0
3335	1
3336	6
3337	6
3338	1
3339	3
3340	4
3341	1
3342	1
3343	2
3344	3
3345	2
3346	3
3347	2
3348	3
3349	1
3350	1
3351	3
3352	4
3353	1
3354	0
3355	6
3356	0
3357	1
3358	2
3359	1
3360	3
3361	1
3362	4
3363	0
3364	4
3365	1
3366	4
3367	6
3368	0
3369	2
3370	0
3371	2
3372	2
3373	1
3374	1
3375	0
3376	0
3377	2
3378	3
3379	2
3380	2
3381	2
3382	1
3383	5
3384	0
3385	1
3386	0
3387	2
3388	2
3389	2
3390	0
3391	1
3392	2
3393	2
3394	1
3395	0
3396	2
3397	1
3398	2
3399	1
3400	4
3401	1
3402	0
3403	2
3404	3
3405	3
3406	1
3407	0
3408	1
3409	2
3410	4
3411	3
3412	1
3413	3
3414	4
3415	1
3416	2
3417	0
3418	1
3419	2
3420	2
3421	0
3422	1
3423	3
3424	0
3425	1
3426	1
3427	2
3428	2
3429	1
3430	2
3431	2
3432	1
3433	0
3434	0
3435	1
3436	1
3437	2
3438	2
3439	1
3440	2
3441	1
3442	1
3443	1
3444	2
3445	0
3446	4
3447	0
3448	1
3449	1
3450	1
3451	1
3452	1
3453	2
3454	1
3455	1
3456	1
3457	2
3458	1
3459	1
3460	2
3461	0
3462	3
3463	0
3464	1
3465	0
3466	0
3467	0
3468	0
3469	1
3470	0
3471	1
3472	2
3473	0
3474	1
3475	2
3476	1
3477	1
3478	3
3479	0
3480	0
3481	4
3482	0
3483	1
3484	0
3485	0
3486	0
3487	2
3488	1
3489	2
3490	0
3491	1
3492	3
3493	1
3494	1
3495	1
3496	1
3497	2
3498	1
3499	1
3500	0
3501	2
3502	3
3503	2
3504	0
3505	0
3506	0
3507	0
3508	2
3509	2
3510	1
3511	0
3512	0
3513	0
3514	0
3515	1
3516	3
3517	0
3518	1
3519	0
3520	1
3521	2
3522	1
3523	1
3524	0
3525	0
3526	2
3527	1
3528	2
3529	1
3530	1
3531	0
3532	0
3533	1
3534	0
3535	0
3536	2
3537	1
3538	0
3539	0
3540	0
3541	0
3542	3
3543	0
3544	0
3545	2
3546	1
3547	1
3548	0
3549	2
3550	2
3551	0
3552	0
3553	1
3554	0
3555	0
3556	1
3557	1
3558	0
3559	0
3560	0
3561	0
3562	0
3563	0
3564	0
3565	1
3566	0
3567	1
3568	1
3569	0
3570	2
3571	0
3572	1
3573	1
3574	1
3575	0
3576	0
3577	1
3578	1
3579	2
3580	0
3581	0
3582	0
3583	1
3584	0
3585	1
3586	0
3587	0
3588	0
3589	1
3590	0
3591	0
3592	0
3593	1
3594	0
3595	0
3596	1
3597	0
3598	0
3599	0
3600	2
3601	0
3602	0
3603	0
3604	1
3605	0
3606	1
3607	0
3608	0
3609	2
3610	0
3611	0
3612	1
3613	0
3614	0
3615	0
3616	0
3617	0
3618	0
3619	0
3620	0
3621	0
3622	0
3623	1
3624	0
3625	2
3626	0
3627	0
3628	1
3629	0
3630	0
3631	0
3632	0
3633	1
3634	0
3635	1
3636	1
3637	0
3638	0
3639	0
3640	0
3641	0
3642	0
3643	0
3644	0
3645	0
3646	0
3647	0
3648	0
3649	0
3650	0
3651	1
3652	0
3653	1
3654	0
3655	0
3656	0
3657	3
3658	0
3659	0
3660	0
3661	0
3662	1
3663	0
3664	1
3665	0
3666	0
3667	0
3668	0
3669	0
3670	1
3671	0
3672	0
3673	0
3674	0
3675	0
3676	2
3677	0
3678	1
3679	2
3680	0
3681	0
3682	0
3683	0
3684	0
3685	0
3686	0
3687	0
3688	0
3689	0
3690	0
3691	0
3692	0
3693	0
3694	1
3695	0
3696	0
3697	0
3698	0
3699	0
3700	0
3701	0
3702	0
3703	0
3704	0
3705	0
3706	0
3707	0
3708	0
3709	0
3710	0
3711	0
3712	0
3713	0
3714	0
3715	0
3716	1
3717	0
3718	0
3719	0
3720	0
3721	0
3722	0
3723	0
3724	0
3725	0
3726	0
3727	0
3728	0
3729	0
3730	1
3731	0
3732	0
3733	0
3734	0
3735	0
3736	0
3737	0
3738	0
3739	0
3740	0
3741	1
3742	0
3743	0
3744	0
3745	0
3746	0
3747	0
3748	0
3749	0
3750	0
3751	0
3752	0
3753	0
3754	0
3755	0
3756	0
3757	0
3758	0
3759	0
3760	0
3761	0
3762	0
3763	0
3764	0
3765	0
3766	0
3767	0
3768	0
3769	0
3770	0
3771	0
3772	0
3773	0
3774	0
3775	0
3776	0
3777	0
3778	0
3779	0
3780	0
3781	0
3782	0
3783	0
3784	0
3785	0
3786	0
3787	0
3788	0
3789	1
3790	0
3791	0
3792	0
3793	0
3794	0
3795	0
3796	0
3797	0
3798	0
3799	0
3800	0
3801	0
3802	0
3803	0
3804	0
3805	1
3806	0
3807	1
3808	0
3809	0
3810	0
3811	0
3812	0
3813	0
3814	0
3815	0
3816	0
3817	0
3818	0
3819	0
3820	0
3821	0
3822	0
3823	0
3824	0
3825	0
3826	0
3827	0
3828	0
3829	0
3830	0
3831	0
3832	0
3833	1
3834	0
3835	0
3836	0
3837	0
3838	0
3839	0
3840	0
3841	0
3842	0
3843	0
3844	0
3845	0
3846	0
3847	0
3848	0
3849	1
3850	0
3851	0
3852	0
3853	0
3854	0
3855	0
3856	0
3857	2
3858	0
3859	0
3860	0
3861	0
3862	0
3863	0
3864	0
3865	0
3866	0
3867	0
3868	0
3869	0
3870	0
3871	0
3872	0
3873	0
3874	0
3875	0
3876	0
3877	0
3878	0
3879	0
3880	0
3881	0
3882	0
3883	0
3884	0
3885	0
3886	0
3887	0
3888	0
3889	0
3890	0
3891	0
3892	0
3893	1
3894	0
3895	0
3896	0
3897	0
3898	0
3899	0
3900	0
3901	0
3902	0
3903	0
3904	0
3905	0
3906	0
3907	0
3908	0
3909	0
3910	1
3911	0
3912	0
3913	0
3914	0
3915	0
3916	0
3917	0
3918	0
3919	0
3920	0
3921	0
3922	1
3923	0
3924	0
3925	0
3926	0
3927	0
3928	0
3929	0
3930	0
3931	0
3932	0
3933	0
3934	0
3935	0
3936	0
3937	0
3938	0
3939	0
3940	0
3941	0
3942	0
3943	0
3944	0
3945	0
3946	0
3947	0
3948	0
3949	0
3950	0
3951	0
3952	0
3953	0
3954	0
3955	0
3956	0
3957	0
3958	0
3959	0
3960	0
3961	0
3962	0
3963	0
3964	0
3965	0
3966	0
3967	0
3968	0
3969	0
3970	0
3971	0
3972	0
3973	0
3974	0
3975	0
3976	0
3977	0
3978	0
3979	0
3980	1
3981	0
3982	0
3983	0
3984	0
3985	0
3986	0
3987	0
3988	0
3989	0
3990	0
3991	0
3992	0
3993	0
3994	0
3995	0
3996	0
3997	0
3998	0
3999	0
4000	0
