Channel number	Impulses
Channel/#	Impulses/#

0	0
1	0
2	0
3	0
4	0
5	0
6	0
7	0
8	0
9	0
10	0
11	0
12	0
13	0
14	0
15	0
16	0
17	0
18	0
19	0
20	0
21	0
22	0
23	0
24	0
25	0
26	0
27	0
28	0
29	0
30	0
31	0
32	0
33	0
34	0
35	0
36	0
37	0
38	0
39	0
40	0
41	0
42	0
43	0
44	0
45	1
46	1
47	3
48	1
49	7
50	4
51	13
52	11
53	11
54	11
55	18
56	5
57	12
58	14
59	12
60	15
61	7
62	11
63	23
64	3
65	11
66	13
67	10
68	14
69	10
70	14
71	14
72	7
73	16
74	13
75	9
76	11
77	6
78	10
79	19
80	10
81	8
82	5
83	8
84	15
85	4
86	11
87	10
88	7
89	16
90	10
91	10
92	10
93	15
94	8
95	14
96	6
97	14
98	9
99	10
100	6
101	9
102	4
103	6
104	6
105	9
106	12
107	18
108	9
109	12
110	10
111	11
112	3
113	8
114	7
115	12
116	9
117	11
118	12
119	12
120	11
121	3
122	12
123	11
124	11
125	9
126	8
127	16
128	1
129	8
130	3
131	9
132	10
133	11
134	7
135	8
136	10
137	16
138	6
139	10
140	10
141	8
142	5
143	9
144	7
145	9
146	10
147	10
148	6
149	17
150	3
151	11
152	3
153	6
154	5
155	9
156	6
157	11
158	9
159	8
160	3
161	9
162	11
163	9
164	8
165	4
166	9
167	9
168	6
169	9
170	11
171	7
172	16
173	11
174	8
175	9
176	2
177	4
178	4
179	3
180	10
181	8
182	7
183	9
184	3
185	8
186	6
187	7
188	5
189	10
190	7
191	12
192	4
193	10
194	12
195	6
196	7
197	5
198	5
199	10
200	9
201	7
202	3
203	2
204	7
205	4
206	2
207	6
208	8
209	2
210	8
211	13
212	5
213	3
214	10
215	4
216	2
217	2
218	3
219	5
220	3
221	7
222	2
223	15
224	3
225	10
226	7
227	6
228	6
229	9
230	7
231	6
232	3
233	7
234	6
235	3
236	9
237	9
238	4
239	6
240	2
241	4
242	3
243	3
244	4
245	4
246	3
247	4
248	3
249	3
250	4
251	8
252	3
253	9
254	7
255	12
256	3
257	6
258	9
259	5
260	5
261	7
262	10
263	5
264	5
265	5
266	4
267	5
268	6
269	3
270	3
271	7
272	5
273	8
274	4
275	6
276	3
277	4
278	4
279	12
280	3
281	5
282	8
283	4
284	3
285	9
286	3
287	5
288	4
289	5
290	9
291	7
292	7
293	2
294	10
295	2
296	1
297	2
298	3
299	5
300	3
301	4
302	5
303	3
304	6
305	7
306	11
307	6
308	6
309	5
310	8
311	2
312	5
313	6
314	6
315	5
316	2
317	7
318	6
319	8
320	4
321	7
322	3
323	5
324	7
325	7
326	12
327	4
328	3
329	6
330	2
331	5
332	3
333	7
334	2
335	9
336	3
337	4
338	6
339	7
340	4
341	4
342	1
343	7
344	3
345	6
346	4
347	5
348	3
349	2
350	4
351	7
352	5
353	9
354	4
355	7
356	3
357	4
358	8
359	6
360	3
361	4
362	2
363	4
364	6
365	8
366	10
367	8
368	1
369	1
370	10
371	5
372	5
373	3
374	7
375	4
376	5
377	3
378	4
379	4
380	3
381	1
382	2
383	4
384	1
385	1
386	2
387	6
388	6
389	1
390	2
391	5
392	2
393	7
394	3
395	4
396	1
397	2
398	1
399	9
400	5
401	3
402	2
403	6
404	1
405	3
406	6
407	2
408	3
409	4
410	3
411	5
412	4
413	5
414	2
415	3
416	2
417	2
418	7
419	4
420	2
421	3
422	5
423	4
424	3
425	3
426	4
427	3
428	6
429	3
430	3
431	2
432	5
433	2
434	2
435	7
436	1
437	3
438	6
439	4
440	0
441	3
442	2
443	3
444	7
445	4
446	2
447	7
448	3
449	3
450	1
451	1
452	2
453	5
454	3
455	2
456	6
457	4
458	4
459	3
460	7
461	4
462	4
463	5
464	1
465	2
466	6
467	6
468	7
469	2
470	4
471	2
472	1
473	3
474	5
475	5
476	1
477	6
478	3
479	10
480	1
481	4
482	3
483	4
484	2
485	4
486	2
487	2
488	6
489	3
490	5
491	2
492	4
493	6
494	3
495	4
496	1
497	1
498	4
499	3
500	3
501	5
502	1
503	2
504	3
505	5
506	4
507	2
508	4
509	3
510	5
511	9
512	1
513	1
514	5
515	3
516	6
517	0
518	4
519	1
520	2
521	1
522	1
523	3
524	2
525	6
526	5
527	5
528	6
529	3
530	3
531	1
532	7
533	4
534	5
535	2
536	6
537	2
538	4
539	6
540	4
541	6
542	5
543	4
544	1
545	5
546	0
547	5
548	8
549	3
550	4
551	6
552	2
553	2
554	2
555	3
556	3
557	4
558	1
559	3
560	3
561	2
562	3
563	3
564	6
565	5
566	4
567	6
568	4
569	7
570	5
571	2
572	0
573	4
574	5
575	6
576	2
577	4
578	3
579	3
580	2
581	0
582	4
583	4
584	2
585	4
586	6
587	7
588	1
589	2
590	2
591	1
592	2
593	5
594	2
595	1
596	5
597	2
598	2
599	1
600	2
601	3
602	3
603	2
604	3
605	4
606	1
607	9
608	6
609	3
610	2
611	1
612	6
613	4
614	1
615	1
616	1
617	4
618	2
619	1
620	4
621	4
622	5
623	6
624	0
625	3
626	2
627	6
628	6
629	3
630	2
631	1
632	4
633	6
634	5
635	5
636	4
637	4
638	3
639	2
640	0
641	3
642	2
643	4
644	4
645	3
646	4
647	2
648	1
649	4
650	4
651	4
652	3
653	3
654	5
655	2
656	1
657	4
658	3
659	4
660	2
661	5
662	3
663	2
664	5
665	4
666	3
667	11
668	1
669	3
670	2
671	4
672	2
673	6
674	2
675	4
676	1
677	2
678	2
679	3
680	4
681	4
682	2
683	0
684	1
685	1
686	5
687	3
688	4
689	5
690	5
691	4
692	5
693	4
694	3
695	5
696	2
697	2
698	7
699	3
700	6
701	6
702	3
703	11
704	2
705	2
706	1
707	5
708	3
709	5
710	2
711	6
712	3
713	4
714	1
715	2
716	2
717	6
718	3
719	4
720	2
721	2
722	4
723	2
724	2
725	2
726	7
727	1
728	4
729	5
730	2
731	2
732	6
733	2
734	5
735	5
736	0
737	5
738	4
739	9
740	0
741	1
742	3
743	6
744	2
745	3
746	2
747	5
748	3
749	4
750	6
751	4
752	0
753	2
754	6
755	5
756	6
757	3
758	7
759	4
760	6
761	4
762	4
763	8
764	4
765	2
766	3
767	6
768	0
769	7
770	3
771	1
772	4
773	2
774	7
775	6
776	4
777	3
778	2
779	7
780	2
781	3
782	3
783	4
784	6
785	3
786	3
787	3
788	4
789	4
790	6
791	5
792	4
793	5
794	4
795	7
796	1
797	4
798	4
799	7
800	3
801	14
802	4
803	5
804	4
805	5
806	6
807	6
808	2
809	3
810	2
811	8
812	4
813	6
814	3
815	2
816	6
817	2
818	7
819	6
820	4
821	1
822	4
823	4
824	3
825	4
826	1
827	9
828	7
829	4
830	4
831	12
832	7
833	7
834	3
835	7
836	7
837	3
838	4
839	4
840	7
841	6
842	3
843	3
844	4
845	6
846	5
847	6
848	8
849	4
850	7
851	8
852	6
853	6
854	2
855	6
856	3
857	5
858	4
859	6
860	4
861	9
862	6
863	6
864	5
865	6
866	4
867	12
868	4
869	7
870	9
871	5
872	5
873	7
874	4
875	2
876	4
877	3
878	6
879	6
880	2
881	6
882	6
883	10
884	8
885	9
886	7
887	2
888	4
889	6
890	3
891	9
892	7
893	7
894	5
895	11
896	3
897	7
898	4
899	8
900	5
901	6
902	4
903	8
904	10
905	6
906	8
907	8
908	7
909	3
910	3
911	4
912	1
913	4
914	4
915	7
916	8
917	3
918	2
919	5
920	4
921	4
922	5
923	4
924	8
925	2
926	2
927	4
928	2
929	5
930	5
931	4
932	2
933	1
934	7
935	8
936	5
937	8
938	7
939	7
940	2
941	7
942	2
943	8
944	7
945	3
946	8
947	6
948	5
949	7
950	5
951	7
952	4
953	1
954	4
955	6
956	8
957	5
958	4
959	6
960	5
961	5
962	11
963	5
964	6
965	7
966	7
967	2
968	14
969	5
970	5
971	11
972	7
973	8
974	8
975	2
976	4
977	5
978	4
979	4
980	5
981	3
982	9
983	5
984	5
985	4
986	6
987	5
988	8
989	6
990	3
991	8
992	3
993	5
994	6
995	8
996	4
997	5
998	8
999	8
1000	7
1001	5
1002	4
1003	9
1004	7
1005	6
1006	12
1007	9
1008	7
1009	7
1010	4
1011	7
1012	5
1013	7
1014	5
1015	2
1016	6
1017	6
1018	7
1019	3
1020	6
1021	12
1022	6
1023	8
1024	3
1025	5
1026	7
1027	13
1028	5
1029	9
1030	10
1031	8
1032	4
1033	8
1034	10
1035	9
1036	6
1037	7
1038	8
1039	5
1040	7
1041	4
1042	9
1043	8
1044	8
1045	4
1046	12
1047	11
1048	5
1049	10
1050	6
1051	10
1052	11
1053	8
1054	11
1055	10
1056	5
1057	5
1058	12
1059	8
1060	7
1061	5
1062	11
1063	12
1064	3
1065	14
1066	4
1067	14
1068	14
1069	7
1070	9
1071	10
1072	9
1073	7
1074	9
1075	9
1076	5
1077	7
1078	11
1079	5
1080	9
1081	11
1082	10
1083	13
1084	8
1085	9
1086	3
1087	9
1088	4
1089	13
1090	5
1091	10
1092	7
1093	10
1094	10
1095	12
1096	4
1097	13
1098	3
1099	6
1100	12
1101	5
1102	6
1103	13
1104	2
1105	6
1106	6
1107	9
1108	8
1109	6
1110	8
1111	10
1112	7
1113	8
1114	9
1115	9
1116	10
1117	12
1118	9
1119	9
1120	3
1121	8
1122	3
1123	10
1124	7
1125	8
1126	9
1127	10
1128	6
1129	11
1130	6
1131	6
1132	14
1133	14
1134	7
1135	11
1136	3
1137	12
1138	9
1139	11
1140	4
1141	11
1142	7
1143	8
1144	8
1145	10
1146	13
1147	11
1148	10
1149	12
1150	2
1151	18
1152	3
1153	11
1154	7
1155	13
1156	11
1157	8
1158	9
1159	11
1160	13
1161	12
1162	8
1163	10
1164	12
1165	8
1166	4
1167	7
1168	9
1169	11
1170	8
1171	11
1172	6
1173	10
1174	4
1175	7
1176	8
1177	9
1178	5
1179	8
1180	5
1181	13
1182	5
1183	7
1184	5
1185	6
1186	8
1187	12
1188	8
1189	10
1190	10
1191	25
1192	6
1193	9
1194	8
1195	10
1196	11
1197	10
1198	6
1199	9
1200	8
1201	14
1202	9
1203	15
1204	6
1205	8
1206	12
1207	11
1208	6
1209	16
1210	11
1211	16
1212	15
1213	13
1214	11
1215	18
1216	4
1217	8
1218	14
1219	10
1220	13
1221	9
1222	17
1223	9
1224	12
1225	11
1226	16
1227	13
1228	11
1229	15
1230	6
1231	16
1232	11
1233	12
1234	17
1235	14
1236	14
1237	13
1238	12
1239	9
1240	4
1241	24
1242	7
1243	17
1244	10
1245	16
1246	9
1247	20
1248	10
1249	12
1250	17
1251	15
1252	12
1253	12
1254	14
1255	10
1256	8
1257	16
1258	12
1259	16
1260	11
1261	12
1262	19
1263	20
1264	8
1265	16
1266	14
1267	21
1268	15
1269	10
1270	15
1271	7
1272	15
1273	11
1274	15
1275	20
1276	13
1277	7
1278	10
1279	18
1280	5
1281	13
1282	16
1283	10
1284	10
1285	10
1286	12
1287	13
1288	14
1289	20
1290	9
1291	12
1292	10
1293	11
1294	21
1295	14
1296	14
1297	16
1298	10
1299	20
1300	11
1301	14
1302	18
1303	12
1304	15
1305	12
1306	13
1307	20
1308	13
1309	16
1310	17
1311	14
1312	9
1313	17
1314	14
1315	20
1316	20
1317	6
1318	19
1319	9
1320	8
1321	13
1322	10
1323	10
1324	17
1325	23
1326	12
1327	14
1328	16
1329	18
1330	7
1331	17
1332	13
1333	21
1334	10
1335	8
1336	11
1337	10
1338	14
1339	16
1340	23
1341	16
1342	19
1343	15
1344	5
1345	17
1346	15
1347	16
1348	16
1349	13
1350	15
1351	15
1352	11
1353	18
1354	17
1355	19
1356	16
1357	13
1358	14
1359	16
1360	12
1361	12
1362	18
1363	18
1364	16
1365	11
1366	20
1367	9
1368	18
1369	19
1370	10
1371	15
1372	17
1373	15
1374	13
1375	20
1376	10
1377	14
1378	16
1379	15
1380	16
1381	14
1382	6
1383	17
1384	11
1385	8
1386	11
1387	16
1388	11
1389	10
1390	19
1391	27
1392	10
1393	15
1394	16
1395	22
1396	15
1397	10
1398	19
1399	16
1400	18
1401	21
1402	14
1403	16
1404	17
1405	23
1406	18
1407	24
1408	9
1409	17
1410	17
1411	13
1412	15
1413	18
1414	18
1415	19
1416	20
1417	28
1418	18
1419	13
1420	15
1421	21
1422	14
1423	15
1424	9
1425	16
1426	13
1427	22
1428	9
1429	15
1430	21
1431	15
1432	17
1433	15
1434	16
1435	16
1436	19
1437	18
1438	14
1439	25
1440	12
1441	11
1442	16
1443	20
1444	19
1445	15
1446	22
1447	21
1448	9
1449	14
1450	17
1451	18
1452	20
1453	12
1454	17
1455	19
1456	10
1457	22
1458	13
1459	16
1460	14
1461	7
1462	17
1463	24
1464	13
1465	22
1466	21
1467	17
1468	19
1469	13
1470	23
1471	21
1472	17
1473	15
1474	17
1475	18
1476	13
1477	11
1478	18
1479	14
1480	19
1481	23
1482	21
1483	14
1484	21
1485	14
1486	9
1487	24
1488	16
1489	17
1490	11
1491	26
1492	20
1493	16
1494	25
1495	11
1496	28
1497	14
1498	10
1499	14
1500	22
1501	17
1502	20
1503	27
1504	18
1505	19
1506	15
1507	17
1508	22
1509	24
1510	21
1511	30
1512	11
1513	24
1514	14
1515	21
1516	17
1517	19
1518	15
1519	22
1520	14
1521	30
1522	18
1523	20
1524	26
1525	15
1526	22
1527	21
1528	15
1529	21
1530	21
1531	15
1532	11
1533	21
1534	22
1535	30
1536	18
1537	19
1538	14
1539	23
1540	18
1541	19
1542	18
1543	27
1544	21
1545	19
1546	22
1547	20
1548	20
1549	27
1550	20
1551	18
1552	14
1553	22
1554	23
1555	21
1556	17
1557	15
1558	12
1559	16
1560	25
1561	27
1562	27
1563	17
1564	19
1565	24
1566	19
1567	22
1568	9
1569	18
1570	21
1571	22
1572	16
1573	16
1574	23
1575	19
1576	14
1577	25
1578	23
1579	24
1580	19
1581	21
1582	23
1583	16
1584	15
1585	27
1586	20
1587	32
1588	17
1589	26
1590	30
1591	28
1592	18
1593	27
1594	16
1595	23
1596	18
1597	24
1598	12
1599	20
1600	17
1601	21
1602	22
1603	30
1604	24
1605	21
1606	25
1607	23
1608	20
1609	30
1610	20
1611	26
1612	18
1613	22
1614	20
1615	21
1616	13
1617	27
1618	25
1619	18
1620	20
1621	12
1622	23
1623	25
1624	26
1625	23
1626	14
1627	21
1628	16
1629	19
1630	26
1631	31
1632	20
1633	26
1634	20
1635	24
1636	28
1637	26
1638	25
1639	24
1640	15
1641	28
1642	17
1643	14
1644	23
1645	22
1646	23
1647	27
1648	14
1649	28
1650	24
1651	25
1652	25
1653	18
1654	22
1655	22
1656	15
1657	25
1658	21
1659	20
1660	22
1661	17
1662	23
1663	33
1664	16
1665	21
1666	18
1667	29
1668	28
1669	23
1670	29
1671	17
1672	20
1673	25
1674	17
1675	19
1676	29
1677	24
1678	20
1679	16
1680	17
1681	28
1682	16
1683	33
1684	22
1685	27
1686	31
1687	22
1688	29
1689	21
1690	29
1691	17
1692	18
1693	21
1694	21
1695	34
1696	18
1697	21
1698	16
1699	13
1700	26
1701	22
1702	27
1703	28
1704	33
1705	30
1706	18
1707	20
1708	36
1709	24
1710	30
1711	20
1712	24
1713	18
1714	21
1715	23
1716	31
1717	24
1718	27
1719	17
1720	26
1721	24
1722	19
1723	30
1724	25
1725	27
1726	23
1727	27
1728	23
1729	24
1730	22
1731	23
1732	27
1733	20
1734	24
1735	23
1736	33
1737	25
1738	30
1739	24
1740	29
1741	41
1742	31
1743	28
1744	28
1745	27
1746	37
1747	30
1748	26
1749	29
1750	32
1751	21
1752	27
1753	22
1754	15
1755	27
1756	33
1757	26
1758	25
1759	42
1760	24
1761	33
1762	29
1763	27
1764	38
1765	20
1766	31
1767	29
1768	23
1769	25
1770	27
1771	25
1772	35
1773	36
1774	41
1775	32
1776	19
1777	37
1778	27
1779	46
1780	26
1781	22
1782	37
1783	32
1784	25
1785	29
1786	20
1787	43
1788	25
1789	22
1790	30
1791	43
1792	23
1793	33
1794	28
1795	28
1796	31
1797	30
1798	23
1799	20
1800	37
1801	30
1802	27
1803	32
1804	52
1805	41
1806	36
1807	30
1808	28
1809	26
1810	34
1811	46
1812	29
1813	33
1814	39
1815	22
1816	32
1817	47
1818	27
1819	44
1820	29
1821	32
1822	37
1823	37
1824	23
1825	34
1826	34
1827	28
1828	50
1829	31
1830	32
1831	42
1832	22
1833	31
1834	26
1835	41
1836	43
1837	36
1838	28
1839	29
1840	21
1841	47
1842	42
1843	41
1844	35
1845	25
1846	45
1847	33
1848	42
1849	49
1850	19
1851	37
1852	42
1853	33
1854	43
1855	31
1856	30
1857	42
1858	36
1859	41
1860	53
1861	24
1862	46
1863	35
1864	40
1865	51
1866	38
1867	33
1868	41
1869	47
1870	41
1871	50
1872	32
1873	49
1874	46
1875	60
1876	48
1877	36
1878	58
1879	36
1880	42
1881	55
1882	53
1883	59
1884	53
1885	54
1886	53
1887	56
1888	54
1889	55
1890	60
1891	50
1892	79
1893	44
1894	83
1895	68
1896	64
1897	80
1898	62
1899	68
1900	114
1901	79
1902	72
1903	67
1904	86
1905	70
1906	88
1907	108
1908	97
1909	70
1910	129
1911	92
1912	70
1913	109
1914	82
1915	106
1916	100
1917	103
1918	101
1919	102
1920	95
1921	115
1922	116
1923	99
1924	172
1925	94
1926	131
1927	100
1928	115
1929	152
1930	107
1931	122
1932	144
1933	104
1934	135
1935	103
1936	164
1937	131
1938	148
1939	137
1940	139
1941	99
1942	155
1943	88
1944	170
1945	170
1946	139
1947	147
1948	149
1949	148
1950	151
1951	150
1952	133
1953	131
1954	161
1955	128
1956	189
1957	97
1958	175
1959	132
1960	117
1961	147
1962	119
1963	142
1964	184
1965	132
1966	136
1967	91
1968	147
1969	133
1970	139
1971	137
1972	131
1973	101
1974	166
1975	111
1976	107
1977	143
1978	106
1979	133
1980	113
1981	113
1982	107
1983	94
1984	100
1985	112
1986	99
1987	110
1988	128
1989	69
1990	114
1991	69
1992	97
1993	88
1994	83
1995	89
1996	107
1997	88
1998	102
1999	87
2000	82
2001	74
2002	57
2003	73
2004	87
2005	55
2006	87
2007	55
2008	95
2009	79
2010	57
2011	79
2012	69
2013	60
2014	56
2015	56
2016	64
2017	50
2018	87
2019	42
2020	64
2021	42
2022	65
2023	39
2024	47
2025	56
2026	35
2027	43
2028	48
2029	31
2030	38
2031	30
2032	29
2033	40
2034	30
2035	38
2036	37
2037	25
2038	38
2039	27
2040	39
2041	29
2042	21
2043	23
2044	29
2045	27
2046	20
2047	25
2048	19
2049	29
2050	24
2051	28
2052	26
2053	22
2054	29
2055	17
2056	16
2057	36
2058	24
2059	33
2060	29
2061	24
2062	20
2063	26
2064	24
2065	20
2066	25
2067	38
2068	18
2069	21
2070	23
2071	23
2072	15
2073	19
2074	22
2075	25
2076	22
2077	19
2078	16
2079	31
2080	22
2081	18
2082	26
2083	25
2084	14
2085	19
2086	22
2087	15
2088	18
2089	30
2090	10
2091	18
2092	27
2093	29
2094	18
2095	25
2096	15
2097	26
2098	21
2099	21
2100	16
2101	21
2102	19
2103	21
2104	14
2105	33
2106	30
2107	24
2108	19
2109	27
2110	28
2111	32
2112	20
2113	24
2114	23
2115	21
2116	29
2117	17
2118	32
2119	15
2120	28
2121	27
2122	22
2123	19
2124	23
2125	35
2126	21
2127	21
2128	19
2129	24
2130	23
2131	25
2132	28
2133	28
2134	35
2135	22
2136	21
2137	36
2138	24
2139	33
2140	33
2141	31
2142	33
2143	37
2144	23
2145	35
2146	34
2147	21
2148	31
2149	23
2150	32
2151	31
2152	24
2153	33
2154	24
2155	26
2156	30
2157	33
2158	40
2159	39
2160	24
2161	30
2162	24
2163	44
2164	30
2165	22
2166	43
2167	29
2168	33
2169	46
2170	25
2171	35
2172	34
2173	34
2174	39
2175	34
2176	19
2177	43
2178	43
2179	42
2180	49
2181	33
2182	48
2183	29
2184	30
2185	48
2186	29
2187	31
2188	40
2189	38
2190	38
2191	37
2192	37
2193	28
2194	45
2195	44
2196	42
2197	42
2198	40
2199	45
2200	35
2201	46
2202	30
2203	51
2204	37
2205	47
2206	39
2207	49
2208	38
2209	34
2210	47
2211	44
2212	50
2213	34
2214	40
2215	43
2216	21
2217	35
2218	30
2219	33
2220	39
2221	38
2222	42
2223	28
2224	34
2225	38
2226	29
2227	48
2228	31
2229	38
2230	46
2231	27
2232	26
2233	48
2234	26
2235	30
2236	33
2237	36
2238	40
2239	20
2240	44
2241	42
2242	29
2243	34
2244	35
2245	25
2246	47
2247	27
2248	32
2249	36
2250	26
2251	29
2252	38
2253	30
2254	34
2255	23
2256	24
2257	24
2258	26
2259	44
2260	27
2261	26
2262	31
2263	15
2264	28
2265	23
2266	16
2267	29
2268	26
2269	28
2270	27
2271	31
2272	21
2273	14
2274	19
2275	23
2276	28
2277	12
2278	22
2279	26
2280	19
2281	20
2282	15
2283	18
2284	28
2285	26
2286	13
2287	22
2288	11
2289	9
2290	23
2291	23
2292	20
2293	8
2294	23
2295	18
2296	17
2297	25
2298	10
2299	16
2300	15
2301	21
2302	18
2303	12
2304	19
2305	13
2306	13
2307	19
2308	15
2309	14
2310	16
2311	12
2312	14
2313	22
2314	12
2315	20
2316	18
2317	18
2318	13
2319	23
2320	12
2321	20
2322	10
2323	12
2324	11
2325	16
2326	23
2327	4
2328	14
2329	16
2330	13
2331	18
2332	17
2333	10
2334	20
2335	17
2336	18
2337	12
2338	19
2339	18
2340	16
2341	11
2342	9
2343	13
2344	10
2345	31
2346	14
2347	9
2348	16
2349	15
2350	18
2351	15
2352	8
2353	14
2354	9
2355	18
2356	12
2357	10
2358	8
2359	8
2360	13
2361	14
2362	15
2363	13
2364	19
2365	11
2366	13
2367	13
2368	11
2369	13
2370	12
2371	11
2372	10
2373	16
2374	10
2375	8
2376	11
2377	16
2378	7
2379	10
2380	12
2381	15
2382	14
2383	10
2384	17
2385	13
2386	16
2387	18
2388	12
2389	9
2390	17
2391	10
2392	9
2393	21
2394	6
2395	14
2396	7
2397	13
2398	9
2399	10
2400	10
2401	17
2402	12
2403	12
2404	11
2405	10
2406	19
2407	14
2408	8
2409	16
2410	12
2411	13
2412	11
2413	11
2414	9
2415	9
2416	10
2417	12
2418	13
2419	15
2420	17
2421	13
2422	13
2423	14
2424	6
2425	15
2426	11
2427	14
2428	12
2429	12
2430	8
2431	7
2432	10
2433	7
2434	9
2435	4
2436	11
2437	10
2438	16
2439	8
2440	13
2441	12
2442	9
2443	9
2444	20
2445	12
2446	10
2447	10
2448	12
2449	9
2450	10
2451	16
2452	12
2453	9
2454	16
2455	10
2456	9
2457	13
2458	9
2459	15
2460	9
2461	13
2462	14
2463	11
2464	12
2465	15
2466	11
2467	12
2468	12
2469	12
2470	19
2471	13
2472	8
2473	15
2474	7
2475	18
2476	14
2477	7
2478	9
2479	12
2480	6
2481	10
2482	10
2483	16
2484	17
2485	10
2486	14
2487	14
2488	8
2489	11
2490	10
2491	11
2492	8
2493	11
2494	12
2495	9
2496	13
2497	17
2498	14
2499	15
2500	16
2501	7
2502	11
2503	13
2504	10
2505	10
2506	5
2507	13
2508	14
2509	10
2510	17
2511	7
2512	18
2513	15
2514	7
2515	14
2516	14
2517	12
2518	19
2519	13
2520	21
2521	14
2522	9
2523	18
2524	16
2525	16
2526	13
2527	20
2528	6
2529	11
2530	18
2531	11
2532	21
2533	13
2534	12
2535	10
2536	13
2537	15
2538	12
2539	11
2540	14
2541	14
2542	14
2543	13
2544	13
2545	11
2546	9
2547	20
2548	13
2549	14
2550	15
2551	14
2552	18
2553	13
2554	11
2555	11
2556	17
2557	15
2558	7
2559	12
2560	11
2561	10
2562	15
2563	14
2564	11
2565	14
2566	20
2567	12
2568	13
2569	9
2570	13
2571	7
2572	12
2573	10
2574	9
2575	5
2576	21
2577	9
2578	11
2579	12
2580	18
2581	11
2582	8
2583	8
2584	12
2585	13
2586	5
2587	21
2588	5
2589	10
2590	8
2591	15
2592	18
2593	12
2594	9
2595	11
2596	13
2597	14
2598	11
2599	10
2600	14
2601	11
2602	11
2603	11
2604	15
2605	13
2606	5
2607	11
2608	8
2609	17
2610	10
2611	12
2612	12
2613	15
2614	16
2615	6
2616	8
2617	9
2618	5
2619	15
2620	10
2621	6
2622	10
2623	3
2624	13
2625	13
2626	11
2627	5
2628	12
2629	12
2630	13
2631	6
2632	5
2633	10
2634	12
2635	2
2636	18
2637	3
2638	4
2639	6
2640	8
2641	9
2642	8
2643	7
2644	14
2645	7
2646	14
2647	5
2648	5
2649	2
2650	5
2651	10
2652	13
2653	9
2654	5
2655	11
2656	19
2657	6
2658	8
2659	8
2660	7
2661	11
2662	8
2663	9
2664	7
2665	8
2666	7
2667	6
2668	11
2669	6
2670	4
2671	8
2672	7
2673	6
2674	12
2675	6
2676	6
2677	3
2678	11
2679	8
2680	5
2681	7
2682	2
2683	11
2684	11
2685	4
2686	11
2687	8
2688	6
2689	8
2690	3
2691	8
2692	10
2693	6
2694	19
2695	9
2696	11
2697	12
2698	10
2699	11
2700	10
2701	14
2702	7
2703	4
2704	6
2705	11
2706	4
2707	10
2708	14
2709	13
2710	8
2711	6
2712	13
2713	14
2714	4
2715	10
2716	11
2717	6
2718	7
2719	12
2720	6
2721	14
2722	8
2723	5
2724	7
2725	5
2726	14
2727	3
2728	6
2729	4
2730	3
2731	9
2732	4
2733	8
2734	8
2735	10
2736	15
2737	6
2738	9
2739	8
2740	8
2741	4
2742	9
2743	12
2744	8
2745	8
2746	6
2747	7
2748	8
2749	7
2750	10
2751	8
2752	8
2753	5
2754	5
2755	10
2756	9
2757	3
2758	9
2759	3
2760	10
2761	11
2762	6
2763	8
2764	10
2765	10
2766	8
2767	10
2768	8
2769	14
2770	6
2771	10
2772	6
2773	8
2774	5
2775	6
2776	8
2777	6
2778	5
2779	12
2780	5
2781	5
2782	3
2783	7
2784	8
2785	12
2786	5
2787	4
2788	10
2789	8
2790	12
2791	5
2792	6
2793	7
2794	9
2795	9
2796	8
2797	17
2798	5
2799	10
2800	10
2801	9
2802	3
2803	9
2804	10
2805	3
2806	5
2807	6
2808	8
2809	8
2810	6
2811	8
2812	4
2813	10
2814	7
2815	3
2816	8
2817	7
2818	5
2819	8
2820	8
2821	4
2822	5
2823	4
2824	6
2825	10
2826	4
2827	8
2828	7
2829	7
2830	8
2831	7
2832	6
2833	7
2834	2
2835	8
2836	4
2837	6
2838	10
2839	5
2840	4
2841	10
2842	6
2843	7
2844	7
2845	5
2846	5
2847	7
2848	10
2849	4
2850	11
2851	6
2852	8
2853	9
2854	7
2855	6
2856	4
2857	9
2858	5
2859	10
2860	9
2861	6
2862	9
2863	9
2864	5
2865	5
2866	9
2867	5
2868	6
2869	6
2870	10
2871	5
2872	3
2873	4
2874	2
2875	8
2876	9
2877	9
2878	11
2879	6
2880	8
2881	5
2882	8
2883	5
2884	8
2885	7
2886	9
2887	2
2888	8
2889	4
2890	4
2891	2
2892	9
2893	5
2894	9
2895	5
2896	8
2897	9
2898	6
2899	7
2900	4
2901	4
2902	9
2903	5
2904	2
2905	7
2906	3
2907	9
2908	8
2909	3
2910	5
2911	7
2912	6
2913	6
2914	4
2915	2
2916	6
2917	5
2918	10
2919	8
2920	6
2921	3
2922	5
2923	2
2924	7
2925	5
2926	8
2927	5
2928	6
2929	4
2930	5
2931	1
2932	9
2933	2
2934	5
2935	2
2936	2
2937	2
2938	2
2939	10
2940	7
2941	5
2942	3
2943	11
2944	7
2945	4
2946	4
2947	4
2948	5
2949	2
2950	11
2951	2
2952	4
2953	13
2954	8
2955	6
2956	5
2957	5
2958	2
2959	0
2960	6
2961	2
2962	6
2963	7
2964	5
2965	7
2966	6
2967	5
2968	5
2969	3
2970	7
2971	10
2972	8
2973	6
2974	10
2975	4
2976	2
2977	4
2978	2
2979	3
2980	6
2981	3
2982	7
2983	4
2984	3
2985	8
2986	4
2987	4
2988	7
2989	5
2990	5
2991	3
2992	5
2993	2
2994	8
2995	6
2996	8
2997	4
2998	4
2999	2
3000	2
3001	5
3002	4
3003	7
3004	5
3005	5
3006	3
3007	4
3008	2
3009	4
3010	7
3011	7
3012	10
3013	1
3014	7
3015	3
3016	6
3017	5
3018	6
3019	3
3020	6
3021	1
3022	4
3023	6
3024	5
3025	4
3026	12
3027	8
3028	7
3029	6
3030	4
3031	5
3032	9
3033	7
3034	5
3035	4
3036	3
3037	5
3038	2
3039	2
3040	7
3041	5
3042	5
3043	4
3044	13
3045	3
3046	4
3047	0
3048	6
3049	9
3050	7
3051	6
3052	7
3053	6
3054	9
3055	6
3056	0
3057	6
3058	5
3059	3
3060	5
3061	3
3062	4
3063	0
3064	1
3065	6
3066	2
3067	9
3068	8
3069	6
3070	3
3071	0
3072	9
3073	2
3074	6
3075	3
3076	4
3077	6
3078	5
3079	1
3080	2
3081	4
3082	2
3083	8
3084	5
3085	4
3086	5
3087	4
3088	4
3089	5
3090	7
3091	10
3092	4
3093	2
3094	4
3095	3
3096	3
3097	1
3098	1
3099	6
3100	5
3101	4
3102	3
3103	3
3104	3
3105	0
3106	6
3107	5
3108	2
3109	2
3110	1
3111	7
3112	2
3113	3
3114	1
3115	3
3116	6
3117	4
3118	5
3119	6
3120	4
3121	3
3122	5
3123	7
3124	9
3125	3
3126	8
3127	5
3128	3
3129	5
3130	2
3131	11
3132	2
3133	3
3134	1
3135	3
3136	4
3137	1
3138	8
3139	6
3140	3
3141	2
3142	3
3143	3
3144	1
3145	5
3146	1
3147	3
3148	7
3149	4
3150	3
3151	6
3152	1
3153	1
3154	4
3155	6
3156	2
3157	3
3158	3
3159	2
3160	5
3161	3
3162	5
3163	7
3164	5
3165	2
3166	4
3167	4
3168	4
3169	4
3170	1
3171	3
3172	5
3173	2
3174	4
3175	2
3176	4
3177	8
3178	2
3179	3
3180	5
3181	3
3182	3
3183	2
3184	0
3185	3
3186	6
3187	4
3188	4
3189	3
3190	1
3191	6
3192	2
3193	1
3194	6
3195	6
3196	8
3197	2
3198	0
3199	1
3200	4
3201	2
3202	4
3203	2
3204	1
3205	5
3206	7
3207	5
3208	3
3209	2
3210	2
3211	2
3212	6
3213	4
3214	5
3215	4
3216	2
3217	1
3218	6
3219	3
3220	1
3221	0
3222	3
3223	4
3224	3
3225	2
3226	1
3227	6
3228	1
3229	1
3230	6
3231	2
3232	1
3233	1
3234	1
3235	2
3236	1
3237	3
3238	3
3239	2
3240	4
3241	3
3242	2
3243	7
3244	2
3245	4
3246	6
3247	3
3248	3
3249	2
3250	2
3251	5
3252	2
3253	0
3254	5
3255	1
3256	2
3257	5
3258	0
3259	2
3260	4
3261	3
3262	1
3263	3
3264	1
3265	1
3266	3
3267	2
3268	6
3269	2
3270	4
3271	1
3272	1
3273	4
3274	1
3275	2
3276	2
3277	2
3278	2
3279	2
3280	3
3281	2
3282	3
3283	4
3284	3
3285	6
3286	1
3287	2
3288	2
3289	6
3290	2
3291	7
3292	4
3293	1
3294	1
3295	3
3296	1
3297	2
3298	3
3299	4
3300	0
3301	1
3302	7
3303	1
3304	3
3305	1
3306	1
3307	3
3308	2
3309	3
3310	3
3311	0
3312	0
3313	2
3314	3
3315	1
3316	2
3317	1
3318	5
3319	4
3320	2
3321	3
3322	2
3323	3
3324	3
3325	3
3326	1
3327	2
3328	3
3329	2
3330	1
3331	2
3332	4
3333	0
3334	3
3335	5
3336	4
3337	4
3338	2
3339	3
3340	3
3341	2
3342	2
3343	0
3344	0
3345	1
3346	4
3347	3
3348	1
3349	1
3350	2
3351	0
3352	3
3353	4
3354	1
3355	3
3356	2
3357	3
3358	1
3359	0
3360	2
3361	3
3362	0
3363	1
3364	2
3365	1
3366	2
3367	4
3368	0
3369	2
3370	5
3371	2
3372	4
3373	2
3374	1
3375	1
3376	1
3377	3
3378	4
3379	3
3380	5
3381	1
3382	2
3383	0
3384	1
3385	2
3386	1
3387	2
3388	2
3389	2
3390	0
3391	1
3392	2
3393	3
3394	0
3395	1
3396	1
3397	2
3398	4
3399	0
3400	2
3401	2
3402	1
3403	1
3404	0
3405	0
3406	1
3407	2
3408	2
3409	1
3410	2
3411	1
3412	1
3413	0
3414	4
3415	3
3416	2
3417	5
3418	3
3419	1
3420	1
3421	1
3422	2
3423	3
3424	1
3425	1
3426	5
3427	3
3428	3
3429	0
3430	3
3431	0
3432	0
3433	2
3434	0
3435	3
3436	1
3437	2
3438	1
3439	1
3440	3
3441	1
3442	1
3443	5
3444	2
3445	3
3446	0
3447	2
3448	0
3449	0
3450	1
3451	4
3452	2
3453	0
3454	1
3455	1
3456	4
3457	2
3458	1
3459	1
3460	1
3461	2
3462	4
3463	1
3464	0
3465	1
3466	1
3467	3
3468	1
3469	2
3470	1
3471	1
3472	1
3473	0
3474	0
3475	1
3476	1
3477	1
3478	4
3479	3
3480	2
3481	2
3482	1
3483	4
3484	2
3485	0
3486	2
3487	1
3488	1
3489	1
3490	0
3491	1
3492	3
3493	1
3494	1
3495	1
3496	1
3497	2
3498	1
3499	1
3500	1
3501	0
3502	2
3503	0
3504	3
3505	0
3506	1
3507	0
3508	4
3509	0
3510	1
3511	1
3512	2
3513	2
3514	0
3515	3
3516	0
3517	3
3518	3
3519	1
3520	0
3521	1
3522	1
3523	0
3524	1
3525	1
3526	1
3527	1
3528	1
3529	3
3530	0
3531	3
3532	1
3533	0
3534	0
3535	0
3536	3
3537	0
3538	2
3539	1
3540	0
3541	0
3542	1
3543	0
3544	2
3545	3
3546	3
3547	1
3548	1
3549	3
3550	1
3551	1
3552	0
3553	2
3554	0
3555	1
3556	1
3557	0
3558	2
3559	0
3560	1
3561	2
3562	1
3563	0
3564	0
3565	2
3566	0
3567	0
3568	1
3569	1
3570	1
3571	1
3572	1
3573	0
3574	1
3575	0
3576	2
3577	0
3578	0
3579	2
3580	0
3581	0
3582	0
3583	2
3584	1
3585	0
3586	0
3587	2
3588	1
3589	2
3590	0
3591	0
3592	0
3593	1
3594	2
3595	0
3596	1
3597	0
3598	2
3599	1
3600	0
3601	0
3602	0
3603	1
3604	0
3605	0
3606	1
3607	1
3608	0
3609	1
3610	1
3611	2
3612	1
3613	0
3614	2
3615	0
3616	1
3617	0
3618	0
3619	0
3620	1
3621	0
3622	1
3623	1
3624	2
3625	1
3626	2
3627	2
3628	2
3629	0
3630	0
3631	2
3632	1
3633	0
3634	0
3635	2
3636	0
3637	1
3638	1
3639	0
3640	0
3641	2
3642	1
3643	1
3644	0
3645	0
3646	0
3647	0
3648	0
3649	1
3650	1
3651	0
3652	0
3653	0
3654	2
3655	1
3656	2
3657	2
3658	0
3659	1
3660	0
3661	0
3662	0
3663	0
3664	2
3665	0
3666	0
3667	1
3668	2
3669	2
3670	1
3671	1
3672	1
3673	0
3674	0
3675	1
3676	0
3677	1
3678	0
3679	1
3680	1
3681	0
3682	1
3683	1
3684	0
3685	1
3686	1
3687	0
3688	0
3689	0
3690	0
3691	1
3692	1
3693	2
3694	2
3695	1
3696	1
3697	0
3698	1
3699	0
3700	0
3701	2
3702	0
3703	1
3704	1
3705	2
3706	1
3707	0
3708	0
3709	1
3710	0
3711	0
3712	0
3713	0
3714	0
3715	0
3716	0
3717	1
3718	0
3719	1
3720	1
3721	1
3722	0
3723	0
3724	1
3725	0
3726	0
3727	0
3728	1
3729	0
3730	0
3731	1
3732	0
3733	0
3734	0
3735	0
3736	0
3737	0
3738	0
3739	0
3740	0
3741	0
3742	1
3743	0
3744	1
3745	0
3746	1
3747	0
3748	1
3749	0
3750	0
3751	1
3752	0
3753	0
3754	1
3755	0
3756	1
3757	2
3758	0
3759	2
3760	0
3761	2
3762	0
3763	0
3764	0
3765	0
3766	0
3767	0
3768	1
3769	1
3770	1
3771	0
3772	0
3773	0
3774	0
3775	1
3776	1
3777	0
3778	2
3779	0
3780	0
3781	0
3782	0
3783	0
3784	0
3785	0
3786	0
3787	0
3788	0
3789	0
3790	0
3791	0
3792	0
3793	0
3794	0
3795	1
3796	0
3797	0
3798	1
3799	0
3800	0
3801	0
3802	0
3803	0
3804	0
3805	0
3806	0
3807	1
3808	0
3809	0
3810	2
3811	0
3812	0
3813	0
3814	0
3815	0
3816	0
3817	0
3818	0
3819	0
3820	1
3821	0
3822	0
3823	0
3824	1
3825	1
3826	1
3827	0
3828	0
3829	1
3830	0
3831	0
3832	0
3833	0
3834	0
3835	0
3836	1
3837	0
3838	0
3839	0
3840	0
3841	0
3842	0
3843	0
3844	0
3845	0
3846	1
3847	0
3848	0
3849	0
3850	0
3851	0
3852	1
3853	0
3854	0
3855	0
3856	0
3857	0
3858	0
3859	0
3860	0
3861	0
3862	1
3863	1
3864	0
3865	0
3866	0
3867	0
3868	0
3869	0
3870	0
3871	0
3872	0
3873	0
3874	1
3875	0
3876	0
3877	0
3878	0
3879	0
3880	0
3881	0
3882	0
3883	0
3884	0
3885	0
3886	0
3887	0
3888	0
3889	0
3890	0
3891	1
3892	0
3893	0
3894	0
3895	0
3896	0
3897	0
3898	0
3899	0
3900	0
3901	0
3902	0
3903	0
3904	0
3905	0
3906	0
3907	1
3908	1
3909	0
3910	0
3911	0
3912	0
3913	0
3914	0
3915	0
3916	0
3917	0
3918	0
3919	0
3920	0
3921	0
3922	0
3923	1
3924	0
3925	1
3926	0
3927	0
3928	0
3929	0
3930	0
3931	1
3932	0
3933	0
3934	0
3935	0
3936	0
3937	0
3938	0
3939	0
3940	0
3941	0
3942	0
3943	0
3944	1
3945	0
3946	0
3947	0
3948	1
3949	0
3950	0
3951	0
3952	0
3953	0
3954	0
3955	0
3956	0
3957	0
3958	0
3959	0
3960	0
3961	0
3962	0
3963	0
3964	0
3965	0
3966	0
3967	0
3968	0
3969	0
3970	0
3971	0
3972	0
3973	0
3974	0
3975	0
3976	0
3977	0
3978	0
3979	0
3980	0
3981	1
3982	0
3983	0
3984	0
3985	0
3986	0
3987	0
3988	0
3989	0
3990	0
3991	0
3992	0
3993	0
3994	0
3995	0
3996	0
3997	0
3998	0
3999	0
4000	0
