Channel number	Impulses
Channel/#	Impulses/#

0	0
1	0
2	0
3	0
4	0
5	0
6	0
7	0
8	0
9	0
10	0
11	0
12	0
13	0
14	0
15	0
16	0
17	0
18	0
19	0
20	0
21	0
22	0
23	0
24	0
25	0
26	0
27	0
28	0
29	0
30	0
31	0
32	0
33	0
34	0
35	0
36	0
37	0
38	0
39	0
40	0
41	0
42	0
43	0
44	2
45	0
46	0
47	3
48	2
49	4
50	4
51	12
52	13
53	7
54	12
55	14
56	13
57	10
58	16
59	16
60	9
61	16
62	14
63	22
64	6
65	11
66	9
67	13
68	11
69	6
70	7
71	16
72	8
73	10
74	7
75	8
76	15
77	11
78	15
79	16
80	3
81	11
82	14
83	8
84	7
85	13
86	10
87	9
88	11
89	11
90	12
91	11
92	8
93	10
94	7
95	16
96	4
97	17
98	11
99	9
100	9
101	9
102	11
103	10
104	8
105	10
106	9
107	10
108	9
109	6
110	6
111	12
112	8
113	12
114	7
115	6
116	7
117	6
118	9
119	14
120	7
121	7
122	6
123	8
124	4
125	6
126	6
127	16
128	3
129	9
130	0
131	8
132	7
133	7
134	9
135	6
136	10
137	11
138	8
139	8
140	9
141	12
142	8
143	12
144	4
145	5
146	5
147	9
148	6
149	10
150	8
151	7
152	5
153	6
154	10
155	14
156	9
157	5
158	10
159	11
160	5
161	6
162	11
163	7
164	4
165	7
166	11
167	8
168	10
169	8
170	4
171	8
172	6
173	10
174	3
175	8
176	1
177	7
178	6
179	7
180	5
181	9
182	4
183	7
184	8
185	6
186	5
187	7
188	5
189	6
190	12
191	6
192	10
193	5
194	7
195	5
196	5
197	5
198	7
199	6
200	8
201	3
202	7
203	8
204	3
205	8
206	7
207	12
208	3
209	7
210	6
211	9
212	9
213	5
214	7
215	5
216	6
217	9
218	2
219	5
220	9
221	7
222	8
223	9
224	3
225	7
226	4
227	3
228	5
229	2
230	10
231	7
232	3
233	5
234	9
235	7
236	8
237	10
238	6
239	10
240	7
241	1
242	6
243	5
244	9
245	4
246	6
247	2
248	3
249	7
250	5
251	6
252	6
253	6
254	5
255	14
256	5
257	5
258	6
259	4
260	5
261	6
262	2
263	9
264	5
265	6
266	0
267	6
268	6
269	13
270	4
271	3
272	6
273	3
274	2
275	4
276	5
277	1
278	8
279	5
280	5
281	4
282	5
283	7
284	1
285	4
286	4
287	11
288	4
289	1
290	5
291	7
292	4
293	1
294	4
295	7
296	2
297	6
298	3
299	13
300	2
301	10
302	2
303	6
304	1
305	4
306	8
307	5
308	2
309	10
310	7
311	4
312	2
313	13
314	2
315	1
316	6
317	8
318	5
319	9
320	3
321	7
322	5
323	1
324	5
325	8
326	10
327	9
328	6
329	7
330	4
331	3
332	5
333	4
334	3
335	6
336	4
337	8
338	4
339	5
340	2
341	5
342	6
343	3
344	3
345	7
346	4
347	6
348	2
349	4
350	5
351	4
352	5
353	3
354	5
355	4
356	5
357	4
358	2
359	6
360	2
361	4
362	7
363	7
364	2
365	5
366	4
367	5
368	0
369	3
370	4
371	5
372	2
373	5
374	5
375	6
376	7
377	6
378	3
379	7
380	6
381	2
382	3
383	8
384	0
385	4
386	8
387	6
388	5
389	2
390	3
391	8
392	5
393	4
394	4
395	4
396	4
397	5
398	5
399	10
400	1
401	4
402	5
403	5
404	4
405	4
406	4
407	6
408	4
409	8
410	5
411	5
412	4
413	2
414	4
415	2
416	3
417	4
418	5
419	7
420	5
421	4
422	2
423	3
424	4
425	5
426	2
427	3
428	3
429	1
430	3
431	5
432	1
433	1
434	6
435	4
436	2
437	1
438	6
439	2
440	5
441	3
442	2
443	3
444	1
445	7
446	6
447	7
448	3
449	4
450	4
451	1
452	4
453	3
454	3
455	1
456	6
457	5
458	6
459	3
460	3
461	2
462	5
463	3
464	2
465	5
466	2
467	6
468	6
469	7
470	4
471	5
472	4
473	4
474	4
475	4
476	7
477	3
478	9
479	6
480	3
481	6
482	2
483	5
484	3
485	2
486	2
487	1
488	4
489	9
490	3
491	3
492	5
493	3
494	3
495	6
496	4
497	2
498	6
499	5
500	3
501	4
502	3
503	3
504	8
505	6
506	7
507	4
508	5
509	2
510	5
511	6
512	1
513	5
514	3
515	0
516	4
517	3
518	2
519	7
520	5
521	6
522	7
523	3
524	3
525	4
526	4
527	5
528	3
529	3
530	1
531	7
532	3
533	3
534	3
535	4
536	4
537	3
538	1
539	6
540	4
541	1
542	4
543	7
544	3
545	2
546	5
547	3
548	5
549	3
550	4
551	4
552	1
553	6
554	1
555	2
556	3
557	6
558	3
559	4
560	4
561	6
562	1
563	5
564	3
565	5
566	4
567	4
568	3
569	1
570	5
571	5
572	2
573	5
574	4
575	6
576	0
577	7
578	1
579	3
580	4
581	3
582	1
583	4
584	0
585	2
586	1
587	4
588	2
589	1
590	3
591	4
592	3
593	2
594	4
595	3
596	4
597	1
598	2
599	1
600	4
601	2
602	1
603	4
604	2
605	3
606	1
607	2
608	3
609	3
610	1
611	2
612	6
613	5
614	3
615	3
616	3
617	5
618	4
619	4
620	3
621	5
622	5
623	4
624	1
625	6
626	2
627	5
628	3
629	2
630	2
631	2
632	2
633	5
634	2
635	7
636	3
637	7
638	4
639	9
640	1
641	4
642	5
643	4
644	3
645	3
646	6
647	3
648	3
649	5
650	3
651	4
652	1
653	3
654	3
655	4
656	2
657	1
658	3
659	3
660	3
661	2
662	5
663	10
664	2
665	2
666	5
667	7
668	4
669	4
670	3
671	4
672	4
673	2
674	4
675	4
676	4
677	0
678	5
679	3
680	3
681	5
682	4
683	1
684	4
685	3
686	2
687	6
688	4
689	4
690	5
691	2
692	2
693	6
694	6
695	6
696	2
697	4
698	3
699	10
700	3
701	2
702	2
703	4
704	3
705	1
706	9
707	3
708	3
709	4
710	2
711	2
712	3
713	0
714	4
715	6
716	7
717	1
718	3
719	3
720	3
721	2
722	5
723	1
724	5
725	6
726	2
727	2
728	6
729	3
730	4
731	2
732	4
733	4
734	3
735	14
736	2
737	3
738	6
739	3
740	4
741	1
742	6
743	5
744	4
745	3
746	2
747	3
748	3
749	3
750	6
751	2
752	6
753	3
754	6
755	3
756	8
757	2
758	5
759	6
760	2
761	5
762	3
763	10
764	2
765	4
766	2
767	5
768	2
769	4
770	5
771	4
772	3
773	3
774	5
775	6
776	3
777	4
778	7
779	8
780	4
781	5
782	7
783	4
784	1
785	4
786	4
787	3
788	7
789	3
790	2
791	4
792	5
793	6
794	3
795	3
796	4
797	5
798	6
799	5
800	3
801	4
802	2
803	2
804	5
805	4
806	11
807	5
808	4
809	6
810	4
811	4
812	3
813	6
814	4
815	3
816	6
817	3
818	1
819	4
820	8
821	1
822	2
823	4
824	5
825	2
826	3
827	9
828	5
829	2
830	4
831	9
832	2
833	5
834	5
835	5
836	7
837	4
838	8
839	5
840	12
841	7
842	7
843	9
844	8
845	6
846	4
847	8
848	1
849	10
850	1
851	5
852	5
853	3
854	6
855	7
856	3
857	8
858	8
859	4
860	5
861	8
862	4
863	10
864	9
865	11
866	4
867	8
868	1
869	4
870	11
871	6
872	4
873	8
874	9
875	4
876	8
877	6
878	1
879	3
880	4
881	11
882	4
883	6
884	5
885	1
886	8
887	8
888	2
889	7
890	3
891	5
892	5
893	9
894	2
895	13
896	5
897	3
898	7
899	8
900	4
901	9
902	7
903	4
904	3
905	4
906	7
907	4
908	5
909	6
910	3
911	9
912	5
913	6
914	4
915	3
916	5
917	6
918	7
919	2
920	6
921	8
922	9
923	6
924	8
925	4
926	1
927	8
928	3
929	9
930	8
931	4
932	7
933	5
934	5
935	5
936	7
937	3
938	7
939	10
940	5
941	4
942	3
943	3
944	2
945	5
946	7
947	8
948	10
949	2
950	8
951	4
952	6
953	4
954	3
955	10
956	3
957	9
958	3
959	4
960	1
961	11
962	6
963	4
964	7
965	5
966	5
967	9
968	9
969	13
970	6
971	5
972	6
973	10
974	8
975	6
976	2
977	1
978	11
979	8
980	4
981	4
982	7
983	3
984	9
985	8
986	5
987	6
988	4
989	3
990	9
991	2
992	2
993	11
994	8
995	7
996	9
997	9
998	10
999	8
1000	5
1001	8
1002	4
1003	2
1004	9
1005	3
1006	10
1007	4
1008	5
1009	7
1010	7
1011	8
1012	9
1013	8
1014	6
1015	5
1016	2
1017	7
1018	7
1019	6
1020	6
1021	6
1022	8
1023	9
1024	0
1025	3
1026	10
1027	13
1028	4
1029	8
1030	7
1031	9
1032	5
1033	4
1034	4
1035	8
1036	4
1037	8
1038	4
1039	9
1040	1
1041	16
1042	7
1043	12
1044	5
1045	5
1046	10
1047	8
1048	6
1049	12
1050	9
1051	6
1052	8
1053	5
1054	6
1055	9
1056	6
1057	8
1058	8
1059	12
1060	8
1061	8
1062	8
1063	16
1064	4
1065	14
1066	6
1067	7
1068	5
1069	12
1070	12
1071	7
1072	8
1073	5
1074	6
1075	12
1076	5
1077	6
1078	4
1079	8
1080	6
1081	17
1082	11
1083	11
1084	6
1085	5
1086	8
1087	10
1088	9
1089	7
1090	8
1091	9
1092	9
1093	7
1094	6
1095	7
1096	3
1097	9
1098	8
1099	9
1100	6
1101	13
1102	4
1103	5
1104	5
1105	6
1106	3
1107	14
1108	7
1109	4
1110	8
1111	8
1112	9
1113	8
1114	6
1115	8
1116	11
1117	7
1118	11
1119	14
1120	5
1121	11
1122	8
1123	6
1124	6
1125	9
1126	12
1127	13
1128	6
1129	10
1130	5
1131	10
1132	7
1133	7
1134	7
1135	9
1136	2
1137	13
1138	8
1139	11
1140	14
1141	13
1142	8
1143	15
1144	7
1145	13
1146	5
1147	14
1148	15
1149	10
1150	7
1151	8
1152	3
1153	8
1154	7
1155	11
1156	9
1157	10
1158	8
1159	10
1160	5
1161	7
1162	8
1163	6
1164	10
1165	10
1166	7
1167	12
1168	9
1169	7
1170	6
1171	9
1172	14
1173	12
1174	20
1175	10
1176	12
1177	10
1178	8
1179	11
1180	13
1181	13
1182	8
1183	22
1184	4
1185	8
1186	7
1187	9
1188	10
1189	9
1190	7
1191	13
1192	11
1193	12
1194	9
1195	10
1196	9
1197	8
1198	12
1199	16
1200	11
1201	15
1202	10
1203	16
1204	13
1205	16
1206	8
1207	14
1208	11
1209	9
1210	10
1211	18
1212	5
1213	11
1214	14
1215	12
1216	11
1217	9
1218	15
1219	15
1220	15
1221	6
1222	11
1223	10
1224	15
1225	10
1226	9
1227	14
1228	14
1229	14
1230	12
1231	12
1232	11
1233	20
1234	15
1235	9
1236	13
1237	7
1238	9
1239	13
1240	15
1241	9
1242	11
1243	14
1244	11
1245	12
1246	10
1247	10
1248	11
1249	10
1250	15
1251	9
1252	14
1253	12
1254	17
1255	16
1256	8
1257	13
1258	11
1259	16
1260	14
1261	10
1262	14
1263	11
1264	13
1265	17
1266	10
1267	13
1268	11
1269	10
1270	16
1271	16
1272	7
1273	16
1274	20
1275	15
1276	11
1277	13
1278	16
1279	23
1280	7
1281	13
1282	10
1283	15
1284	18
1285	16
1286	15
1287	12
1288	15
1289	15
1290	5
1291	16
1292	14
1293	17
1294	19
1295	12
1296	12
1297	11
1298	13
1299	26
1300	10
1301	11
1302	18
1303	19
1304	10
1305	17
1306	9
1307	18
1308	14
1309	12
1310	12
1311	24
1312	8
1313	19
1314	12
1315	12
1316	12
1317	5
1318	23
1319	20
1320	19
1321	25
1322	19
1323	12
1324	19
1325	13
1326	19
1327	8
1328	13
1329	10
1330	22
1331	15
1332	9
1333	15
1334	17
1335	12
1336	15
1337	22
1338	15
1339	11
1340	14
1341	16
1342	15
1343	18
1344	7
1345	16
1346	12
1347	20
1348	13
1349	17
1350	12
1351	16
1352	17
1353	14
1354	13
1355	14
1356	20
1357	21
1358	20
1359	20
1360	12
1361	17
1362	16
1363	13
1364	13
1365	11
1366	31
1367	14
1368	14
1369	25
1370	15
1371	18
1372	19
1373	17
1374	17
1375	16
1376	14
1377	11
1378	14
1379	17
1380	26
1381	16
1382	26
1383	17
1384	18
1385	21
1386	7
1387	19
1388	25
1389	17
1390	19
1391	20
1392	17
1393	18
1394	8
1395	14
1396	18
1397	21
1398	13
1399	15
1400	11
1401	24
1402	16
1403	20
1404	13
1405	18
1406	18
1407	24
1408	12
1409	9
1410	23
1411	16
1412	26
1413	15
1414	19
1415	12
1416	16
1417	18
1418	14
1419	18
1420	21
1421	15
1422	13
1423	21
1424	17
1425	17
1426	11
1427	20
1428	23
1429	10
1430	24
1431	12
1432	13
1433	19
1434	17
1435	22
1436	13
1437	15
1438	18
1439	19
1440	17
1441	17
1442	15
1443	18
1444	23
1445	18
1446	18
1447	13
1448	15
1449	20
1450	12
1451	21
1452	25
1453	15
1454	17
1455	11
1456	16
1457	31
1458	22
1459	9
1460	15
1461	13
1462	24
1463	22
1464	17
1465	13
1466	6
1467	29
1468	18
1469	20
1470	18
1471	17
1472	15
1473	22
1474	21
1475	15
1476	15
1477	13
1478	28
1479	20
1480	24
1481	26
1482	17
1483	18
1484	19
1485	21
1486	22
1487	20
1488	19
1489	17
1490	16
1491	33
1492	29
1493	13
1494	22
1495	16
1496	26
1497	22
1498	19
1499	22
1500	35
1501	15
1502	20
1503	38
1504	12
1505	17
1506	20
1507	26
1508	17
1509	24
1510	15
1511	19
1512	14
1513	15
1514	19
1515	16
1516	21
1517	11
1518	23
1519	26
1520	22
1521	16
1522	20
1523	28
1524	26
1525	17
1526	28
1527	13
1528	10
1529	17
1530	27
1531	29
1532	21
1533	18
1534	17
1535	36
1536	19
1537	15
1538	22
1539	16
1540	22
1541	17
1542	24
1543	21
1544	22
1545	33
1546	24
1547	23
1548	29
1549	26
1550	24
1551	35
1552	20
1553	26
1554	21
1555	28
1556	17
1557	20
1558	27
1559	24
1560	20
1561	20
1562	18
1563	26
1564	20
1565	24
1566	22
1567	21
1568	17
1569	19
1570	25
1571	18
1572	22
1573	13
1574	31
1575	23
1576	18
1577	33
1578	22
1579	19
1580	17
1581	19
1582	17
1583	18
1584	20
1585	26
1586	24
1587	27
1588	26
1589	15
1590	17
1591	25
1592	20
1593	28
1594	19
1595	25
1596	22
1597	23
1598	14
1599	20
1600	13
1601	24
1602	25
1603	17
1604	18
1605	21
1606	33
1607	17
1608	22
1609	26
1610	15
1611	26
1612	32
1613	23
1614	20
1615	27
1616	13
1617	31
1618	27
1619	26
1620	17
1621	22
1622	40
1623	22
1624	19
1625	29
1626	21
1627	27
1628	27
1629	36
1630	20
1631	24
1632	18
1633	18
1634	30
1635	21
1636	21
1637	18
1638	21
1639	17
1640	21
1641	30
1642	25
1643	38
1644	20
1645	31
1646	22
1647	36
1648	16
1649	24
1650	22
1651	32
1652	23
1653	18
1654	31
1655	17
1656	11
1657	26
1658	11
1659	22
1660	24
1661	23
1662	24
1663	25
1664	9
1665	20
1666	22
1667	21
1668	22
1669	17
1670	38
1671	17
1672	17
1673	30
1674	16
1675	16
1676	30
1677	20
1678	24
1679	30
1680	22
1681	19
1682	25
1683	26
1684	17
1685	25
1686	25
1687	27
1688	23
1689	32
1690	22
1691	40
1692	23
1693	32
1694	34
1695	29
1696	19
1697	28
1698	22
1699	26
1700	29
1701	19
1702	31
1703	28
1704	12
1705	36
1706	23
1707	29
1708	30
1709	26
1710	40
1711	32
1712	22
1713	36
1714	32
1715	31
1716	24
1717	20
1718	31
1719	31
1720	30
1721	33
1722	23
1723	21
1724	28
1725	31
1726	34
1727	19
1728	22
1729	20
1730	27
1731	24
1732	26
1733	18
1734	37
1735	28
1736	32
1737	29
1738	25
1739	33
1740	35
1741	23
1742	29
1743	23
1744	19
1745	34
1746	27
1747	43
1748	32
1749	23
1750	47
1751	25
1752	33
1753	29
1754	35
1755	35
1756	46
1757	29
1758	35
1759	39
1760	31
1761	32
1762	41
1763	36
1764	30
1765	18
1766	50
1767	32
1768	21
1769	54
1770	38
1771	24
1772	45
1773	28
1774	38
1775	25
1776	36
1777	38
1778	31
1779	33
1780	40
1781	28
1782	45
1783	34
1784	33
1785	33
1786	41
1787	47
1788	40
1789	35
1790	50
1791	41
1792	28
1793	35
1794	36
1795	34
1796	38
1797	33
1798	56
1799	32
1800	49
1801	46
1802	36
1803	30
1804	40
1805	35
1806	49
1807	33
1808	37
1809	41
1810	34
1811	52
1812	51
1813	28
1814	62
1815	35
1816	48
1817	54
1818	33
1819	49
1820	46
1821	52
1822	59
1823	46
1824	58
1825	52
1826	54
1827	48
1828	55
1829	41
1830	63
1831	68
1832	61
1833	76
1834	56
1835	62
1836	68
1837	61
1838	63
1839	48
1840	54
1841	59
1842	76
1843	78
1844	73
1845	58
1846	93
1847	70
1848	57
1849	90
1850	71
1851	91
1852	84
1853	74
1854	107
1855	81
1856	65
1857	92
1858	90
1859	77
1860	116
1861	75
1862	132
1863	60
1864	80
1865	113
1866	87
1867	86
1868	113
1869	108
1870	108
1871	97
1872	102
1873	124
1874	115
1875	115
1876	116
1877	90
1878	149
1879	102
1880	106
1881	128
1882	106
1883	140
1884	123
1885	120
1886	141
1887	128
1888	123
1889	154
1890	142
1891	115
1892	161
1893	117
1894	162
1895	131
1896	111
1897	170
1898	103
1899	128
1900	190
1901	139
1902	138
1903	131
1904	127
1905	136
1906	130
1907	118
1908	130
1909	99
1910	173
1911	105
1912	110
1913	141
1914	125
1915	120
1916	110
1917	128
1918	120
1919	141
1920	114
1921	112
1922	105
1923	113
1924	128
1925	82
1926	131
1927	100
1928	131
1929	130
1930	96
1931	82
1932	124
1933	110
1934	102
1935	71
1936	112
1937	73
1938	92
1939	93
1940	87
1941	71
1942	109
1943	67
1944	93
1945	91
1946	68
1947	88
1948	66
1949	75
1950	85
1951	86
1952	64
1953	76
1954	65
1955	56
1956	78
1957	54
1958	76
1959	60
1960	56
1961	73
1962	63
1963	61
1964	96
1965	63
1966	71
1967	39
1968	65
1969	65
1970	60
1971	58
1972	70
1973	53
1974	82
1975	38
1976	61
1977	61
1978	47
1979	75
1980	62
1981	56
1982	54
1983	49
1984	52
1985	58
1986	76
1987	46
1988	87
1989	52
1990	60
1991	36
1992	57
1993	62
1994	52
1995	47
1996	56
1997	51
1998	47
1999	43
2000	53
2001	53
2002	40
2003	52
2004	42
2005	41
2006	59
2007	19
2008	66
2009	48
2010	36
2011	42
2012	44
2013	52
2014	52
2015	36
2016	38
2017	34
2018	53
2019	42
2020	49
2021	42
2022	46
2023	35
2024	23
2025	43
2026	33
2027	24
2028	51
2029	25
2030	35
2031	33
2032	31
2033	27
2034	41
2035	30
2036	20
2037	26
2038	34
2039	17
2040	33
2041	41
2042	24
2043	31
2044	41
2045	30
2046	26
2047	18
2048	13
2049	26
2050	27
2051	35
2052	32
2053	26
2054	34
2055	32
2056	24
2057	31
2058	19
2059	29
2060	33
2061	26
2062	13
2063	26
2064	17
2065	34
2066	22
2067	36
2068	27
2069	14
2070	33
2071	23
2072	21
2073	36
2074	29
2075	29
2076	26
2077	30
2078	23
2079	31
2080	31
2081	29
2082	25
2083	29
2084	31
2085	24
2086	24
2087	37
2088	23
2089	50
2090	21
2091	31
2092	32
2093	39
2094	33
2095	25
2096	27
2097	31
2098	28
2099	47
2100	28
2101	25
2102	33
2103	28
2104	22
2105	38
2106	26
2107	51
2108	28
2109	28
2110	30
2111	37
2112	33
2113	38
2114	36
2115	23
2116	43
2117	28
2118	40
2119	30
2120	37
2121	44
2122	30
2123	43
2124	51
2125	46
2126	30
2127	49
2128	28
2129	38
2130	48
2131	47
2132	41
2133	31
2134	51
2135	30
2136	39
2137	52
2138	28
2139	45
2140	41
2141	39
2142	31
2143	30
2144	43
2145	36
2146	37
2147	27
2148	54
2149	41
2150	51
2151	46
2152	24
2153	48
2154	36
2155	48
2156	30
2157	49
2158	36
2159	33
2160	33
2161	34
2162	31
2163	41
2164	25
2165	35
2166	50
2167	33
2168	26
2169	32
2170	42
2171	40
2172	29
2173	36
2174	33
2175	28
2176	25
2177	27
2178	23
2179	25
2180	40
2181	23
2182	45
2183	18
2184	29
2185	30
2186	26
2187	31
2188	19
2189	29
2190	22
2191	26
2192	28
2193	33
2194	29
2195	51
2196	23
2197	29
2198	35
2199	17
2200	22
2201	30
2202	14
2203	25
2204	21
2205	29
2206	26
2207	28
2208	19
2209	25
2210	18
2211	28
2212	29
2213	15
2214	25
2215	16
2216	24
2217	30
2218	15
2219	22
2220	19
2221	23
2222	21
2223	16
2224	16
2225	26
2226	21
2227	28
2228	18
2229	13
2230	19
2231	21
2232	17
2233	22
2234	19
2235	21
2236	17
2237	21
2238	16
2239	20
2240	14
2241	27
2242	33
2243	22
2244	29
2245	25
2246	19
2247	19
2248	22
2249	22
2250	24
2251	17
2252	17
2253	16
2254	25
2255	27
2256	11
2257	22
2258	17
2259	20
2260	20
2261	12
2262	18
2263	14
2264	23
2265	27
2266	14
2267	27
2268	18
2269	22
2270	20
2271	22
2272	20
2273	24
2274	13
2275	20
2276	18
2277	18
2278	15
2279	17
2280	16
2281	16
2282	10
2283	17
2284	18
2285	9
2286	14
2287	16
2288	15
2289	25
2290	19
2291	18
2292	22
2293	10
2294	24
2295	14
2296	10
2297	24
2298	12
2299	31
2300	17
2301	13
2302	7
2303	8
2304	15
2305	21
2306	11
2307	14
2308	14
2309	13
2310	12
2311	11
2312	11
2313	13
2314	16
2315	11
2316	10
2317	16
2318	9
2319	15
2320	11
2321	14
2322	11
2323	17
2324	13
2325	14
2326	16
2327	18
2328	5
2329	15
2330	9
2331	18
2332	3
2333	12
2334	12
2335	18
2336	11
2337	19
2338	7
2339	7
2340	18
2341	14
2342	10
2343	21
2344	10
2345	9
2346	10
2347	14
2348	6
2349	5
2350	19
2351	14
2352	12
2353	14
2354	12
2355	18
2356	9
2357	13
2358	13
2359	11
2360	7
2361	16
2362	15
2363	22
2364	19
2365	9
2366	9
2367	16
2368	10
2369	4
2370	18
2371	12
2372	10
2373	10
2374	16
2375	12
2376	10
2377	18
2378	10
2379	12
2380	7
2381	13
2382	10
2383	12
2384	13
2385	14
2386	17
2387	19
2388	15
2389	15
2390	13
2391	8
2392	17
2393	17
2394	9
2395	10
2396	14
2397	13
2398	14
2399	13
2400	10
2401	11
2402	10
2403	9
2404	13
2405	10
2406	18
2407	8
2408	6
2409	15
2410	5
2411	12
2412	15
2413	13
2414	13
2415	12
2416	9
2417	13
2418	15
2419	8
2420	10
2421	11
2422	17
2423	15
2424	16
2425	10
2426	11
2427	14
2428	16
2429	7
2430	10
2431	9
2432	13
2433	16
2434	13
2435	15
2436	19
2437	18
2438	17
2439	6
2440	13
2441	17
2442	14
2443	16
2444	18
2445	11
2446	14
2447	9
2448	12
2449	13
2450	15
2451	11
2452	9
2453	14
2454	10
2455	10
2456	14
2457	9
2458	8
2459	18
2460	11
2461	11
2462	14
2463	8
2464	9
2465	10
2466	9
2467	11
2468	12
2469	12
2470	15
2471	10
2472	13
2473	14
2474	11
2475	12
2476	18
2477	13
2478	17
2479	6
2480	10
2481	7
2482	12
2483	11
2484	11
2485	3
2486	16
2487	11
2488	10
2489	11
2490	11
2491	13
2492	10
2493	11
2494	11
2495	8
2496	15
2497	14
2498	11
2499	8
2500	11
2501	6
2502	9
2503	11
2504	9
2505	9
2506	8
2507	11
2508	8
2509	15
2510	17
2511	9
2512	8
2513	12
2514	17
2515	18
2516	13
2517	11
2518	8
2519	9
2520	6
2521	14
2522	7
2523	10
2524	15
2525	13
2526	7
2527	11
2528	9
2529	11
2530	4
2531	6
2532	11
2533	10
2534	12
2535	10
2536	14
2537	11
2538	11
2539	11
2540	12
2541	14
2542	13
2543	15
2544	6
2545	13
2546	7
2547	12
2548	18
2549	6
2550	10
2551	18
2552	12
2553	9
2554	14
2555	14
2556	9
2557	15
2558	9
2559	8
2560	10
2561	11
2562	16
2563	15
2564	16
2565	6
2566	10
2567	5
2568	13
2569	18
2570	6
2571	11
2572	17
2573	14
2574	9
2575	12
2576	8
2577	5
2578	4
2579	16
2580	7
2581	11
2582	17
2583	8
2584	15
2585	13
2586	10
2587	16
2588	12
2589	11
2590	4
2591	22
2592	7
2593	7
2594	13
2595	6
2596	15
2597	3
2598	12
2599	9
2600	7
2601	7
2602	5
2603	6
2604	11
2605	8
2606	4
2607	9
2608	6
2609	5
2610	9
2611	13
2612	7
2613	10
2614	10
2615	6
2616	7
2617	12
2618	11
2619	14
2620	4
2621	6
2622	7
2623	10
2624	10
2625	10
2626	9
2627	7
2628	6
2629	5
2630	10
2631	6
2632	12
2633	18
2634	10
2635	9
2636	21
2637	7
2638	8
2639	5
2640	8
2641	11
2642	10
2643	8
2644	15
2645	9
2646	14
2647	7
2648	8
2649	8
2650	8
2651	6
2652	8
2653	10
2654	6
2655	11
2656	6
2657	8
2658	5
2659	6
2660	8
2661	6
2662	7
2663	14
2664	7
2665	10
2666	5
2667	12
2668	11
2669	13
2670	10
2671	10
2672	12
2673	8
2674	11
2675	8
2676	13
2677	9
2678	7
2679	10
2680	7
2681	8
2682	5
2683	8
2684	8
2685	12
2686	9
2687	6
2688	6
2689	10
2690	10
2691	10
2692	16
2693	5
2694	11
2695	3
2696	7
2697	6
2698	3
2699	13
2700	7
2701	5
2702	4
2703	4
2704	7
2705	12
2706	6
2707	10
2708	12
2709	2
2710	10
2711	10
2712	6
2713	13
2714	5
2715	9
2716	7
2717	8
2718	8
2719	6
2720	5
2721	4
2722	7
2723	7
2724	3
2725	6
2726	7
2727	8
2728	10
2729	4
2730	5
2731	6
2732	11
2733	5
2734	10
2735	7
2736	6
2737	11
2738	4
2739	9
2740	4
2741	8
2742	7
2743	4
2744	8
2745	7
2746	5
2747	8
2748	8
2749	9
2750	7
2751	3
2752	7
2753	13
2754	5
2755	7
2756	12
2757	2
2758	7
2759	9
2760	9
2761	12
2762	8
2763	7
2764	10
2765	10
2766	8
2767	5
2768	3
2769	7
2770	12
2771	8
2772	6
2773	5
2774	9
2775	9
2776	6
2777	12
2778	7
2779	8
2780	9
2781	6
2782	6
2783	5
2784	6
2785	4
2786	6
2787	9
2788	13
2789	7
2790	7
2791	5
2792	10
2793	7
2794	10
2795	7
2796	10
2797	7
2798	5
2799	13
2800	4
2801	6
2802	8
2803	4
2804	4
2805	4
2806	13
2807	4
2808	4
2809	11
2810	8
2811	9
2812	7
2813	8
2814	5
2815	5
2816	8
2817	4
2818	5
2819	6
2820	7
2821	6
2822	7
2823	8
2824	6
2825	2
2826	6
2827	6
2828	11
2829	7
2830	5
2831	7
2832	10
2833	4
2834	6
2835	6
2836	5
2837	6
2838	5
2839	6
2840	2
2841	9
2842	4
2843	8
2844	8
2845	8
2846	5
2847	7
2848	5
2849	4
2850	6
2851	5
2852	11
2853	2
2854	8
2855	2
2856	3
2857	12
2858	3
2859	6
2860	13
2861	5
2862	6
2863	3
2864	4
2865	4
2866	6
2867	6
2868	6
2869	7
2870	9
2871	4
2872	10
2873	8
2874	1
2875	7
2876	7
2877	8
2878	5
2879	4
2880	5
2881	8
2882	7
2883	5
2884	7
2885	6
2886	8
2887	4
2888	3
2889	12
2890	4
2891	4
2892	6
2893	3
2894	4
2895	7
2896	3
2897	4
2898	5
2899	6
2900	8
2901	1
2902	6
2903	6
2904	8
2905	4
2906	5
2907	7
2908	4
2909	3
2910	10
2911	5
2912	5
2913	6
2914	1
2915	4
2916	6
2917	7
2918	5
2919	11
2920	4
2921	6
2922	9
2923	2
2924	13
2925	7
2926	5
2927	4
2928	5
2929	6
2930	3
2931	10
2932	4
2933	7
2934	10
2935	6
2936	3
2937	7
2938	3
2939	8
2940	6
2941	12
2942	6
2943	2
2944	4
2945	3
2946	6
2947	6
2948	10
2949	5
2950	3
2951	3
2952	8
2953	7
2954	4
2955	2
2956	8
2957	1
2958	6
2959	3
2960	3
2961	6
2962	5
2963	5
2964	6
2965	4
2966	8
2967	2
2968	1
2969	3
2970	4
2971	5
2972	4
2973	7
2974	9
2975	8
2976	8
2977	2
2978	7
2979	2
2980	5
2981	3
2982	8
2983	10
2984	6
2985	4
2986	2
2987	3
2988	6
2989	3
2990	4
2991	1
2992	8
2993	1
2994	2
2995	4
2996	5
2997	3
2998	5
2999	5
3000	3
3001	1
3002	2
3003	6
3004	5
3005	6
3006	5
3007	4
3008	2
3009	4
3010	8
3011	1
3012	3
3013	4
3014	7
3015	7
3016	2
3017	4
3018	3
3019	4
3020	9
3021	4
3022	7
3023	2
3024	6
3025	1
3026	6
3027	8
3028	7
3029	1
3030	6
3031	4
3032	3
3033	5
3034	5
3035	8
3036	5
3037	1
3038	4
3039	4
3040	3
3041	2
3042	6
3043	4
3044	5
3045	4
3046	7
3047	2
3048	4
3049	8
3050	3
3051	5
3052	3
3053	4
3054	5
3055	3
3056	2
3057	6
3058	4
3059	3
3060	3
3061	0
3062	9
3063	7
3064	2
3065	4
3066	2
3067	4
3068	4
3069	4
3070	3
3071	5
3072	3
3073	2
3074	0
3075	1
3076	7
3077	5
3078	10
3079	4
3080	0
3081	5
3082	1
3083	3
3084	7
3085	4
3086	2
3087	6
3088	1
3089	9
3090	1
3091	4
3092	4
3093	3
3094	7
3095	4
3096	4
3097	8
3098	1
3099	9
3100	3
3101	4
3102	3
3103	3
3104	6
3105	2
3106	6
3107	3
3108	1
3109	2
3110	5
3111	4
3112	3
3113	3
3114	3
3115	3
3116	3
3117	3
3118	4
3119	2
3120	1
3121	4
3122	2
3123	2
3124	5
3125	3
3126	3
3127	4
3128	7
3129	6
3130	2
3131	5
3132	4
3133	2
3134	5
3135	0
3136	4
3137	4
3138	4
3139	1
3140	7
3141	1
3142	6
3143	0
3144	3
3145	2
3146	3
3147	2
3148	4
3149	2
3150	7
3151	4
3152	0
3153	3
3154	5
3155	6
3156	2
3157	3
3158	3
3159	1
3160	6
3161	4
3162	3
3163	1
3164	3
3165	9
3166	3
3167	3
3168	4
3169	2
3170	4
3171	2
3172	2
3173	2
3174	7
3175	3
3176	0
3177	4
3178	2
3179	2
3180	6
3181	2
3182	2
3183	5
3184	2
3185	3
3186	3
3187	1
3188	0
3189	1
3190	5
3191	2
3192	2
3193	3
3194	0
3195	4
3196	2
3197	1
3198	3
3199	1
3200	6
3201	2
3202	3
3203	0
3204	0
3205	3
3206	4
3207	4
3208	4
3209	5
3210	3
3211	4
3212	3
3213	0
3214	1
3215	1
3216	1
3217	2
3218	4
3219	5
3220	4
3221	0
3222	3
3223	0
3224	0
3225	2
3226	3
3227	4
3228	1
3229	0
3230	1
3231	4
3232	0
3233	1
3234	3
3235	5
3236	1
3237	1
3238	4
3239	3
3240	1
3241	2
3242	0
3243	3
3244	2
3245	1
3246	3
3247	0
3248	3
3249	1
3250	2
3251	3
3252	0
3253	2
3254	1
3255	3
3256	1
3257	3
3258	5
3259	0
3260	2
3261	1
3262	3
3263	2
3264	1
3265	3
3266	1
3267	0
3268	1
3269	2
3270	4
3271	1
3272	3
3273	1
3274	0
3275	0
3276	3
3277	2
3278	1
3279	1
3280	2
3281	2
3282	1
3283	2
3284	4
3285	1
3286	4
3287	2
3288	1
3289	4
3290	0
3291	0
3292	2
3293	4
3294	1
3295	1
3296	3
3297	2
3298	1
3299	3
3300	1
3301	2
3302	0
3303	2
3304	2
3305	4
3306	1
3307	3
3308	2
3309	1
3310	3
3311	3
3312	2
3313	2
3314	2
3315	0
3316	2
3317	3
3318	4
3319	0
3320	1
3321	1
3322	0
3323	3
3324	0
3325	1
3326	1
3327	4
3328	1
3329	1
3330	4
3331	1
3332	1
3333	0
3334	0
3335	1
3336	4
3337	3
3338	0
3339	3
3340	4
3341	2
3342	2
3343	0
3344	1
3345	1
3346	3
3347	0
3348	2
3349	1
3350	3
3351	0
3352	1
3353	3
3354	0
3355	3
3356	2
3357	3
3358	3
3359	1
3360	1
3361	2
3362	0
3363	1
3364	2
3365	0
3366	2
3367	2
3368	1
3369	1
3370	3
3371	0
3372	0
3373	1
3374	1
3375	1
3376	1
3377	1
3378	2
3379	2
3380	1
3381	2
3382	2
3383	0
3384	0
3385	0
3386	3
3387	1
3388	1
3389	2
3390	0
3391	1
3392	2
3393	1
3394	2
3395	0
3396	4
3397	2
3398	5
3399	2
3400	2
3401	3
3402	1
3403	2
3404	2
3405	1
3406	3
3407	1
3408	1
3409	1
3410	2
3411	3
3412	2
3413	0
3414	0
3415	3
3416	1
3417	2
3418	0
3419	2
3420	1
3421	2
3422	1
3423	1
3424	0
3425	1
3426	1
3427	0
3428	2
3429	0
3430	2
3431	1
3432	1
3433	1
3434	0
3435	3
3436	1
3437	1
3438	1
3439	0
3440	2
3441	0
3442	0
3443	3
3444	0
3445	4
3446	1
3447	0
3448	3
3449	2
3450	0
3451	0
3452	3
3453	3
3454	1
3455	2
3456	0
3457	2
3458	2
3459	0
3460	0
3461	1
3462	2
3463	0
3464	2
3465	1
3466	1
3467	0
3468	2
3469	0
3470	0
3471	0
3472	0
3473	0
3474	1
3475	1
3476	1
3477	0
3478	1
3479	0
3480	2
3481	1
3482	2
3483	0
3484	2
3485	0
3486	0
3487	0
3488	0
3489	1
3490	1
3491	1
3492	1
3493	0
3494	2
3495	0
3496	1
3497	1
3498	2
3499	1
3500	2
3501	0
3502	0
3503	1
3504	0
3505	0
3506	0
3507	0
3508	1
3509	0
3510	1
3511	1
3512	0
3513	2
3514	1
3515	2
3516	2
3517	0
3518	1
3519	0
3520	0
3521	0
3522	1
3523	1
3524	0
3525	1
3526	0
3527	0
3528	1
3529	0
3530	1
3531	2
3532	1
3533	1
3534	0
3535	0
3536	1
3537	1
3538	3
3539	1
3540	0
3541	0
3542	3
3543	0
3544	0
3545	1
3546	0
3547	0
3548	0
3549	1
3550	0
3551	1
3552	1
3553	1
3554	0
3555	1
3556	1
3557	1
3558	3
3559	2
3560	1
3561	0
3562	0
3563	0
3564	2
3565	1
3566	2
3567	0
3568	0
3569	0
3570	0
3571	0
3572	0
3573	1
3574	0
3575	1
3576	0
3577	0
3578	0
3579	1
3580	0
3581	1
3582	0
3583	3
3584	0
3585	1
3586	0
3587	0
3588	0
3589	0
3590	0
3591	0
3592	1
3593	0
3594	0
3595	1
3596	1
3597	0
3598	0
3599	0
3600	0
3601	1
3602	1
3603	0
3604	1
3605	0
3606	1
3607	0
3608	2
3609	0
3610	0
3611	0
3612	0
3613	0
3614	0
3615	1
3616	0
3617	0
3618	0
3619	0
3620	1
3621	0
3622	0
3623	0
3624	0
3625	1
3626	0
3627	1
3628	1
3629	0
3630	2
3631	0
3632	0
3633	1
3634	0
3635	1
3636	0
3637	1
3638	0
3639	0
3640	0
3641	0
3642	0
3643	1
3644	0
3645	1
3646	0
3647	0
3648	0
3649	0
3650	1
3651	0
3652	1
3653	2
3654	1
3655	1
3656	0
3657	0
3658	0
3659	0
3660	1
3661	0
3662	0
3663	0
3664	0
3665	1
3666	1
3667	0
3668	0
3669	0
3670	1
3671	0
3672	1
3673	0
3674	0
3675	0
3676	1
3677	0
3678	0
3679	0
3680	0
3681	0
3682	0
3683	0
3684	0
3685	0
3686	1
3687	0
3688	0
3689	0
3690	0
3691	0
3692	0
3693	0
3694	0
3695	0
3696	0
3697	0
3698	1
3699	0
3700	0
3701	0
3702	0
3703	0
3704	0
3705	0
3706	0
3707	0
3708	1
3709	0
3710	0
3711	0
3712	0
3713	0
3714	0
3715	0
3716	1
3717	0
3718	0
3719	0
3720	0
3721	0
3722	0
3723	0
3724	0
3725	0
3726	0
3727	1
3728	0
3729	0
3730	0
3731	0
3732	0
3733	0
3734	0
3735	0
3736	0
3737	1
3738	0
3739	0
3740	0
3741	1
3742	0
3743	0
3744	0
3745	0
3746	0
3747	0
3748	0
3749	0
3750	0
3751	0
3752	0
3753	0
3754	0
3755	0
3756	0
3757	0
3758	0
3759	0
3760	0
3761	0
3762	0
3763	0
3764	1
3765	0
3766	0
3767	0
3768	0
3769	0
3770	0
3771	0
3772	0
3773	0
3774	0
3775	0
3776	0
3777	0
3778	0
3779	0
3780	0
3781	0
3782	0
3783	0
3784	0
3785	0
3786	1
3787	0
3788	0
3789	0
3790	0
3791	1
3792	0
3793	0
3794	0
3795	0
3796	0
3797	0
3798	0
3799	0
3800	0
3801	0
3802	0
3803	0
3804	0
3805	0
3806	0
3807	0
3808	0
3809	0
3810	0
3811	0
3812	0
3813	0
3814	0
3815	0
3816	0
3817	0
3818	0
3819	0
3820	0
3821	0
3822	0
3823	0
3824	0
3825	0
3826	0
3827	0
3828	0
3829	0
3830	0
3831	0
3832	0
3833	0
3834	0
3835	0
3836	0
3837	0
3838	0
3839	0
3840	0
3841	0
3842	0
3843	0
3844	0
3845	0
3846	0
3847	0
3848	0
3849	0
3850	0
3851	0
3852	0
3853	0
3854	0
3855	0
3856	0
3857	0
3858	0
3859	0
3860	0
3861	0
3862	0
3863	0
3864	0
3865	0
3866	0
3867	0
3868	0
3869	0
3870	0
3871	0
3872	0
3873	0
3874	0
3875	0
3876	0
3877	0
3878	0
3879	0
3880	0
3881	0
3882	0
3883	0
3884	0
3885	0
3886	0
3887	0
3888	0
3889	0
3890	0
3891	0
3892	0
3893	0
3894	0
3895	0
3896	0
3897	0
3898	0
3899	0
3900	0
3901	0
3902	0
3903	0
3904	0
3905	0
3906	0
3907	0
3908	0
3909	0
3910	0
3911	0
3912	0
3913	0
3914	0
3915	0
3916	0
3917	0
3918	0
3919	0
3920	0
3921	0
3922	0
3923	0
3924	0
3925	0
3926	0
3927	0
3928	0
3929	0
3930	0
3931	0
3932	0
3933	0
3934	0
3935	0
3936	0
3937	0
3938	0
3939	0
3940	0
3941	0
3942	0
3943	0
3944	0
3945	0
3946	0
3947	0
3948	0
3949	0
3950	0
3951	0
3952	0
3953	0
3954	0
3955	0
3956	0
3957	0
3958	0
3959	0
3960	0
3961	0
3962	0
3963	0
3964	1
3965	0
3966	0
3967	0
3968	0
3969	0
3970	0
3971	0
3972	0
3973	0
3974	0
3975	0
3976	0
3977	0
3978	0
3979	0
3980	0
3981	0
3982	0
3983	0
3984	0
3985	0
3986	0
3987	0
3988	0
3989	0
3990	0
3991	0
3992	0
3993	0
3994	0
3995	0
3996	0
3997	0
3998	0
3999	0
4000	0
