Channel number	Impulses
Channel/#	Impulses/#

0	0
1	0
2	0
3	0
4	0
5	0
6	0
7	0
8	0
9	0
10	0
11	0
12	0
13	0
14	0
15	0
16	0
17	0
18	0
19	0
20	0
21	0
22	0
23	0
24	0
25	0
26	0
27	0
28	0
29	0
30	0
31	0
32	0
33	0
34	0
35	0
36	0
37	0
38	0
39	0
40	0
41	0
42	0
43	1
44	0
45	1
46	4
47	4
48	4
49	6
50	9
51	16
52	11
53	17
54	14
55	17
56	7
57	15
58	9
59	12
60	12
61	14
62	11
63	21
64	9
65	13
66	10
67	10
68	10
69	14
70	14
71	11
72	13
73	9
74	14
75	9
76	13
77	13
78	6
79	14
80	5
81	9
82	16
83	14
84	8
85	5
86	11
87	14
88	9
89	12
90	7
91	8
92	12
93	9
94	7
95	17
96	6
97	12
98	6
99	8
100	6
101	9
102	5
103	13
104	7
105	9
106	12
107	6
108	8
109	9
110	6
111	12
112	11
113	12
114	9
115	14
116	14
117	7
118	8
119	13
120	8
121	8
122	4
123	9
124	2
125	11
126	12
127	11
128	7
129	7
130	3
131	10
132	7
133	9
134	11
135	10
136	6
137	2
138	10
139	6
140	12
141	7
142	7
143	10
144	9
145	3
146	5
147	9
148	5
149	8
150	9
151	8
152	5
153	11
154	5
155	4
156	7
157	10
158	6
159	14
160	2
161	8
162	14
163	2
164	7
165	6
166	9
167	7
168	4
169	6
170	5
171	10
172	2
173	6
174	9
175	16
176	2
177	8
178	6
179	3
180	3
181	5
182	5
183	4
184	2
185	9
186	4
187	8
188	9
189	9
190	10
191	7
192	5
193	5
194	11
195	9
196	6
197	4
198	5
199	7
200	3
201	7
202	9
203	3
204	3
205	8
206	6
207	9
208	11
209	6
210	3
211	6
212	6
213	4
214	7
215	8
216	5
217	10
218	5
219	10
220	4
221	4
222	5
223	3
224	4
225	6
226	3
227	4
228	6
229	2
230	13
231	6
232	2
233	6
234	4
235	3
236	8
237	6
238	9
239	14
240	3
241	1
242	6
243	8
244	3
245	3
246	6
247	5
248	3
249	6
250	5
251	5
252	8
253	6
254	5
255	6
256	1
257	5
258	5
259	1
260	3
261	10
262	3
263	8
264	2
265	5
266	3
267	6
268	6
269	7
270	7
271	5
272	4
273	3
274	2
275	7
276	4
277	8
278	7
279	11
280	5
281	9
282	1
283	5
284	1
285	8
286	5
287	2
288	1
289	4
290	6
291	6
292	4
293	3
294	3
295	5
296	1
297	6
298	5
299	7
300	5
301	3
302	3
303	7
304	1
305	6
306	7
307	5
308	3
309	3
310	3
311	3
312	2
313	4
314	2
315	7
316	4
317	6
318	5
319	4
320	1
321	2
322	6
323	1
324	4
325	4
326	5
327	5
328	1
329	6
330	4
331	6
332	4
333	7
334	5
335	5
336	4
337	4
338	3
339	6
340	2
341	2
342	4
343	3
344	3
345	7
346	2
347	5
348	5
349	6
350	4
351	5
352	2
353	7
354	6
355	6
356	8
357	4
358	7
359	3
360	4
361	8
362	3
363	2
364	4
365	2
366	6
367	5
368	0
369	5
370	4
371	6
372	4
373	3
374	3
375	3
376	3
377	3
378	1
379	4
380	3
381	0
382	3
383	8
384	2
385	5
386	6
387	2
388	3
389	5
390	5
391	6
392	0
393	6
394	4
395	5
396	6
397	7
398	4
399	5
400	4
401	2
402	3
403	3
404	1
405	2
406	1
407	2
408	2
409	4
410	4
411	6
412	3
413	6
414	2
415	5
416	3
417	4
418	1
419	7
420	4
421	1
422	3
423	3
424	3
425	2
426	3
427	5
428	3
429	8
430	2
431	1
432	2
433	4
434	3
435	5
436	3
437	4
438	2
439	2
440	4
441	3
442	2
443	10
444	2
445	5
446	2
447	2
448	0
449	1
450	4
451	0
452	4
453	1
454	9
455	3
456	2
457	6
458	5
459	3
460	3
461	7
462	3
463	6
464	5
465	7
466	4
467	2
468	6
469	5
470	4
471	8
472	2
473	4
474	4
475	4
476	4
477	1
478	4
479	3
480	3
481	1
482	4
483	4
484	7
485	3
486	3
487	1
488	5
489	6
490	5
491	5
492	3
493	3
494	3
495	3
496	1
497	4
498	1
499	6
500	4
501	3
502	2
503	6
504	2
505	2
506	1
507	1
508	5
509	4
510	4
511	4
512	1
513	0
514	4
515	4
516	3
517	3
518	2
519	3
520	6
521	5
522	3
523	6
524	1
525	5
526	4
527	3
528	2
529	4
530	4
531	1
532	5
533	2
534	9
535	4
536	4
537	4
538	5
539	3
540	5
541	3
542	3
543	5
544	1
545	5
546	3
547	5
548	4
549	3
550	1
551	3
552	0
553	3
554	1
555	2
556	3
557	2
558	1
559	3
560	1
561	6
562	4
563	4
564	4
565	5
566	4
567	2
568	2
569	2
570	5
571	4
572	2
573	8
574	3
575	7
576	1
577	6
578	5
579	3
580	4
581	2
582	5
583	6
584	3
585	7
586	1
587	3
588	5
589	2
590	5
591	2
592	2
593	4
594	2
595	3
596	3
597	2
598	7
599	6
600	2
601	6
602	6
603	3
604	3
605	5
606	3
607	4
608	2
609	1
610	5
611	4
612	2
613	6
614	3
615	3
616	3
617	7
618	3
619	3
620	4
621	7
622	2
623	3
624	4
625	3
626	2
627	6
628	5
629	4
630	2
631	4
632	2
633	2
634	6
635	3
636	2
637	4
638	4
639	4
640	2
641	4
642	6
643	4
644	5
645	2
646	6
647	6
648	3
649	1
650	2
651	1
652	3
653	7
654	3
655	4
656	4
657	6
658	4
659	4
660	9
661	6
662	6
663	8
664	3
665	4
666	3
667	6
668	2
669	1
670	3
671	5
672	2
673	1
674	3
675	7
676	8
677	2
678	4
679	4
680	3
681	7
682	6
683	2
684	4
685	4
686	3
687	2
688	1
689	3
690	0
691	3
692	3
693	3
694	1
695	7
696	4
697	1
698	4
699	7
700	3
701	1
702	5
703	3
704	1
705	4
706	2
707	5
708	3
709	4
710	3
711	2
712	4
713	4
714	2
715	5
716	5
717	1
718	3
719	2
720	2
721	4
722	4
723	4
724	3
725	4
726	3
727	3
728	2
729	0
730	2
731	3
732	2
733	3
734	5
735	1
736	5
737	3
738	2
739	3
740	3
741	8
742	6
743	4
744	3
745	5
746	2
747	3
748	6
749	3
750	4
751	7
752	4
753	4
754	3
755	3
756	2
757	4
758	3
759	2
760	2
761	4
762	3
763	3
764	2
765	2
766	3
767	5
768	1
769	1
770	8
771	2
772	3
773	6
774	5
775	3
776	2
777	6
778	2
779	1
780	5
781	2
782	9
783	2
784	1
785	3
786	3
787	4
788	6
789	4
790	6
791	4
792	4
793	6
794	7
795	8
796	5
797	3
798	7
799	6
800	5
801	2
802	4
803	3
804	7
805	4
806	3
807	7
808	0
809	5
810	5
811	3
812	4
813	3
814	3
815	2
816	3
817	8
818	7
819	5
820	5
821	6
822	5
823	3
824	6
825	5
826	0
827	8
828	4
829	4
830	7
831	4
832	3
833	3
834	7
835	5
836	5
837	9
838	4
839	5
840	2
841	3
842	2
843	5
844	4
845	6
846	7
847	5
848	4
849	2
850	6
851	11
852	11
853	0
854	5
855	5
856	5
857	4
858	6
859	7
860	6
861	6
862	7
863	9
864	4
865	5
866	6
867	7
868	11
869	7
870	2
871	6
872	7
873	5
874	4
875	9
876	4
877	3
878	6
879	4
880	4
881	5
882	6
883	4
884	4
885	5
886	5
887	4
888	3
889	4
890	4
891	3
892	6
893	7
894	5
895	10
896	2
897	5
898	7
899	3
900	6
901	3
902	5
903	2
904	3
905	3
906	5
907	3
908	8
909	4
910	3
911	2
912	2
913	4
914	2
915	7
916	7
917	1
918	6
919	7
920	3
921	12
922	5
923	5
924	4
925	7
926	1
927	6
928	3
929	1
930	4
931	2
932	4
933	5
934	2
935	4
936	4
937	5
938	3
939	2
940	7
941	1
942	4
943	5
944	5
945	5
946	5
947	13
948	2
949	6
950	6
951	3
952	4
953	4
954	4
955	11
956	3
957	5
958	5
959	7
960	6
961	8
962	8
963	4
964	6
965	5
966	8
967	3
968	7
969	7
970	2
971	4
972	7
973	9
974	8
975	11
976	2
977	3
978	3
979	3
980	5
981	3
982	4
983	4
984	6
985	7
986	6
987	11
988	13
989	7
990	9
991	8
992	2
993	1
994	6
995	6
996	8
997	2
998	5
999	3
1000	4
1001	7
1002	8
1003	3
1004	6
1005	5
1006	10
1007	9
1008	7
1009	2
1010	11
1011	9
1012	5
1013	7
1014	11
1015	7
1016	8
1017	7
1018	3
1019	4
1020	12
1021	10
1022	7
1023	9
1024	3
1025	3
1026	9
1027	7
1028	8
1029	5
1030	13
1031	6
1032	6
1033	13
1034	3
1035	5
1036	7
1037	10
1038	4
1039	7
1040	4
1041	11
1042	3
1043	8
1044	7
1045	6
1046	9
1047	9
1048	7
1049	8
1050	5
1051	11
1052	5
1053	9
1054	7
1055	13
1056	7
1057	11
1058	7
1059	13
1060	4
1061	2
1062	11
1063	4
1064	4
1065	9
1066	7
1067	6
1068	9
1069	13
1070	6
1071	9
1072	4
1073	4
1074	6
1075	10
1076	9
1077	8
1078	5
1079	7
1080	8
1081	5
1082	1
1083	9
1084	6
1085	7
1086	8
1087	16
1088	3
1089	3
1090	10
1091	4
1092	6
1093	5
1094	5
1095	15
1096	5
1097	12
1098	7
1099	13
1100	9
1101	8
1102	7
1103	7
1104	6
1105	9
1106	3
1107	8
1108	10
1109	6
1110	10
1111	10
1112	5
1113	6
1114	7
1115	9
1116	12
1117	9
1118	6
1119	11
1120	2
1121	8
1122	10
1123	6
1124	5
1125	5
1126	9
1127	10
1128	5
1129	7
1130	9
1131	14
1132	3
1133	11
1134	6
1135	15
1136	7
1137	6
1138	6
1139	8
1140	6
1141	7
1142	8
1143	5
1144	6
1145	9
1146	7
1147	11
1148	9
1149	12
1150	10
1151	6
1152	3
1153	5
1154	8
1155	8
1156	7
1157	5
1158	18
1159	7
1160	7
1161	3
1162	8
1163	11
1164	12
1165	11
1166	5
1167	11
1168	9
1169	4
1170	8
1171	17
1172	9
1173	4
1174	5
1175	7
1176	6
1177	10
1178	5
1179	11
1180	6
1181	2
1182	8
1183	20
1184	3
1185	9
1186	5
1187	13
1188	13
1189	4
1190	12
1191	8
1192	6
1193	17
1194	11
1195	10
1196	18
1197	10
1198	10
1199	11
1200	8
1201	8
1202	15
1203	9
1204	10
1205	3
1206	9
1207	8
1208	7
1209	3
1210	9
1211	15
1212	14
1213	12
1214	14
1215	14
1216	9
1217	7
1218	7
1219	12
1220	9
1221	11
1222	7
1223	7
1224	9
1225	9
1226	8
1227	12
1228	9
1229	11
1230	9
1231	14
1232	8
1233	6
1234	12
1235	8
1236	7
1237	11
1238	6
1239	18
1240	10
1241	8
1242	11
1243	23
1244	11
1245	12
1246	11
1247	11
1248	9
1249	7
1250	7
1251	12
1252	8
1253	8
1254	13
1255	7
1256	13
1257	8
1258	15
1259	8
1260	15
1261	15
1262	10
1263	16
1264	10
1265	15
1266	12
1267	14
1268	13
1269	6
1270	17
1271	11
1272	9
1273	15
1274	7
1275	15
1276	12
1277	15
1278	14
1279	9
1280	3
1281	5
1282	10
1283	14
1284	23
1285	8
1286	16
1287	13
1288	12
1289	17
1290	3
1291	14
1292	9
1293	9
1294	14
1295	15
1296	12
1297	22
1298	16
1299	15
1300	12
1301	14
1302	8
1303	14
1304	11
1305	14
1306	18
1307	18
1308	13
1309	14
1310	12
1311	19
1312	12
1313	19
1314	16
1315	16
1316	13
1317	6
1318	17
1319	8
1320	9
1321	16
1322	7
1323	7
1324	11
1325	13
1326	12
1327	13
1328	11
1329	11
1330	15
1331	26
1332	9
1333	12
1334	26
1335	15
1336	12
1337	12
1338	8
1339	10
1340	7
1341	8
1342	12
1343	16
1344	10
1345	10
1346	12
1347	10
1348	12
1349	9
1350	19
1351	14
1352	12
1353	23
1354	9
1355	8
1356	14
1357	13
1358	15
1359	13
1360	3
1361	15
1362	8
1363	14
1364	9
1365	8
1366	9
1367	10
1368	7
1369	14
1370	14
1371	12
1372	10
1373	17
1374	13
1375	17
1376	11
1377	17
1378	19
1379	12
1380	16
1381	15
1382	21
1383	10
1384	12
1385	24
1386	15
1387	19
1388	16
1389	11
1390	15
1391	16
1392	13
1393	11
1394	14
1395	9
1396	19
1397	10
1398	17
1399	12
1400	10
1401	11
1402	12
1403	16
1404	12
1405	14
1406	15
1407	18
1408	13
1409	17
1410	15
1411	11
1412	19
1413	11
1414	20
1415	11
1416	18
1417	20
1418	14
1419	14
1420	20
1421	12
1422	18
1423	11
1424	6
1425	10
1426	14
1427	22
1428	17
1429	14
1430	14
1431	17
1432	16
1433	13
1434	14
1435	21
1436	13
1437	9
1438	17
1439	22
1440	14
1441	13
1442	16
1443	12
1444	16
1445	18
1446	23
1447	13
1448	15
1449	16
1450	17
1451	14
1452	21
1453	13
1454	11
1455	15
1456	17
1457	21
1458	21
1459	20
1460	18
1461	6
1462	27
1463	28
1464	13
1465	26
1466	19
1467	21
1468	14
1469	24
1470	14
1471	20
1472	16
1473	18
1474	14
1475	25
1476	23
1477	16
1478	16
1479	14
1480	18
1481	11
1482	12
1483	13
1484	7
1485	25
1486	17
1487	16
1488	16
1489	15
1490	20
1491	12
1492	19
1493	16
1494	18
1495	13
1496	19
1497	17
1498	16
1499	25
1500	23
1501	9
1502	16
1503	27
1504	17
1505	15
1506	18
1507	22
1508	23
1509	5
1510	26
1511	17
1512	20
1513	22
1514	16
1515	17
1516	23
1517	6
1518	21
1519	23
1520	13
1521	24
1522	13
1523	27
1524	19
1525	22
1526	19
1527	17
1528	22
1529	17
1530	15
1531	13
1532	22
1533	22
1534	20
1535	22
1536	16
1537	17
1538	15
1539	20
1540	17
1541	9
1542	22
1543	29
1544	11
1545	21
1546	17
1547	23
1548	17
1549	15
1550	16
1551	23
1552	21
1553	25
1554	17
1555	21
1556	18
1557	15
1558	23
1559	20
1560	18
1561	20
1562	18
1563	23
1564	15
1565	21
1566	18
1567	23
1568	14
1569	18
1570	16
1571	19
1572	24
1573	18
1574	27
1575	23
1576	9
1577	21
1578	25
1579	25
1580	19
1581	15
1582	13
1583	15
1584	13
1585	15
1586	19
1587	20
1588	13
1589	16
1590	24
1591	17
1592	8
1593	34
1594	27
1595	20
1596	16
1597	20
1598	17
1599	27
1600	13
1601	23
1602	24
1603	16
1604	19
1605	21
1606	25
1607	20
1608	19
1609	22
1610	22
1611	9
1612	20
1613	12
1614	14
1615	23
1616	15
1617	17
1618	19
1619	21
1620	20
1621	16
1622	20
1623	22
1624	16
1625	31
1626	13
1627	17
1628	20
1629	19
1630	16
1631	26
1632	14
1633	25
1634	18
1635	22
1636	20
1637	20
1638	10
1639	21
1640	13
1641	23
1642	20
1643	21
1644	20
1645	25
1646	18
1647	20
1648	12
1649	24
1650	18
1651	22
1652	24
1653	13
1654	25
1655	26
1656	16
1657	27
1658	25
1659	19
1660	34
1661	21
1662	20
1663	32
1664	17
1665	25
1666	27
1667	21
1668	20
1669	18
1670	34
1671	14
1672	23
1673	18
1674	19
1675	21
1676	16
1677	21
1678	12
1679	30
1680	27
1681	18
1682	18
1683	29
1684	22
1685	23
1686	32
1687	14
1688	25
1689	24
1690	19
1691	17
1692	29
1693	20
1694	24
1695	25
1696	16
1697	29
1698	24
1699	25
1700	26
1701	21
1702	29
1703	30
1704	18
1705	35
1706	26
1707	21
1708	31
1709	19
1710	22
1711	23
1712	28
1713	22
1714	22
1715	25
1716	19
1717	23
1718	27
1719	19
1720	26
1721	30
1722	28
1723	25
1724	27
1725	17
1726	24
1727	22
1728	25
1729	22
1730	30
1731	25
1732	27
1733	11
1734	17
1735	17
1736	16
1737	34
1738	25
1739	31
1740	36
1741	31
1742	23
1743	30
1744	15
1745	16
1746	22
1747	31
1748	32
1749	19
1750	26
1751	25
1752	21
1753	26
1754	19
1755	33
1756	18
1757	26
1758	27
1759	34
1760	22
1761	24
1762	30
1763	21
1764	23
1765	18
1766	25
1767	28
1768	18
1769	28
1770	23
1771	26
1772	27
1773	23
1774	33
1775	25
1776	20
1777	18
1778	20
1779	35
1780	28
1781	20
1782	40
1783	29
1784	23
1785	28
1786	17
1787	31
1788	31
1789	31
1790	25
1791	42
1792	18
1793	31
1794	33
1795	32
1796	43
1797	17
1798	32
1799	34
1800	28
1801	34
1802	21
1803	34
1804	28
1805	18
1806	26
1807	25
1808	27
1809	21
1810	31
1811	37
1812	24
1813	28
1814	30
1815	27
1816	28
1817	29
1818	41
1819	26
1820	39
1821	38
1822	27
1823	38
1824	29
1825	24
1826	25
1827	33
1828	44
1829	33
1830	42
1831	41
1832	28
1833	43
1834	25
1835	23
1836	46
1837	44
1838	32
1839	34
1840	26
1841	39
1842	43
1843	33
1844	27
1845	31
1846	52
1847	38
1848	32
1849	40
1850	28
1851	32
1852	41
1853	51
1854	41
1855	44
1856	47
1857	48
1858	41
1859	50
1860	46
1861	41
1862	68
1863	30
1864	35
1865	57
1866	39
1867	51
1868	52
1869	55
1870	47
1871	57
1872	48
1873	57
1874	53
1875	69
1876	72
1877	47
1878	62
1879	52
1880	57
1881	56
1882	50
1883	62
1884	63
1885	58
1886	81
1887	66
1888	79
1889	71
1890	80
1891	80
1892	87
1893	73
1894	90
1895	68
1896	59
1897	90
1898	88
1899	76
1900	105
1901	80
1902	94
1903	87
1904	76
1905	97
1906	113
1907	98
1908	113
1909	92
1910	130
1911	90
1912	93
1913	131
1914	93
1915	136
1916	115
1917	99
1918	119
1919	127
1920	107
1921	105
1922	123
1923	126
1924	136
1925	89
1926	146
1927	94
1928	126
1929	143
1930	106
1931	117
1932	150
1933	119
1934	118
1935	93
1936	122
1937	134
1938	134
1939	142
1940	131
1941	104
1942	143
1943	94
1944	119
1945	136
1946	111
1947	143
1948	123
1949	112
1950	108
1951	144
1952	126
1953	125
1954	110
1955	120
1956	155
1957	93
1958	151
1959	114
1960	82
1961	127
1962	97
1963	112
1964	122
1965	101
1966	125
1967	87
1968	89
1969	103
1970	113
1971	116
1972	99
1973	74
1974	108
1975	101
1976	78
1977	113
1978	79
1979	84
1980	98
1981	79
1982	80
1983	57
1984	71
1985	76
1986	88
1987	76
1988	106
1989	52
1990	110
1991	59
1992	91
1993	76
1994	61
1995	66
1996	89
1997	66
1998	67
1999	61
2000	54
2001	51
2002	60
2003	60
2004	72
2005	57
2006	63
2007	44
2008	62
2009	53
2010	45
2011	60
2012	44
2013	48
2014	49
2015	58
2016	38
2017	43
2018	44
2019	46
2020	46
2021	38
2022	62
2023	35
2024	28
2025	47
2026	26
2027	32
2028	39
2029	31
2030	30
2031	34
2032	28
2033	22
2034	27
2035	39
2036	32
2037	27
2038	36
2039	21
2040	19
2041	25
2042	26
2043	32
2044	28
2045	23
2046	21
2047	21
2048	13
2049	21
2050	28
2051	32
2052	20
2053	21
2054	18
2055	26
2056	23
2057	20
2058	21
2059	13
2060	15
2061	31
2062	15
2063	21
2064	18
2065	20
2066	18
2067	29
2068	20
2069	14
2070	27
2071	24
2072	19
2073	29
2074	17
2075	20
2076	24
2077	24
2078	18
2079	28
2080	19
2081	24
2082	17
2083	25
2084	25
2085	19
2086	23
2087	21
2088	7
2089	22
2090	12
2091	16
2092	24
2093	9
2094	22
2095	18
2096	19
2097	32
2098	24
2099	21
2100	22
2101	14
2102	35
2103	22
2104	18
2105	25
2106	12
2107	23
2108	22
2109	26
2110	24
2111	27
2112	13
2113	22
2114	28
2115	27
2116	18
2117	19
2118	28
2119	22
2120	25
2121	26
2122	23
2123	25
2124	37
2125	39
2126	23
2127	22
2128	19
2129	24
2130	27
2131	21
2132	23
2133	32
2134	25
2135	28
2136	25
2137	28
2138	23
2139	28
2140	32
2141	27
2142	33
2143	28
2144	31
2145	29
2146	38
2147	23
2148	35
2149	26
2150	28
2151	26
2152	25
2153	38
2154	26
2155	29
2156	27
2157	37
2158	35
2159	38
2160	25
2161	41
2162	31
2163	28
2164	27
2165	35
2166	37
2167	42
2168	31
2169	39
2170	31
2171	45
2172	27
2173	28
2174	30
2175	37
2176	29
2177	32
2178	36
2179	48
2180	44
2181	46
2182	44
2183	37
2184	32
2185	41
2186	28
2187	40
2188	50
2189	39
2190	32
2191	28
2192	28
2193	44
2194	42
2195	30
2196	33
2197	24
2198	44
2199	22
2200	32
2201	34
2202	30
2203	38
2204	28
2205	40
2206	39
2207	43
2208	29
2209	41
2210	39
2211	36
2212	32
2213	28
2214	31
2215	33
2216	19
2217	45
2218	21
2219	29
2220	30
2221	32
2222	30
2223	25
2224	33
2225	41
2226	24
2227	34
2228	20
2229	21
2230	31
2231	25
2232	18
2233	34
2234	14
2235	31
2236	27
2237	27
2238	23
2239	18
2240	18
2241	27
2242	30
2243	21
2244	27
2245	27
2246	32
2247	19
2248	22
2249	27
2250	19
2251	29
2252	26
2253	22
2254	24
2255	23
2256	24
2257	20
2258	25
2259	21
2260	22
2261	20
2262	21
2263	19
2264	13
2265	19
2266	10
2267	32
2268	19
2269	26
2270	23
2271	27
2272	20
2273	19
2274	23
2275	24
2276	22
2277	18
2278	25
2279	20
2280	14
2281	19
2282	17
2283	20
2284	14
2285	12
2286	11
2287	18
2288	13
2289	20
2290	17
2291	19
2292	23
2293	10
2294	25
2295	12
2296	7
2297	18
2298	11
2299	20
2300	16
2301	18
2302	21
2303	7
2304	14
2305	11
2306	15
2307	11
2308	13
2309	8
2310	13
2311	9
2312	14
2313	17
2314	10
2315	17
2316	15
2317	12
2318	12
2319	13
2320	11
2321	11
2322	11
2323	15
2324	20
2325	11
2326	15
2327	12
2328	11
2329	19
2330	15
2331	16
2332	13
2333	12
2334	21
2335	11
2336	16
2337	13
2338	10
2339	14
2340	9
2341	12
2342	20
2343	15
2344	9
2345	5
2346	10
2347	14
2348	20
2349	13
2350	8
2351	16
2352	13
2353	9
2354	8
2355	15
2356	7
2357	14
2358	23
2359	13
2360	6
2361	24
2362	9
2363	11
2364	9
2365	18
2366	16
2367	17
2368	9
2369	13
2370	14
2371	14
2372	12
2373	11
2374	14
2375	7
2376	15
2377	13
2378	9
2379	14
2380	14
2381	18
2382	10
2383	15
2384	10
2385	9
2386	8
2387	22
2388	12
2389	8
2390	10
2391	5
2392	12
2393	8
2394	5
2395	12
2396	15
2397	6
2398	12
2399	13
2400	14
2401	16
2402	13
2403	6
2404	8
2405	9
2406	15
2407	17
2408	9
2409	9
2410	14
2411	8
2412	18
2413	10
2414	12
2415	12
2416	9
2417	14
2418	18
2419	9
2420	13
2421	8
2422	10
2423	15
2424	9
2425	16
2426	13
2427	11
2428	13
2429	15
2430	6
2431	9
2432	8
2433	7
2434	5
2435	11
2436	13
2437	4
2438	10
2439	9
2440	9
2441	17
2442	7
2443	7
2444	16
2445	12
2446	12
2447	8
2448	12
2449	14
2450	16
2451	10
2452	7
2453	7
2454	17
2455	5
2456	13
2457	9
2458	12
2459	17
2460	8
2461	5
2462	11
2463	9
2464	5
2465	17
2466	16
2467	14
2468	12
2469	11
2470	13
2471	5
2472	8
2473	23
2474	4
2475	13
2476	4
2477	8
2478	8
2479	13
2480	5
2481	9
2482	17
2483	16
2484	10
2485	8
2486	10
2487	12
2488	19
2489	10
2490	13
2491	9
2492	10
2493	10
2494	13
2495	10
2496	11
2497	8
2498	11
2499	8
2500	10
2501	11
2502	9
2503	14
2504	9
2505	11
2506	12
2507	10
2508	19
2509	10
2510	6
2511	9
2512	16
2513	13
2514	3
2515	9
2516	7
2517	11
2518	13
2519	4
2520	13
2521	16
2522	9
2523	13
2524	10
2525	16
2526	10
2527	16
2528	15
2529	14
2530	11
2531	10
2532	16
2533	9
2534	20
2535	10
2536	10
2537	17
2538	9
2539	10
2540	13
2541	8
2542	10
2543	6
2544	9
2545	10
2546	12
2547	15
2548	7
2549	5
2550	13
2551	10
2552	12
2553	12
2554	7
2555	11
2556	16
2557	18
2558	13
2559	8
2560	16
2561	12
2562	13
2563	14
2564	20
2565	16
2566	14
2567	11
2568	8
2569	17
2570	14
2571	21
2572	16
2573	14
2574	13
2575	10
2576	12
2577	9
2578	20
2579	13
2580	13
2581	4
2582	3
2583	7
2584	9
2585	11
2586	10
2587	17
2588	2
2589	8
2590	6
2591	8
2592	9
2593	10
2594	7
2595	12
2596	19
2597	13
2598	17
2599	12
2600	8
2601	15
2602	8
2603	8
2604	12
2605	11
2606	13
2607	6
2608	11
2609	10
2610	10
2611	9
2612	13
2613	10
2614	15
2615	10
2616	4
2617	6
2618	6
2619	12
2620	8
2621	13
2622	11
2623	4
2624	8
2625	12
2626	12
2627	13
2628	10
2629	8
2630	14
2631	10
2632	9
2633	7
2634	6
2635	8
2636	7
2637	8
2638	8
2639	10
2640	7
2641	10
2642	6
2643	11
2644	3
2645	5
2646	9
2647	5
2648	4
2649	9
2650	5
2651	7
2652	8
2653	9
2654	6
2655	12
2656	12
2657	5
2658	8
2659	9
2660	13
2661	8
2662	14
2663	17
2664	8
2665	4
2666	5
2667	7
2668	9
2669	7
2670	6
2671	12
2672	9
2673	10
2674	8
2675	8
2676	11
2677	2
2678	8
2679	5
2680	10
2681	9
2682	10
2683	12
2684	11
2685	7
2686	7
2687	12
2688	7
2689	10
2690	12
2691	8
2692	6
2693	5
2694	5
2695	3
2696	4
2697	9
2698	5
2699	8
2700	11
2701	9
2702	10
2703	8
2704	7
2705	6
2706	7
2707	11
2708	10
2709	5
2710	12
2711	6
2712	6
2713	9
2714	8
2715	11
2716	6
2717	6
2718	6
2719	10
2720	9
2721	8
2722	11
2723	9
2724	9
2725	9
2726	6
2727	4
2728	5
2729	11
2730	3
2731	8
2732	4
2733	6
2734	7
2735	3
2736	7
2737	5
2738	6
2739	6
2740	12
2741	4
2742	4
2743	8
2744	3
2745	12
2746	6
2747	5
2748	8
2749	4
2750	7
2751	8
2752	12
2753	9
2754	8
2755	2
2756	10
2757	5
2758	10
2759	6
2760	7
2761	8
2762	8
2763	4
2764	7
2765	4
2766	7
2767	4
2768	9
2769	8
2770	7
2771	7
2772	3
2773	3
2774	6
2775	7
2776	5
2777	12
2778	3
2779	10
2780	6
2781	4
2782	4
2783	2
2784	9
2785	8
2786	12
2787	5
2788	7
2789	4
2790	8
2791	5
2792	6
2793	9
2794	8
2795	4
2796	2
2797	7
2798	6
2799	8
2800	9
2801	9
2802	11
2803	6
2804	7
2805	8
2806	8
2807	6
2808	6
2809	5
2810	5
2811	7
2812	6
2813	6
2814	9
2815	5
2816	5
2817	6
2818	3
2819	7
2820	12
2821	3
2822	7
2823	12
2824	7
2825	4
2826	3
2827	5
2828	3
2829	7
2830	7
2831	4
2832	4
2833	5
2834	9
2835	2
2836	6
2837	6
2838	4
2839	3
2840	11
2841	6
2842	5
2843	4
2844	3
2845	4
2846	6
2847	7
2848	9
2849	9
2850	6
2851	3
2852	8
2853	6
2854	3
2855	2
2856	2
2857	4
2858	2
2859	4
2860	9
2861	5
2862	5
2863	5
2864	7
2865	4
2866	12
2867	8
2868	10
2869	2
2870	4
2871	6
2872	5
2873	5
2874	8
2875	9
2876	5
2877	6
2878	3
2879	4
2880	5
2881	4
2882	9
2883	7
2884	8
2885	8
2886	12
2887	5
2888	6
2889	7
2890	6
2891	6
2892	8
2893	5
2894	6
2895	6
2896	6
2897	4
2898	4
2899	8
2900	6
2901	7
2902	7
2903	4
2904	6
2905	8
2906	6
2907	9
2908	1
2909	7
2910	9
2911	6
2912	6
2913	3
2914	5
2915	9
2916	9
2917	5
2918	5
2919	4
2920	5
2921	7
2922	1
2923	9
2924	5
2925	7
2926	5
2927	4
2928	10
2929	5
2930	8
2931	6
2932	4
2933	5
2934	4
2935	4
2936	3
2937	5
2938	2
2939	9
2940	7
2941	5
2942	6
2943	4
2944	2
2945	6
2946	5
2947	7
2948	6
2949	6
2950	6
2951	1
2952	4
2953	4
2954	1
2955	3
2956	5
2957	4
2958	4
2959	3
2960	3
2961	2
2962	7
2963	5
2964	3
2965	3
2966	9
2967	3
2968	6
2969	6
2970	1
2971	1
2972	7
2973	7
2974	8
2975	4
2976	4
2977	3
2978	7
2979	6
2980	6
2981	2
2982	6
2983	6
2984	6
2985	7
2986	7
2987	4
2988	6
2989	8
2990	2
2991	4
2992	3
2993	4
2994	5
2995	4
2996	6
2997	2
2998	7
2999	5
3000	3
3001	5
3002	9
3003	5
3004	3
3005	4
3006	4
3007	3
3008	2
3009	3
3010	5
3011	6
3012	4
3013	4
3014	2
3015	2
3016	6
3017	6
3018	4
3019	3
3020	8
3021	3
3022	5
3023	4
3024	4
3025	5
3026	3
3027	8
3028	9
3029	5
3030	8
3031	2
3032	3
3033	11
3034	2
3035	4
3036	3
3037	6
3038	6
3039	6
3040	4
3041	1
3042	7
3043	1
3044	3
3045	2
3046	6
3047	6
3048	0
3049	5
3050	6
3051	1
3052	8
3053	6
3054	1
3055	2
3056	6
3057	6
3058	6
3059	7
3060	5
3061	6
3062	11
3063	0
3064	1
3065	3
3066	2
3067	2
3068	2
3069	3
3070	6
3071	0
3072	5
3073	4
3074	3
3075	5
3076	3
3077	5
3078	8
3079	4
3080	2
3081	5
3082	0
3083	6
3084	0
3085	1
3086	3
3087	2
3088	2
3089	4
3090	10
3091	6
3092	4
3093	2
3094	4
3095	2
3096	4
3097	2
3098	6
3099	3
3100	2
3101	0
3102	4
3103	2
3104	3
3105	2
3106	5
3107	4
3108	4
3109	2
3110	7
3111	4
3112	1
3113	6
3114	2
3115	2
3116	4
3117	4
3118	3
3119	4
3120	2
3121	6
3122	3
3123	6
3124	3
3125	2
3126	2
3127	3
3128	2
3129	1
3130	2
3131	6
3132	3
3133	5
3134	4
3135	2
3136	7
3137	4
3138	2
3139	6
3140	5
3141	3
3142	2
3143	1
3144	2
3145	5
3146	3
3147	4
3148	3
3149	2
3150	2
3151	2
3152	1
3153	5
3154	4
3155	2
3156	4
3157	1
3158	4
3159	0
3160	4
3161	4
3162	2
3163	5
3164	3
3165	3
3166	4
3167	7
3168	3
3169	6
3170	3
3171	6
3172	2
3173	5
3174	5
3175	3
3176	4
3177	2
3178	4
3179	2
3180	4
3181	3
3182	2
3183	5
3184	0
3185	2
3186	1
3187	5
3188	4
3189	4
3190	1
3191	3
3192	4
3193	6
3194	0
3195	2
3196	4
3197	5
3198	1
3199	1
3200	4
3201	3
3202	5
3203	4
3204	4
3205	1
3206	3
3207	0
3208	2
3209	2
3210	2
3211	5
3212	2
3213	4
3214	4
3215	5
3216	5
3217	4
3218	2
3219	0
3220	2
3221	4
3222	2
3223	2
3224	2
3225	2
3226	6
3227	4
3228	3
3229	3
3230	5
3231	4
3232	1
3233	4
3234	5
3235	3
3236	6
3237	1
3238	4
3239	2
3240	2
3241	3
3242	4
3243	0
3244	1
3245	4
3246	2
3247	2
3248	5
3249	5
3250	2
3251	3
3252	1
3253	5
3254	1
3255	5
3256	2
3257	3
3258	1
3259	4
3260	3
3261	2
3262	1
3263	0
3264	4
3265	0
3266	5
3267	2
3268	2
3269	2
3270	2
3271	0
3272	4
3273	4
3274	2
3275	0
3276	3
3277	4
3278	0
3279	0
3280	1
3281	4
3282	2
3283	3
3284	0
3285	1
3286	2
3287	2
3288	1
3289	3
3290	3
3291	3
3292	3
3293	1
3294	3
3295	1
3296	4
3297	3
3298	2
3299	2
3300	2
3301	3
3302	4
3303	2
3304	3
3305	4
3306	0
3307	0
3308	1
3309	3
3310	4
3311	5
3312	1
3313	2
3314	3
3315	0
3316	3
3317	1
3318	3
3319	2
3320	3
3321	0
3322	2
3323	2
3324	1
3325	3
3326	1
3327	0
3328	3
3329	1
3330	1
3331	2
3332	2
3333	3
3334	1
3335	4
3336	1
3337	5
3338	2
3339	5
3340	0
3341	1
3342	1
3343	2
3344	0
3345	1
3346	0
3347	1
3348	0
3349	0
3350	1
3351	2
3352	3
3353	1
3354	1
3355	2
3356	1
3357	5
3358	2
3359	5
3360	0
3361	2
3362	1
3363	4
3364	2
3365	0
3366	3
3367	3
3368	1
3369	3
3370	3
3371	0
3372	4
3373	1
3374	1
3375	1
3376	0
3377	1
3378	2
3379	1
3380	2
3381	4
3382	4
3383	1
3384	2
3385	4
3386	0
3387	2
3388	0
3389	2
3390	2
3391	1
3392	2
3393	1
3394	0
3395	2
3396	3
3397	1
3398	0
3399	1
3400	1
3401	0
3402	1
3403	2
3404	4
3405	2
3406	1
3407	2
3408	1
3409	1
3410	1
3411	1
3412	0
3413	0
3414	0
3415	0
3416	3
3417	1
3418	1
3419	3
3420	1
3421	3
3422	1
3423	0
3424	1
3425	1
3426	2
3427	1
3428	3
3429	1
3430	0
3431	4
3432	1
3433	0
3434	0
3435	1
3436	1
3437	0
3438	3
3439	4
3440	2
3441	3
3442	1
3443	1
3444	1
3445	0
3446	1
3447	2
3448	2
3449	3
3450	1
3451	3
3452	0
3453	0
3454	2
3455	1
3456	2
3457	3
3458	1
3459	0
3460	1
3461	2
3462	0
3463	0
3464	2
3465	3
3466	0
3467	1
3468	2
3469	2
3470	3
3471	0
3472	4
3473	2
3474	1
3475	0
3476	0
3477	1
3478	1
3479	0
3480	0
3481	1
3482	1
3483	3
3484	1
3485	1
3486	0
3487	0
3488	1
3489	1
3490	1
3491	2
3492	0
3493	0
3494	0
3495	0
3496	1
3497	3
3498	2
3499	2
3500	1
3501	3
3502	1
3503	1
3504	1
3505	1
3506	2
3507	0
3508	1
3509	1
3510	2
3511	1
3512	3
3513	1
3514	1
3515	0
3516	2
3517	1
3518	1
3519	1
3520	2
3521	0
3522	2
3523	1
3524	1
3525	2
3526	2
3527	1
3528	0
3529	1
3530	1
3531	0
3532	1
3533	1
3534	1
3535	0
3536	1
3537	0
3538	1
3539	1
3540	1
3541	2
3542	2
3543	0
3544	0
3545	0
3546	2
3547	1
3548	0
3549	1
3550	0
3551	2
3552	0
3553	1
3554	0
3555	0
3556	1
3557	0
3558	3
3559	1
3560	1
3561	0
3562	1
3563	1
3564	2
3565	2
3566	0
3567	0
3568	1
3569	0
3570	0
3571	1
3572	1
3573	1
3574	1
3575	3
3576	2
3577	0
3578	1
3579	0
3580	1
3581	0
3582	1
3583	1
3584	1
3585	0
3586	1
3587	1
3588	0
3589	2
3590	1
3591	4
3592	1
3593	1
3594	0
3595	1
3596	1
3597	0
3598	1
3599	2
3600	5
3601	0
3602	1
3603	1
3604	0
3605	2
3606	3
3607	2
3608	0
3609	3
3610	0
3611	1
3612	1
3613	1
3614	2
3615	0
3616	0
3617	1
3618	1
3619	1
3620	0
3621	2
3622	0
3623	0
3624	0
3625	1
3626	1
3627	1
3628	1
3629	1
3630	1
3631	0
3632	1
3633	0
3634	0
3635	0
3636	0
3637	0
3638	0
3639	0
3640	0
3641	1
3642	1
3643	1
3644	1
3645	1
3646	0
3647	2
3648	1
3649	0
3650	1
3651	0
3652	0
3653	0
3654	0
3655	1
3656	1
3657	1
3658	0
3659	0
3660	1
3661	1
3662	1
3663	1
3664	0
3665	3
3666	2
3667	0
3668	0
3669	1
3670	0
3671	0
3672	1
3673	0
3674	0
3675	0
3676	1
3677	0
3678	0
3679	1
3680	0
3681	0
3682	1
3683	2
3684	1
3685	0
3686	1
3687	0
3688	0
3689	0
3690	0
3691	0
3692	0
3693	0
3694	1
3695	0
3696	0
3697	0
3698	0
3699	0
3700	1
3701	0
3702	0
3703	0
3704	1
3705	1
3706	0
3707	1
3708	2
3709	0
3710	0
3711	1
3712	1
3713	0
3714	0
3715	0
3716	0
3717	0
3718	0
3719	0
3720	0
3721	0
3722	0
3723	2
3724	0
3725	0
3726	0
3727	2
3728	0
3729	0
3730	1
3731	0
3732	0
3733	1
3734	0
3735	0
3736	1
3737	0
3738	0
3739	0
3740	0
3741	0
3742	0
3743	0
3744	0
3745	0
3746	0
3747	0
3748	0
3749	0
3750	0
3751	0
3752	0
3753	0
3754	1
3755	0
3756	0
3757	0
3758	0
3759	0
3760	0
3761	0
3762	0
3763	1
3764	0
3765	2
3766	0
3767	0
3768	2
3769	0
3770	0
3771	0
3772	0
3773	0
3774	0
3775	0
3776	1
3777	0
3778	0
3779	1
3780	1
3781	0
3782	0
3783	0
3784	1
3785	0
3786	0
3787	0
3788	0
3789	0
3790	0
3791	0
3792	0
3793	0
3794	0
3795	0
3796	0
3797	0
3798	0
3799	0
3800	1
3801	0
3802	0
3803	0
3804	0
3805	0
3806	0
3807	0
3808	1
3809	0
3810	0
3811	0
3812	0
3813	0
3814	0
3815	0
3816	0
3817	0
3818	0
3819	0
3820	0
3821	0
3822	0
3823	0
3824	0
3825	1
3826	0
3827	1
3828	0
3829	0
3830	0
3831	0
3832	1
3833	0
3834	0
3835	0
3836	0
3837	0
3838	1
3839	0
3840	0
3841	0
3842	0
3843	0
3844	0
3845	1
3846	0
3847	0
3848	0
3849	1
3850	0
3851	0
3852	1
3853	0
3854	0
3855	0
3856	0
3857	0
3858	0
3859	0
3860	0
3861	0
3862	0
3863	0
3864	0
3865	0
3866	0
3867	0
3868	0
3869	0
3870	0
3871	0
3872	0
3873	0
3874	0
3875	0
3876	1
3877	0
3878	0
3879	0
3880	0
3881	0
3882	0
3883	0
3884	0
3885	0
3886	0
3887	0
3888	0
3889	0
3890	0
3891	0
3892	0
3893	0
3894	0
3895	0
3896	0
3897	0
3898	0
3899	0
3900	0
3901	0
3902	0
3903	0
3904	0
3905	0
3906	0
3907	0
3908	1
3909	0
3910	0
3911	0
3912	0
3913	0
3914	0
3915	0
3916	0
3917	0
3918	0
3919	0
3920	0
3921	0
3922	0
3923	0
3924	0
3925	0
3926	1
3927	0
3928	0
3929	0
3930	0
3931	0
3932	0
3933	0
3934	0
3935	0
3936	0
3937	0
3938	0
3939	0
3940	0
3941	0
3942	0
3943	0
3944	0
3945	0
3946	0
3947	0
3948	0
3949	0
3950	0
3951	0
3952	0
3953	0
3954	0
3955	0
3956	0
3957	0
3958	0
3959	0
3960	0
3961	0
3962	0
3963	0
3964	0
3965	0
3966	0
3967	1
3968	0
3969	0
3970	0
3971	0
3972	0
3973	0
3974	0
3975	0
3976	0
3977	0
3978	1
3979	0
3980	0
3981	0
3982	0
3983	0
3984	0
3985	0
3986	0
3987	0
3988	0
3989	0
3990	0
3991	0
3992	0
3993	0
3994	0
3995	0
3996	0
3997	0
3998	0
3999	0
4000	0
