Channel number	Impulses
Channel/#	Impulses/#

0	0
1	0
2	0
3	0
4	0
5	0
6	0
7	0
8	0
9	0
10	0
11	0
12	0
13	0
14	0
15	0
16	0
17	0
18	0
19	0
20	0
21	0
22	0
23	0
24	0
25	0
26	0
27	0
28	0
29	0
30	0
31	0
32	0
33	0
34	0
35	0
36	0
37	0
38	0
39	0
40	0
41	1
42	0
43	0
44	0
45	1
46	3
47	6
48	5
49	7
50	10
51	15
52	17
53	11
54	10
55	18
56	13
57	16
58	17
59	15
60	13
61	13
62	19
63	30
64	4
65	13
66	15
67	14
68	19
69	17
70	18
71	17
72	11
73	16
74	15
75	19
76	11
77	16
78	18
79	29
80	8
81	11
82	18
83	19
84	16
85	16
86	19
87	22
88	13
89	36
90	12
91	17
92	12
93	9
94	16
95	28
96	8
97	8
98	18
99	12
100	16
101	11
102	9
103	21
104	10
105	16
106	5
107	14
108	8
109	14
110	16
111	20
112	9
113	15
114	11
115	19
116	16
117	12
118	19
119	18
120	9
121	9
122	11
123	24
124	20
125	12
126	16
127	18
128	4
129	16
130	9
131	17
132	11
133	11
134	10
135	12
136	8
137	14
138	13
139	8
140	16
141	13
142	9
143	13
144	1
145	18
146	12
147	16
148	9
149	13
150	9
151	18
152	10
153	12
154	11
155	17
156	11
157	8
158	13
159	21
160	9
161	11
162	13
163	12
164	11
165	14
166	7
167	12
168	6
169	14
170	12
171	7
172	13
173	5
174	10
175	10
176	7
177	16
178	14
179	8
180	14
181	9
182	11
183	16
184	7
185	10
186	9
187	7
188	5
189	11
190	12
191	10
192	6
193	13
194	10
195	13
196	8
197	15
198	11
199	12
200	4
201	17
202	10
203	5
204	4
205	11
206	10
207	15
208	10
209	17
210	10
211	8
212	8
213	3
214	10
215	10
216	7
217	18
218	11
219	12
220	6
221	15
222	7
223	11
224	8
225	4
226	8
227	6
228	10
229	8
230	13
231	10
232	8
233	7
234	9
235	9
236	8
237	11
238	3
239	8
240	8
241	8
242	8
243	8
244	10
245	8
246	9
247	17
248	7
249	12
250	10
251	12
252	6
253	11
254	11
255	16
256	2
257	13
258	5
259	6
260	8
261	6
262	17
263	9
264	7
265	5
266	8
267	8
268	8
269	6
270	8
271	14
272	6
273	8
274	7
275	9
276	9
277	7
278	8
279	11
280	9
281	7
282	11
283	9
284	5
285	5
286	5
287	14
288	3
289	5
290	4
291	10
292	5
293	6
294	9
295	12
296	5
297	7
298	3
299	13
300	12
301	8
302	8
303	9
304	10
305	9
306	2
307	8
308	6
309	11
310	9
311	14
312	1
313	7
314	4
315	10
316	7
317	9
318	6
319	11
320	4
321	4
322	11
323	9
324	8
325	5
326	10
327	5
328	7
329	7
330	8
331	7
332	7
333	7
334	6
335	7
336	2
337	8
338	5
339	11
340	19
341	6
342	5
343	4
344	2
345	12
346	3
347	4
348	4
349	10
350	6
351	7
352	6
353	8
354	8
355	5
356	5
357	7
358	6
359	7
360	2
361	13
362	8
363	5
364	4
365	11
366	8
367	9
368	5
369	6
370	6
371	7
372	11
373	7
374	10
375	6
376	8
377	5
378	10
379	8
380	5
381	6
382	4
383	5
384	6
385	13
386	4
387	11
388	6
389	7
390	4
391	7
392	9
393	8
394	4
395	5
396	4
397	5
398	4
399	4
400	9
401	9
402	10
403	8
404	5
405	4
406	10
407	7
408	6
409	5
410	1
411	6
412	8
413	8
414	6
415	8
416	1
417	5
418	4
419	8
420	12
421	3
422	8
423	8
424	2
425	5
426	4
427	4
428	14
429	4
430	11
431	7
432	8
433	5
434	6
435	7
436	5
437	5
438	8
439	6
440	9
441	3
442	3
443	6
444	5
445	3
446	0
447	10
448	1
449	7
450	2
451	3
452	9
453	6
454	9
455	4
456	5
457	7
458	5
459	4
460	7
461	5
462	5
463	5
464	6
465	8
466	4
467	4
468	8
469	3
470	8
471	11
472	4
473	7
474	3
475	8
476	5
477	5
478	7
479	9
480	5
481	8
482	4
483	2
484	4
485	5
486	4
487	10
488	3
489	7
490	6
491	7
492	9
493	7
494	7
495	5
496	2
497	3
498	4
499	5
500	3
501	6
502	8
503	9
504	2
505	2
506	5
507	4
508	1
509	4
510	8
511	16
512	0
513	4
514	3
515	4
516	7
517	10
518	8
519	6
520	4
521	4
522	2
523	7
524	3
525	3
526	5
527	10
528	1
529	8
530	3
531	6
532	4
533	6
534	9
535	4
536	3
537	6
538	5
539	9
540	3
541	12
542	5
543	19
544	6
545	5
546	6
547	3
548	2
549	6
550	8
551	11
552	3
553	10
554	6
555	5
556	2
557	8
558	7
559	8
560	3
561	8
562	10
563	7
564	4
565	7
566	6
567	7
568	2
569	8
570	7
571	10
572	4
573	5
574	6
575	5
576	3
577	1
578	4
579	3
580	7
581	3
582	6
583	6
584	9
585	4
586	2
587	3
588	9
589	4
590	7
591	10
592	6
593	9
594	4
595	6
596	5
597	2
598	6
599	8
600	2
601	4
602	6
603	6
604	3
605	8
606	4
607	12
608	2
609	4
610	1
611	10
612	9
613	6
614	4
615	3
616	1
617	7
618	5
619	4
620	2
621	3
622	2
623	5
624	2
625	6
626	2
627	7
628	4
629	6
630	4
631	4
632	2
633	3
634	1
635	0
636	2
637	6
638	5
639	11
640	4
641	3
642	8
643	8
644	3
645	7
646	9
647	11
648	1
649	5
650	4
651	3
652	7
653	3
654	3
655	6
656	6
657	3
658	7
659	2
660	4
661	2
662	7
663	3
664	5
665	7
666	1
667	4
668	6
669	6
670	6
671	7
672	1
673	5
674	7
675	8
676	6
677	4
678	5
679	3
680	8
681	9
682	5
683	11
684	8
685	4
686	7
687	8
688	7
689	6
690	6
691	4
692	6
693	3
694	8
695	9
696	5
697	10
698	4
699	9
700	7
701	8
702	7
703	8
704	1
705	7
706	5
707	7
708	6
709	6
710	3
711	9
712	7
713	10
714	6
715	6
716	5
717	6
718	5
719	8
720	3
721	7
722	12
723	11
724	7
725	10
726	2
727	8
728	9
729	5
730	4
731	7
732	3
733	5
734	5
735	8
736	3
737	9
738	7
739	3
740	7
741	4
742	5
743	4
744	4
745	6
746	3
747	5
748	5
749	4
750	9
751	7
752	4
753	6
754	5
755	6
756	3
757	9
758	2
759	3
760	9
761	10
762	6
763	3
764	12
765	4
766	7
767	14
768	5
769	3
770	11
771	5
772	7
773	6
774	4
775	4
776	2
777	4
778	5
779	8
780	7
781	6
782	8
783	6
784	6
785	5
786	9
787	6
788	3
789	6
790	11
791	7
792	3
793	12
794	7
795	8
796	4
797	8
798	12
799	6
800	3
801	9
802	10
803	5
804	6
805	6
806	7
807	5
808	6
809	7
810	10
811	5
812	4
813	3
814	5
815	6
816	8
817	8
818	9
819	7
820	7
821	8
822	9
823	6
824	6
825	12
826	11
827	12
828	6
829	8
830	9
831	15
832	2
833	8
834	6
835	6
836	7
837	13
838	4
839	17
840	10
841	10
842	9
843	8
844	11
845	5
846	9
847	7
848	7
849	8
850	12
851	14
852	6
853	14
854	10
855	7
856	9
857	13
858	8
859	17
860	10
861	16
862	16
863	14
864	8
865	7
866	14
867	6
868	14
869	8
870	8
871	8
872	7
873	17
874	10
875	2
876	14
877	9
878	7
879	9
880	6
881	11
882	15
883	11
884	11
885	11
886	8
887	1
888	12
889	11
890	10
891	12
892	8
893	13
894	11
895	12
896	6
897	7
898	6
899	13
900	12
901	5
902	11
903	20
904	11
905	10
906	7
907	6
908	13
909	15
910	6
911	10
912	9
913	10
914	5
915	11
916	6
917	11
918	13
919	6
920	16
921	7
922	12
923	9
924	8
925	14
926	6
927	16
928	4
929	7
930	11
931	13
932	8
933	7
934	14
935	10
936	9
937	11
938	9
939	6
940	16
941	12
942	14
943	5
944	13
945	11
946	11
947	12
948	10
949	16
950	11
951	12
952	7
953	11
954	19
955	13
956	3
957	14
958	15
959	14
960	10
961	12
962	14
963	8
964	14
965	8
966	17
967	10
968	15
969	18
970	13
971	6
972	11
973	12
974	13
975	9
976	10
977	12
978	14
979	11
980	5
981	9
982	15
983	14
984	9
985	12
986	9
987	13
988	9
989	9
990	11
991	17
992	5
993	14
994	21
995	10
996	14
997	3
998	16
999	9
1000	10
1001	19
1002	13
1003	11
1004	15
1005	15
1006	8
1007	12
1008	11
1009	13
1010	9
1011	16
1012	20
1013	16
1014	13
1015	16
1016	12
1017	14
1018	10
1019	14
1020	8
1021	12
1022	12
1023	22
1024	4
1025	10
1026	7
1027	15
1028	13
1029	4
1030	15
1031	17
1032	7
1033	24
1034	7
1035	21
1036	18
1037	14
1038	12
1039	21
1040	12
1041	11
1042	8
1043	17
1044	7
1045	9
1046	14
1047	14
1048	9
1049	21
1050	10
1051	22
1052	13
1053	16
1054	12
1055	20
1056	4
1057	17
1058	10
1059	13
1060	21
1061	16
1062	17
1063	16
1064	11
1065	13
1066	17
1067	12
1068	14
1069	6
1070	11
1071	20
1072	8
1073	21
1074	12
1075	14
1076	17
1077	16
1078	15
1079	17
1080	9
1081	13
1082	12
1083	20
1084	9
1085	17
1086	9
1087	25
1088	5
1089	18
1090	19
1091	12
1092	9
1093	12
1094	17
1095	13
1096	8
1097	18
1098	10
1099	10
1100	19
1101	16
1102	7
1103	17
1104	7
1105	17
1106	11
1107	16
1108	13
1109	12
1110	18
1111	15
1112	13
1113	25
1114	10
1115	16
1116	8
1117	13
1118	15
1119	21
1120	6
1121	12
1122	14
1123	15
1124	17
1125	19
1126	18
1127	12
1128	7
1129	25
1130	5
1131	16
1132	15
1133	14
1134	9
1135	16
1136	12
1137	13
1138	13
1139	18
1140	12
1141	7
1142	11
1143	15
1144	11
1145	18
1146	11
1147	11
1148	11
1149	14
1150	19
1151	25
1152	5
1153	22
1154	21
1155	11
1156	15
1157	10
1158	18
1159	16
1160	8
1161	16
1162	11
1163	22
1164	18
1165	12
1166	15
1167	15
1168	5
1169	17
1170	12
1171	20
1172	9
1173	15
1174	17
1175	11
1176	5
1177	21
1178	15
1179	17
1180	17
1181	13
1182	9
1183	29
1184	4
1185	13
1186	16
1187	15
1188	24
1189	8
1190	23
1191	11
1192	11
1193	19
1194	15
1195	16
1196	12
1197	15
1198	17
1199	12
1200	19
1201	16
1202	16
1203	11
1204	14
1205	11
1206	20
1207	18
1208	14
1209	12
1210	6
1211	19
1212	16
1213	11
1214	20
1215	22
1216	11
1217	20
1218	21
1219	20
1220	19
1221	23
1222	10
1223	17
1224	18
1225	20
1226	13
1227	14
1228	25
1229	14
1230	20
1231	21
1232	13
1233	19
1234	16
1235	22
1236	13
1237	17
1238	21
1239	18
1240	23
1241	24
1242	19
1243	26
1244	16
1245	20
1246	21
1247	21
1248	17
1249	21
1250	15
1251	28
1252	13
1253	14
1254	20
1255	32
1256	13
1257	26
1258	24
1259	21
1260	25
1261	19
1262	27
1263	28
1264	16
1265	16
1266	18
1267	31
1268	26
1269	24
1270	33
1271	28
1272	13
1273	26
1274	24
1275	26
1276	16
1277	32
1278	13
1279	21
1280	2
1281	15
1282	17
1283	27
1284	23
1285	18
1286	26
1287	23
1288	18
1289	20
1290	28
1291	22
1292	17
1293	19
1294	31
1295	27
1296	16
1297	26
1298	25
1299	28
1300	22
1301	20
1302	19
1303	20
1304	24
1305	25
1306	13
1307	38
1308	22
1309	21
1310	17
1311	22
1312	13
1313	17
1314	22
1315	17
1316	36
1317	16
1318	22
1319	22
1320	17
1321	29
1322	23
1323	22
1324	16
1325	20
1326	31
1327	29
1328	16
1329	29
1330	18
1331	26
1332	19
1333	23
1334	29
1335	19
1336	19
1337	23
1338	15
1339	22
1340	18
1341	18
1342	18
1343	32
1344	9
1345	19
1346	11
1347	22
1348	19
1349	21
1350	22
1351	19
1352	22
1353	28
1354	19
1355	20
1356	23
1357	20
1358	24
1359	31
1360	16
1361	28
1362	28
1363	20
1364	16
1365	23
1366	22
1367	23
1368	20
1369	24
1370	18
1371	17
1372	26
1373	27
1374	40
1375	34
1376	15
1377	23
1378	34
1379	27
1380	27
1381	19
1382	30
1383	32
1384	26
1385	30
1386	17
1387	24
1388	35
1389	27
1390	25
1391	26
1392	15
1393	16
1394	28
1395	30
1396	36
1397	20
1398	32
1399	31
1400	19
1401	23
1402	30
1403	27
1404	27
1405	18
1406	25
1407	31
1408	11
1409	23
1410	23
1411	20
1412	27
1413	21
1414	33
1415	24
1416	21
1417	28
1418	16
1419	25
1420	38
1421	21
1422	22
1423	34
1424	24
1425	30
1426	24
1427	39
1428	31
1429	14
1430	31
1431	18
1432	27
1433	23
1434	16
1435	22
1436	24
1437	26
1438	33
1439	31
1440	17
1441	23
1442	23
1443	30
1444	16
1445	21
1446	36
1447	19
1448	21
1449	25
1450	20
1451	20
1452	27
1453	22
1454	20
1455	23
1456	21
1457	20
1458	31
1459	24
1460	27
1461	18
1462	31
1463	29
1464	17
1465	26
1466	26
1467	38
1468	23
1469	23
1470	33
1471	32
1472	22
1473	23
1474	25
1475	28
1476	36
1477	17
1478	19
1479	33
1480	18
1481	21
1482	16
1483	25
1484	28
1485	25
1486	35
1487	23
1488	21
1489	14
1490	37
1491	34
1492	22
1493	22
1494	39
1495	24
1496	29
1497	25
1498	15
1499	27
1500	25
1501	26
1502	29
1503	30
1504	16
1505	27
1506	23
1507	24
1508	40
1509	26
1510	29
1511	33
1512	27
1513	27
1514	23
1515	24
1516	28
1517	24
1518	24
1519	29
1520	27
1521	27
1522	33
1523	32
1524	38
1525	21
1526	32
1527	22
1528	24
1529	36
1530	29
1531	36
1532	28
1533	18
1534	28
1535	34
1536	22
1537	26
1538	26
1539	17
1540	37
1541	22
1542	19
1543	28
1544	20
1545	38
1546	16
1547	22
1548	31
1549	22
1550	29
1551	29
1552	28
1553	33
1554	21
1555	35
1556	31
1557	27
1558	31
1559	33
1560	20
1561	28
1562	16
1563	36
1564	29
1565	27
1566	24
1567	43
1568	11
1569	23
1570	23
1571	30
1572	35
1573	22
1574	36
1575	27
1576	31
1577	35
1578	17
1579	25
1580	28
1581	31
1582	20
1583	27
1584	26
1585	34
1586	32
1587	38
1588	25
1589	13
1590	42
1591	35
1592	25
1593	31
1594	23
1595	39
1596	25
1597	27
1598	26
1599	26
1600	13
1601	30
1602	24
1603	31
1604	38
1605	23
1606	26
1607	30
1608	25
1609	31
1610	35
1611	26
1612	21
1613	21
1614	24
1615	34
1616	19
1617	31
1618	29
1619	33
1620	31
1621	19
1622	35
1623	27
1624	20
1625	32
1626	20
1627	41
1628	33
1629	30
1630	26
1631	35
1632	19
1633	31
1634	36
1635	24
1636	26
1637	28
1638	33
1639	31
1640	21
1641	29
1642	30
1643	26
1644	36
1645	29
1646	37
1647	29
1648	20
1649	29
1650	28
1651	33
1652	23
1653	28
1654	32
1655	29
1656	21
1657	26
1658	23
1659	32
1660	23
1661	33
1662	29
1663	46
1664	9
1665	32
1666	42
1667	28
1668	35
1669	23
1670	31
1671	28
1672	27
1673	35
1674	22
1675	34
1676	31
1677	30
1678	18
1679	31
1680	27
1681	25
1682	34
1683	35
1684	31
1685	20
1686	39
1687	21
1688	14
1689	42
1690	23
1691	47
1692	33
1693	28
1694	34
1695	42
1696	18
1697	26
1698	30
1699	20
1700	29
1701	29
1702	28
1703	41
1704	29
1705	30
1706	17
1707	29
1708	19
1709	33
1710	31
1711	28
1712	32
1713	36
1714	41
1715	45
1716	25
1717	23
1718	39
1719	44
1720	23
1721	30
1722	35
1723	32
1724	20
1725	33
1726	33
1727	33
1728	32
1729	36
1730	22
1731	31
1732	36
1733	25
1734	46
1735	32
1736	29
1737	37
1738	22
1739	21
1740	38
1741	28
1742	32
1743	33
1744	22
1745	34
1746	35
1747	41
1748	37
1749	29
1750	37
1751	23
1752	36
1753	37
1754	24
1755	36
1756	40
1757	34
1758	21
1759	38
1760	33
1761	26
1762	27
1763	44
1764	39
1765	30
1766	44
1767	32
1768	35
1769	43
1770	28
1771	25
1772	36
1773	28
1774	38
1775	31
1776	30
1777	35
1778	36
1779	34
1780	29
1781	24
1782	45
1783	23
1784	31
1785	39
1786	15
1787	33
1788	26
1789	24
1790	26
1791	40
1792	17
1793	36
1794	30
1795	37
1796	37
1797	21
1798	34
1799	40
1800	38
1801	27
1802	27
1803	33
1804	41
1805	31
1806	35
1807	28
1808	29
1809	31
1810	34
1811	39
1812	29
1813	26
1814	40
1815	28
1816	34
1817	45
1818	24
1819	45
1820	33
1821	38
1822	38
1823	39
1824	32
1825	33
1826	41
1827	36
1828	32
1829	32
1830	37
1831	29
1832	31
1833	43
1834	44
1835	44
1836	32
1837	35
1838	44
1839	37
1840	23
1841	31
1842	34
1843	49
1844	40
1845	26
1846	44
1847	27
1848	34
1849	37
1850	29
1851	40
1852	33
1853	38
1854	49
1855	35
1856	34
1857	34
1858	42
1859	34
1860	41
1861	30
1862	54
1863	37
1864	43
1865	38
1866	33
1867	40
1868	38
1869	38
1870	34
1871	40
1872	35
1873	34
1874	44
1875	39
1876	30
1877	42
1878	37
1879	24
1880	31
1881	38
1882	41
1883	36
1884	39
1885	38
1886	45
1887	38
1888	35
1889	39
1890	48
1891	50
1892	43
1893	35
1894	53
1895	34
1896	37
1897	42
1898	37
1899	57
1900	56
1901	48
1902	38
1903	35
1904	24
1905	40
1906	54
1907	54
1908	57
1909	33
1910	53
1911	45
1912	59
1913	61
1914	47
1915	63
1916	46
1917	45
1918	49
1919	61
1920	53
1921	62
1922	57
1923	62
1924	77
1925	52
1926	75
1927	62
1928	94
1929	85
1930	59
1931	76
1932	96
1933	81
1934	89
1935	84
1936	92
1937	83
1938	89
1939	117
1940	115
1941	76
1942	133
1943	86
1944	98
1945	149
1946	95
1947	155
1948	128
1949	125
1950	123
1951	134
1952	120
1953	132
1954	160
1955	132
1956	179
1957	120
1958	194
1959	156
1960	149
1961	202
1962	138
1963	175
1964	216
1965	173
1966	189
1967	158
1968	214
1969	183
1970	240
1971	224
1972	234
1973	196
1974	279
1975	198
1976	201
1977	235
1978	235
1979	216
1980	234
1981	218
1982	247
1983	196
1984	240
1985	207
1986	211
1987	174
1988	278
1989	183
1990	275
1991	166
1992	233
1993	248
1994	174
1995	216
1996	260
1997	202
1998	189
1999	160
2000	195
2001	186
2002	203
2003	190
2004	186
2005	124
2006	240
2007	144
2008	178
2009	186
2010	143
2011	175
2012	147
2013	140
2014	165
2015	134
2016	154
2017	110
2018	152
2019	117
2020	161
2021	94
2022	134
2023	96
2024	85
2025	112
2026	78
2027	92
2028	109
2029	94
2030	88
2031	83
2032	65
2033	67
2034	88
2035	85
2036	81
2037	53
2038	89
2039	47
2040	54
2041	54
2042	51
2043	53
2044	54
2045	41
2046	45
2047	60
2048	31
2049	45
2050	38
2051	43
2052	32
2053	39
2054	54
2055	36
2056	34
2057	43
2058	35
2059	35
2060	36
2061	35
2062	33
2063	33
2064	24
2065	35
2066	43
2067	43
2068	30
2069	28
2070	31
2071	26
2072	22
2073	39
2074	25
2075	36
2076	19
2077	31
2078	26
2079	27
2080	20
2081	30
2082	29
2083	28
2084	33
2085	27
2086	32
2087	36
2088	15
2089	41
2090	24
2091	16
2092	47
2093	28
2094	23
2095	35
2096	26
2097	21
2098	24
2099	40
2100	21
2101	25
2102	36
2103	25
2104	21
2105	29
2106	17
2107	43
2108	25
2109	27
2110	33
2111	27
2112	18
2113	22
2114	25
2115	23
2116	24
2117	28
2118	28
2119	23
2120	23
2121	36
2122	23
2123	24
2124	35
2125	30
2126	26
2127	32
2128	19
2129	28
2130	21
2131	39
2132	29
2133	17
2134	37
2135	28
2136	21
2137	37
2138	28
2139	26
2140	27
2141	21
2142	21
2143	27
2144	24
2145	27
2146	22
2147	28
2148	32
2149	22
2150	39
2151	22
2152	27
2153	27
2154	24
2155	20
2156	26
2157	35
2158	33
2159	30
2160	14
2161	31
2162	35
2163	33
2164	24
2165	32
2166	37
2167	35
2168	22
2169	45
2170	29
2171	42
2172	16
2173	32
2174	24
2175	31
2176	26
2177	30
2178	36
2179	44
2180	27
2181	29
2182	35
2183	26
2184	26
2185	38
2186	28
2187	39
2188	36
2189	33
2190	26
2191	25
2192	32
2193	41
2194	35
2195	56
2196	35
2197	26
2198	53
2199	20
2200	48
2201	51
2202	30
2203	61
2204	40
2205	35
2206	53
2207	57
2208	38
2209	39
2210	58
2211	46
2212	61
2213	44
2214	64
2215	35
2216	36
2217	68
2218	40
2219	41
2220	62
2221	56
2222	44
2223	47
2224	49
2225	56
2226	47
2227	72
2228	59
2229	42
2230	65
2231	60
2232	58
2233	77
2234	64
2235	67
2236	64
2237	58
2238	62
2239	47
2240	70
2241	66
2242	56
2243	60
2244	79
2245	55
2246	84
2247	60
2248	69
2249	77
2250	50
2251	49
2252	79
2253	53
2254	61
2255	68
2256	55
2257	43
2258	60
2259	49
2260	48
2261	35
2262	67
2263	47
2264	61
2265	72
2266	41
2267	57
2268	70
2269	62
2270	59
2271	64
2272	46
2273	52
2274	51
2275	40
2276	57
2277	38
2278	54
2279	46
2280	34
2281	61
2282	27
2283	44
2284	45
2285	34
2286	32
2287	29
2288	40
2289	44
2290	42
2291	47
2292	44
2293	30
2294	28
2295	39
2296	26
2297	48
2298	26
2299	39
2300	33
2301	28
2302	30
2303	20
2304	36
2305	35
2306	32
2307	41
2308	33
2309	29
2310	32
2311	24
2312	20
2313	36
2314	23
2315	17
2316	24
2317	35
2318	19
2319	17
2320	26
2321	25
2322	27
2323	32
2324	22
2325	22
2326	34
2327	16
2328	30
2329	29
2330	15
2331	26
2332	14
2333	23
2334	20
2335	25
2336	25
2337	40
2338	20
2339	23
2340	22
2341	11
2342	28
2343	21
2344	14
2345	25
2346	15
2347	19
2348	24
2349	14
2350	27
2351	15
2352	15
2353	18
2354	16
2355	22
2356	15
2357	16
2358	22
2359	21
2360	12
2361	28
2362	17
2363	16
2364	20
2365	19
2366	10
2367	15
2368	18
2369	20
2370	13
2371	15
2372	19
2373	21
2374	20
2375	17
2376	11
2377	24
2378	9
2379	14
2380	21
2381	18
2382	16
2383	17
2384	14
2385	14
2386	19
2387	25
2388	26
2389	17
2390	20
2391	18
2392	19
2393	18
2394	23
2395	19
2396	16
2397	22
2398	17
2399	16
2400	23
2401	18
2402	21
2403	21
2404	27
2405	11
2406	22
2407	25
2408	15
2409	19
2410	8
2411	10
2412	14
2413	22
2414	17
2415	15
2416	13
2417	16
2418	21
2419	18
2420	16
2421	16
2422	19
2423	14
2424	14
2425	16
2426	14
2427	16
2428	17
2429	25
2430	14
2431	14
2432	20
2433	23
2434	15
2435	13
2436	18
2437	20
2438	20
2439	14
2440	14
2441	18
2442	15
2443	11
2444	22
2445	15
2446	11
2447	19
2448	23
2449	14
2450	22
2451	24
2452	16
2453	17
2454	18
2455	13
2456	21
2457	16
2458	16
2459	26
2460	20
2461	10
2462	19
2463	27
2464	14
2465	22
2466	19
2467	17
2468	24
2469	14
2470	22
2471	18
2472	15
2473	15
2474	15
2475	13
2476	17
2477	21
2478	17
2479	7
2480	23
2481	17
2482	25
2483	10
2484	12
2485	14
2486	12
2487	15
2488	21
2489	19
2490	16
2491	23
2492	15
2493	23
2494	12
2495	13
2496	24
2497	15
2498	19
2499	18
2500	21
2501	16
2502	27
2503	20
2504	26
2505	31
2506	17
2507	18
2508	21
2509	18
2510	18
2511	17
2512	24
2513	19
2514	18
2515	18
2516	11
2517	19
2518	20
2519	16
2520	13
2521	20
2522	19
2523	19
2524	23
2525	20
2526	21
2527	22
2528	16
2529	23
2530	23
2531	21
2532	25
2533	24
2534	20
2535	13
2536	16
2537	35
2538	18
2539	21
2540	26
2541	21
2542	23
2543	20
2544	16
2545	25
2546	24
2547	25
2548	25
2549	16
2550	30
2551	24
2552	16
2553	20
2554	23
2555	32
2556	25
2557	25
2558	21
2559	19
2560	21
2561	20
2562	26
2563	28
2564	29
2565	20
2566	25
2567	19
2568	10
2569	29
2570	15
2571	17
2572	22
2573	18
2574	17
2575	18
2576	22
2577	22
2578	16
2579	24
2580	18
2581	17
2582	26
2583	15
2584	17
2585	20
2586	16
2587	20
2588	15
2589	23
2590	14
2591	26
2592	19
2593	16
2594	13
2595	15
2596	31
2597	9
2598	8
2599	14
2600	13
2601	28
2602	9
2603	19
2604	19
2605	9
2606	15
2607	12
2608	23
2609	16
2610	13
2611	14
2612	10
2613	14
2614	10
2615	15
2616	17
2617	21
2618	9
2619	25
2620	16
2621	10
2622	11
2623	14
2624	16
2625	15
2626	12
2627	12
2628	17
2629	12
2630	11
2631	13
2632	16
2633	21
2634	9
2635	18
2636	14
2637	10
2638	16
2639	17
2640	6
2641	11
2642	15
2643	13
2644	10
2645	9
2646	14
2647	10
2648	20
2649	15
2650	15
2651	25
2652	12
2653	19
2654	14
2655	10
2656	15
2657	13
2658	17
2659	12
2660	23
2661	11
2662	17
2663	16
2664	21
2665	18
2666	14
2667	17
2668	15
2669	18
2670	17
2671	11
2672	8
2673	13
2674	9
2675	27
2676	21
2677	9
2678	12
2679	13
2680	10
2681	20
2682	7
2683	17
2684	4
2685	17
2686	12
2687	13
2688	9
2689	11
2690	13
2691	16
2692	22
2693	8
2694	11
2695	6
2696	10
2697	21
2698	9
2699	6
2700	20
2701	12
2702	11
2703	6
2704	15
2705	15
2706	18
2707	21
2708	14
2709	12
2710	13
2711	8
2712	8
2713	12
2714	11
2715	14
2716	19
2717	8
2718	11
2719	12
2720	15
2721	18
2722	27
2723	17
2724	7
2725	12
2726	19
2727	10
2728	9
2729	16
2730	16
2731	12
2732	17
2733	18
2734	11
2735	5
2736	11
2737	13
2738	12
2739	14
2740	13
2741	6
2742	21
2743	6
2744	11
2745	9
2746	15
2747	15
2748	14
2749	15
2750	7
2751	4
2752	16
2753	17
2754	13
2755	16
2756	16
2757	6
2758	14
2759	6
2760	13
2761	17
2762	9
2763	14
2764	20
2765	12
2766	13
2767	14
2768	11
2769	12
2770	15
2771	15
2772	6
2773	8
2774	16
2775	10
2776	10
2777	14
2778	6
2779	21
2780	13
2781	11
2782	11
2783	12
2784	10
2785	8
2786	12
2787	11
2788	14
2789	12
2790	12
2791	12
2792	4
2793	11
2794	9
2795	12
2796	13
2797	11
2798	18
2799	12
2800	12
2801	7
2802	10
2803	12
2804	6
2805	9
2806	14
2807	13
2808	14
2809	15
2810	13
2811	13
2812	10
2813	8
2814	10
2815	11
2816	9
2817	13
2818	11
2819	6
2820	17
2821	10
2822	17
2823	7
2824	9
2825	16
2826	11
2827	7
2828	14
2829	15
2830	7
2831	14
2832	12
2833	12
2834	13
2835	15
2836	15
2837	10
2838	10
2839	9
2840	15
2841	15
2842	9
2843	11
2844	10
2845	10
2846	8
2847	14
2848	13
2849	14
2850	13
2851	8
2852	15
2853	9
2854	9
2855	11
2856	8
2857	8
2858	8
2859	7
2860	18
2861	14
2862	7
2863	7
2864	5
2865	13
2866	12
2867	12
2868	14
2869	11
2870	14
2871	12
2872	15
2873	11
2874	9
2875	10
2876	8
2877	12
2878	8
2879	13
2880	11
2881	11
2882	9
2883	9
2884	16
2885	9
2886	5
2887	10
2888	6
2889	10
2890	12
2891	9
2892	9
2893	14
2894	15
2895	12
2896	18
2897	12
2898	7
2899	13
2900	14
2901	5
2902	12
2903	5
2904	8
2905	15
2906	12
2907	10
2908	15
2909	8
2910	8
2911	7
2912	10
2913	7
2914	9
2915	4
2916	15
2917	6
2918	14
2919	14
2920	5
2921	11
2922	4
2923	8
2924	8
2925	10
2926	5
2927	4
2928	11
2929	8
2930	12
2931	3
2932	6
2933	9
2934	13
2935	10
2936	7
2937	9
2938	2
2939	7
2940	6
2941	4
2942	11
2943	12
2944	9
2945	10
2946	6
2947	3
2948	9
2949	5
2950	16
2951	4
2952	8
2953	12
2954	9
2955	7
2956	8
2957	10
2958	8
2959	4
2960	10
2961	7
2962	6
2963	14
2964	12
2965	6
2966	7
2967	5
2968	8
2969	10
2970	6
2971	10
2972	9
2973	7
2974	7
2975	15
2976	9
2977	8
2978	11
2979	7
2980	8
2981	4
2982	16
2983	6
2984	5
2985	11
2986	9
2987	4
2988	11
2989	13
2990	9
2991	8
2992	9
2993	12
2994	6
2995	10
2996	6
2997	9
2998	5
2999	9
3000	6
3001	4
3002	6
3003	8
3004	7
3005	10
3006	8
3007	4
3008	8
3009	5
3010	8
3011	9
3012	10
3013	4
3014	6
3015	4
3016	8
3017	4
3018	3
3019	6
3020	11
3021	7
3022	10
3023	7
3024	2
3025	12
3026	9
3027	6
3028	8
3029	9
3030	7
3031	6
3032	5
3033	9
3034	9
3035	8
3036	7
3037	9
3038	3
3039	6
3040	10
3041	11
3042	8
3043	10
3044	7
3045	5
3046	9
3047	2
3048	8
3049	10
3050	3
3051	2
3052	11
3053	6
3054	6
3055	5
3056	3
3057	6
3058	3
3059	6
3060	7
3061	3
3062	11
3063	4
3064	5
3065	9
3066	3
3067	3
3068	6
3069	4
3070	4
3071	4
3072	9
3073	7
3074	3
3075	8
3076	12
3077	6
3078	11
3079	11
3080	7
3081	7
3082	3
3083	4
3084	3
3085	10
3086	4
3087	6
3088	6
3089	11
3090	6
3091	8
3092	8
3093	2
3094	7
3095	4
3096	6
3097	9
3098	4
3099	11
3100	2
3101	5
3102	5
3103	8
3104	2
3105	3
3106	3
3107	13
3108	5
3109	6
3110	9
3111	8
3112	3
3113	7
3114	1
3115	7
3116	6
3117	7
3118	1
3119	8
3120	6
3121	5
3122	5
3123	4
3124	6
3125	3
3126	7
3127	2
3128	7
3129	9
3130	5
3131	6
3132	4
3133	7
3134	5
3135	9
3136	7
3137	7
3138	9
3139	2
3140	10
3141	3
3142	4
3143	4
3144	7
3145	4
3146	2
3147	3
3148	8
3149	4
3150	2
3151	4
3152	5
3153	10
3154	12
3155	5
3156	6
3157	4
3158	6
3159	8
3160	6
3161	6
3162	2
3163	7
3164	3
3165	4
3166	5
3167	6
3168	6
3169	8
3170	1
3171	4
3172	8
3173	4
3174	5
3175	6
3176	2
3177	10
3178	5
3179	4
3180	4
3181	1
3182	6
3183	6
3184	5
3185	2
3186	3
3187	8
3188	11
3189	2
3190	10
3191	4
3192	3
3193	9
3194	4
3195	9
3196	2
3197	6
3198	8
3199	4
3200	5
3201	3
3202	5
3203	6
3204	5
3205	5
3206	6
3207	8
3208	0
3209	2
3210	9
3211	5
3212	5
3213	6
3214	2
3215	3
3216	6
3217	5
3218	3
3219	5
3220	6
3221	6
3222	7
3223	5
3224	4
3225	3
3226	5
3227	3
3228	1
3229	7
3230	8
3231	3
3232	3
3233	3
3234	4
3235	6
3236	3
3237	2
3238	12
3239	6
3240	4
3241	10
3242	3
3243	1
3244	2
3245	5
3246	2
3247	2
3248	1
3249	14
3250	9
3251	5
3252	5
3253	4
3254	7
3255	5
3256	3
3257	2
3258	4
3259	6
3260	7
3261	4
3262	5
3263	5
3264	6
3265	4
3266	3
3267	5
3268	6
3269	5
3270	4
3271	5
3272	4
3273	3
3274	7
3275	6
3276	4
3277	3
3278	8
3279	3
3280	3
3281	5
3282	3
3283	6
3284	3
3285	2
3286	5
3287	0
3288	3
3289	5
3290	0
3291	7
3292	5
3293	3
3294	5
3295	5
3296	5
3297	4
3298	5
3299	9
3300	3
3301	2
3302	4
3303	1
3304	6
3305	3
3306	2
3307	3
3308	4
3309	3
3310	6
3311	3
3312	6
3313	4
3314	3
3315	5
3316	2
3317	2
3318	8
3319	3
3320	6
3321	5
3322	2
3323	8
3324	5
3325	6
3326	7
3327	1
3328	3
3329	3
3330	4
3331	4
3332	6
3333	10
3334	7
3335	3
3336	2
3337	3
3338	2
3339	3
3340	1
3341	4
3342	7
3343	1
3344	1
3345	5
3346	6
3347	2
3348	2
3349	1
3350	6
3351	3
3352	6
3353	4
3354	5
3355	5
3356	1
3357	3
3358	2
3359	4
3360	5
3361	5
3362	3
3363	3
3364	3
3365	3
3366	3
3367	7
3368	0
3369	6
3370	2
3371	4
3372	4
3373	5
3374	3
3375	1
3376	2
3377	5
3378	3
3379	5
3380	3
3381	2
3382	7
3383	6
3384	3
3385	6
3386	3
3387	4
3388	2
3389	1
3390	4
3391	0
3392	6
3393	4
3394	8
3395	3
3396	7
3397	4
3398	4
3399	4
3400	6
3401	4
3402	4
3403	2
3404	5
3405	6
3406	4
3407	4
3408	5
3409	5
3410	4
3411	3
3412	1
3413	2
3414	4
3415	3
3416	4
3417	2
3418	2
3419	2
3420	5
3421	1
3422	5
3423	3
3424	4
3425	2
3426	3
3427	0
3428	4
3429	2
3430	5
3431	1
3432	4
3433	6
3434	0
3435	4
3436	3
3437	2
3438	1
3439	3
3440	3
3441	5
3442	1
3443	5
3444	2
3445	1
3446	7
3447	1
3448	1
3449	4
3450	3
3451	2
3452	2
3453	5
3454	3
3455	1
3456	5
3457	4
3458	4
3459	4
3460	2
3461	2
3462	2
3463	0
3464	6
3465	2
3466	2
3467	5
3468	5
3469	5
3470	0
3471	0
3472	1
3473	1
3474	5
3475	2
3476	3
3477	5
3478	6
3479	1
3480	5
3481	2
3482	2
3483	8
3484	5
3485	2
3486	1
3487	0
3488	2
3489	0
3490	4
3491	5
3492	3
3493	4
3494	6
3495	1
3496	1
3497	1
3498	3
3499	3
3500	3
3501	4
3502	2
3503	2
3504	2
3505	10
3506	1
3507	3
3508	5
3509	0
3510	3
3511	1
3512	3
3513	1
3514	2
3515	4
3516	3
3517	0
3518	3
3519	1
3520	0
3521	5
3522	6
3523	0
3524	4
3525	1
3526	2
3527	3
3528	2
3529	1
3530	1
3531	1
3532	4
3533	3
3534	2
3535	0
3536	1
3537	2
3538	2
3539	7
3540	1
3541	0
3542	3
3543	3
3544	4
3545	2
3546	3
3547	3
3548	2
3549	1
3550	4
3551	2
3552	1
3553	5
3554	2
3555	1
3556	4
3557	3
3558	3
3559	3
3560	0
3561	5
3562	2
3563	1
3564	3
3565	2
3566	5
3567	1
3568	1
3569	1
3570	3
3571	3
3572	1
3573	3
3574	5
3575	1
3576	2
3577	4
3578	4
3579	3
3580	3
3581	1
3582	4
3583	1
3584	2
3585	2
3586	5
3587	2
3588	4
3589	3
3590	2
3591	1
3592	1
3593	3
3594	1
3595	0
3596	2
3597	1
3598	1
3599	4
3600	2
3601	0
3602	3
3603	4
3604	2
3605	0
3606	3
3607	1
3608	2
3609	2
3610	2
3611	2
3612	4
3613	5
3614	3
3615	1
3616	2
3617	5
3618	2
3619	2
3620	3
3621	1
3622	3
3623	3
3624	0
3625	4
3626	2
3627	0
3628	1
3629	1
3630	1
3631	1
3632	4
3633	2
3634	1
3635	0
3636	0
3637	3
3638	1
3639	4
3640	2
3641	3
3642	0
3643	3
3644	0
3645	3
3646	2
3647	1
3648	0
3649	4
3650	2
3651	0
3652	2
3653	3
3654	4
3655	0
3656	3
3657	1
3658	0
3659	2
3660	3
3661	0
3662	0
3663	0
3664	0
3665	0
3666	3
3667	3
3668	0
3669	5
3670	3
3671	2
3672	2
3673	2
3674	2
3675	1
3676	4
3677	2
3678	1
3679	1
3680	3
3681	0
3682	0
3683	0
3684	1
3685	2
3686	2
3687	3
3688	1
3689	2
3690	0
3691	1
3692	2
3693	2
3694	3
3695	2
3696	1
3697	0
3698	0
3699	1
3700	4
3701	1
3702	2
3703	0
3704	3
3705	2
3706	1
3707	5
3708	2
3709	0
3710	3
3711	0
3712	2
3713	0
3714	0
3715	2
3716	0
3717	0
3718	4
3719	2
3720	1
3721	2
3722	1
3723	1
3724	2
3725	2
3726	1
3727	1
3728	3
3729	3
3730	0
3731	1
3732	2
3733	1
3734	2
3735	0
3736	3
3737	3
3738	1
3739	0
3740	3
3741	0
3742	3
3743	1
3744	1
3745	0
3746	0
3747	2
3748	3
3749	0
3750	1
3751	0
3752	1
3753	2
3754	2
3755	2
3756	4
3757	2
3758	2
3759	2
3760	1
3761	3
3762	0
3763	0
3764	2
3765	0
3766	2
3767	2
3768	2
3769	2
3770	1
3771	3
3772	1
3773	2
3774	0
3775	0
3776	2
3777	1
3778	0
3779	0
3780	3
3781	1
3782	1
3783	0
3784	1
3785	1
3786	1
3787	0
3788	0
3789	2
3790	2
3791	0
3792	1
3793	0
3794	0
3795	0
3796	2
3797	0
3798	1
3799	0
3800	0
3801	0
3802	0
3803	1
3804	0
3805	0
3806	0
3807	1
3808	0
3809	0
3810	1
3811	2
3812	0
3813	0
3814	2
3815	1
3816	1
3817	0
3818	1
3819	0
3820	1
3821	1
3822	1
3823	2
3824	1
3825	0
3826	1
3827	3
3828	0
3829	2
3830	2
3831	0
3832	0
3833	0
3834	0
3835	0
3836	2
3837	0
3838	2
3839	1
3840	1
3841	1
3842	1
3843	0
3844	1
3845	1
3846	0
3847	1
3848	0
3849	2
3850	1
3851	0
3852	0
3853	2
3854	1
3855	1
3856	0
3857	1
3858	2
3859	3
3860	1
3861	0
3862	2
3863	0
3864	1
3865	0
3866	0
3867	3
3868	0
3869	0
3870	1
3871	0
3872	1
3873	0
3874	3
3875	0
3876	1
3877	0
3878	3
3879	1
3880	0
3881	1
3882	1
3883	0
3884	1
3885	0
3886	1
3887	0
3888	0
3889	0
3890	0
3891	0
3892	0
3893	1
3894	1
3895	0
3896	0
3897	0
3898	0
3899	0
3900	1
3901	0
3902	1
3903	1
3904	1
3905	1
3906	1
3907	1
3908	1
3909	0
3910	0
3911	0
3912	1
3913	3
3914	1
3915	0
3916	0
3917	1
3918	2
3919	0
3920	0
3921	0
3922	1
3923	1
3924	1
3925	1
3926	1
3927	0
3928	0
3929	0
3930	2
3931	0
3932	0
3933	0
3934	0
3935	0
3936	0
3937	1
3938	0
3939	0
3940	1
3941	0
3942	0
3943	0
3944	0
3945	0
3946	1
3947	0
3948	0
3949	0
3950	0
3951	1
3952	1
3953	1
3954	0
3955	0
3956	0
3957	0
3958	1
3959	0
3960	0
3961	2
3962	0
3963	0
3964	0
3965	0
3966	0
3967	1
3968	0
3969	0
3970	0
3971	0
3972	0
3973	0
3974	0
3975	0
3976	0
3977	1
3978	1
3979	0
3980	0
3981	0
3982	1
3983	0
3984	0
3985	2
3986	0
3987	0
3988	0
3989	0
3990	0
3991	0
3992	0
3993	0
3994	0
3995	0
3996	1
3997	0
3998	0
3999	1
4000	0
