Channel number	Impulses
Channel/#	Impulses/#

0	0
1	0
2	0
3	0
4	0
5	0
6	0
7	0
8	0
9	0
10	0
11	0
12	0
13	0
14	0
15	0
16	0
17	0
18	0
19	0
20	0
21	0
22	0
23	0
24	0
25	0
26	0
27	0
28	0
29	0
30	0
31	0
32	0
33	0
34	0
35	0
36	0
37	0
38	0
39	0
40	0
41	0
42	0
43	0
44	0
45	0
46	2
47	8
48	3
49	6
50	6
51	10
52	10
53	8
54	8
55	11
56	10
57	14
58	5
59	15
60	17
61	7
62	12
63	17
64	4
65	7
66	12
67	11
68	15
69	13
70	13
71	9
72	5
73	10
74	11
75	8
76	11
77	9
78	15
79	12
80	9
81	10
82	9
83	9
84	10
85	10
86	13
87	7
88	7
89	9
90	9
91	12
92	10
93	11
94	15
95	14
96	7
97	8
98	10
99	9
100	11
101	6
102	9
103	7
104	2
105	8
106	3
107	9
108	8
109	16
110	5
111	10
112	7
113	14
114	11
115	16
116	6
117	10
118	8
119	10
120	8
121	7
122	6
123	4
124	7
125	6
126	5
127	13
128	4
129	2
130	5
131	7
132	8
133	6
134	13
135	8
136	8
137	9
138	4
139	10
140	9
141	7
142	8
143	7
144	5
145	4
146	8
147	10
148	9
149	7
150	11
151	8
152	6
153	4
154	9
155	9
156	10
157	4
158	11
159	5
160	8
161	6
162	5
163	5
164	4
165	4
166	9
167	5
168	3
169	12
170	5
171	3
172	5
173	8
174	7
175	10
176	6
177	9
178	9
179	5
180	4
181	5
182	13
183	7
184	3
185	3
186	5
187	8
188	4
189	3
190	5
191	13
192	1
193	11
194	7
195	11
196	8
197	8
198	8
199	3
200	8
201	9
202	3
203	8
204	4
205	12
206	5
207	6
208	6
209	6
210	6
211	11
212	7
213	4
214	7
215	3
216	6
217	10
218	4
219	5
220	8
221	5
222	9
223	10
224	1
225	5
226	5
227	5
228	2
229	6
230	3
231	5
232	2
233	3
234	7
235	7
236	3
237	10
238	8
239	4
240	5
241	3
242	12
243	4
244	4
245	9
246	5
247	5
248	2
249	4
250	5
251	4
252	5
253	9
254	2
255	10
256	1
257	5
258	6
259	7
260	4
261	2
262	0
263	8
264	1
265	8
266	5
267	6
268	3
269	4
270	0
271	8
272	1
273	7
274	4
275	10
276	5
277	3
278	5
279	7
280	5
281	2
282	5
283	4
284	4
285	3
286	4
287	7
288	1
289	3
290	7
291	6
292	4
293	4
294	3
295	4
296	3
297	0
298	7
299	5
300	5
301	5
302	6
303	4
304	3
305	5
306	2
307	5
308	10
309	6
310	3
311	2
312	0
313	6
314	6
315	2
316	2
317	5
318	7
319	3
320	1
321	4
322	8
323	5
324	6
325	6
326	1
327	7
328	6
329	4
330	3
331	6
332	5
333	4
334	3
335	6
336	4
337	3
338	6
339	2
340	4
341	4
342	5
343	3
344	4
345	6
346	4
347	2
348	2
349	5
350	4
351	8
352	2
353	8
354	2
355	3
356	1
357	5
358	6
359	7
360	4
361	5
362	2
363	6
364	7
365	0
366	3
367	4
368	2
369	5
370	2
371	2
372	6
373	6
374	7
375	9
376	2
377	4
378	4
379	5
380	3
381	3
382	6
383	4
384	2
385	1
386	7
387	6
388	3
389	3
390	5
391	3
392	3
393	7
394	6
395	2
396	2
397	4
398	6
399	3
400	2
401	2
402	0
403	3
404	3
405	4
406	4
407	4
408	4
409	4
410	5
411	3
412	3
413	5
414	4
415	13
416	5
417	3
418	2
419	6
420	3
421	3
422	9
423	3
424	0
425	5
426	4
427	2
428	5
429	0
430	2
431	4
432	5
433	3
434	1
435	5
436	3
437	3
438	6
439	1
440	1
441	2
442	3
443	3
444	1
445	4
446	4
447	8
448	5
449	3
450	5
451	4
452	1
453	8
454	5
455	2
456	6
457	6
458	2
459	2
460	4
461	3
462	3
463	2
464	1
465	3
466	2
467	5
468	4
469	1
470	3
471	1
472	4
473	4
474	0
475	2
476	4
477	1
478	3
479	4
480	1
481	4
482	4
483	5
484	5
485	5
486	2
487	5
488	2
489	4
490	1
491	1
492	6
493	4
494	3
495	5
496	6
497	1
498	4
499	2
500	4
501	2
502	4
503	3
504	1
505	2
506	4
507	2
508	1
509	8
510	7
511	3
512	0
513	1
514	1
515	2
516	6
517	0
518	3
519	4
520	7
521	2
522	2
523	3
524	0
525	6
526	0
527	3
528	3
529	8
530	3
531	7
532	3
533	1
534	3
535	7
536	4
537	5
538	1
539	5
540	4
541	5
542	4
543	1
544	1
545	2
546	4
547	2
548	2
549	6
550	3
551	5
552	2
553	4
554	4
555	3
556	5
557	2
558	0
559	4
560	1
561	1
562	5
563	3
564	3
565	1
566	5
567	6
568	4
569	4
570	4
571	4
572	2
573	0
574	1
575	5
576	2
577	1
578	3
579	0
580	4
581	4
582	3
583	2
584	2
585	4
586	1
587	0
588	2
589	4
590	2
591	8
592	1
593	5
594	4
595	4
596	0
597	2
598	3
599	4
600	4
601	6
602	4
603	4
604	6
605	8
606	6
607	5
608	3
609	2
610	4
611	4
612	3
613	3
614	4
615	2
616	4
617	2
618	2
619	5
620	5
621	2
622	5
623	1
624	7
625	2
626	3
627	2
628	3
629	4
630	1
631	6
632	1
633	3
634	3
635	4
636	1
637	9
638	3
639	6
640	1
641	1
642	5
643	2
644	2
645	2
646	3
647	1
648	2
649	3
650	0
651	1
652	3
653	5
654	3
655	5
656	3
657	3
658	4
659	5
660	1
661	3
662	4
663	3
664	4
665	1
666	4
667	5
668	2
669	6
670	4
671	3
672	1
673	2
674	2
675	4
676	2
677	3
678	4
679	6
680	1
681	9
682	3
683	6
684	2
685	1
686	3
687	4
688	1
689	2
690	1
691	1
692	2
693	7
694	4
695	2
696	1
697	4
698	0
699	1
700	2
701	2
702	3
703	3
704	1
705	3
706	5
707	3
708	3
709	2
710	4
711	3
712	1
713	3
714	1
715	3
716	4
717	7
718	4
719	4
720	1
721	4
722	5
723	4
724	5
725	1
726	4
727	2
728	4
729	6
730	3
731	4
732	1
733	2
734	4
735	5
736	1
737	2
738	5
739	1
740	9
741	4
742	3
743	2
744	4
745	3
746	6
747	4
748	1
749	6
750	3
751	5
752	5
753	2
754	1
755	5
756	0
757	1
758	4
759	3
760	4
761	3
762	4
763	5
764	6
765	0
766	6
767	5
768	2
769	2
770	3
771	3
772	3
773	3
774	0
775	3
776	3
777	3
778	3
779	4
780	2
781	8
782	4
783	6
784	4
785	7
786	4
787	5
788	1
789	5
790	2
791	6
792	7
793	4
794	7
795	4
796	4
797	5
798	4
799	8
800	3
801	4
802	7
803	4
804	6
805	0
806	0
807	6
808	4
809	4
810	4
811	6
812	7
813	3
814	6
815	4
816	6
817	3
818	4
819	2
820	2
821	6
822	6
823	4
824	0
825	5
826	2
827	11
828	2
829	6
830	5
831	4
832	3
833	5
834	7
835	1
836	5
837	2
838	6
839	3
840	5
841	4
842	3
843	7
844	3
845	5
846	5
847	7
848	3
849	7
850	3
851	3
852	4
853	2
854	4
855	11
856	5
857	9
858	3
859	6
860	5
861	4
862	3
863	4
864	5
865	8
866	6
867	3
868	8
869	4
870	6
871	4
872	2
873	2
874	3
875	5
876	5
877	5
878	4
879	5
880	5
881	4
882	8
883	6
884	6
885	7
886	4
887	7
888	9
889	6
890	8
891	6
892	9
893	5
894	4
895	6
896	9
897	3
898	7
899	3
900	7
901	9
902	8
903	0
904	8
905	11
906	3
907	2
908	5
909	5
910	8
911	9
912	4
913	2
914	7
915	3
916	4
917	3
918	5
919	2
920	5
921	4
922	6
923	2
924	5
925	7
926	2
927	14
928	5
929	6
930	4
931	5
932	6
933	5
934	12
935	5
936	2
937	5
938	4
939	3
940	5
941	4
942	3
943	3
944	6
945	3
946	7
947	7
948	3
949	6
950	5
951	7
952	6
953	5
954	3
955	6
956	11
957	4
958	4
959	13
960	5
961	10
962	4
963	7
964	7
965	6
966	12
967	4
968	8
969	6
970	4
971	4
972	11
973	4
974	7
975	8
976	4
977	7
978	13
979	8
980	4
981	7
982	11
983	4
984	8
985	5
986	4
987	6
988	5
989	5
990	5
991	10
992	7
993	2
994	3
995	2
996	7
997	4
998	3
999	1
1000	4
1001	4
1002	6
1003	8
1004	7
1005	4
1006	8
1007	4
1008	1
1009	5
1010	8
1011	16
1012	7
1013	4
1014	3
1015	5
1016	4
1017	7
1018	3
1019	7
1020	8
1021	1
1022	5
1023	14
1024	3
1025	8
1026	4
1027	4
1028	8
1029	11
1030	4
1031	9
1032	2
1033	2
1034	2
1035	6
1036	4
1037	3
1038	4
1039	9
1040	1
1041	5
1042	8
1043	4
1044	6
1045	4
1046	6
1047	6
1048	3
1049	8
1050	6
1051	6
1052	6
1053	9
1054	9
1055	18
1056	5
1057	7
1058	10
1059	6
1060	7
1061	9
1062	10
1063	11
1064	6
1065	5
1066	9
1067	8
1068	7
1069	11
1070	9
1071	5
1072	5
1073	12
1074	4
1075	9
1076	5
1077	4
1078	11
1079	10
1080	11
1081	8
1082	6
1083	15
1084	10
1085	7
1086	6
1087	14
1088	2
1089	10
1090	6
1091	9
1092	4
1093	11
1094	12
1095	8
1096	6
1097	4
1098	2
1099	11
1100	5
1101	3
1102	6
1103	10
1104	3
1105	9
1106	6
1107	6
1108	8
1109	3
1110	3
1111	7
1112	3
1113	11
1114	7
1115	9
1116	6
1117	5
1118	11
1119	13
1120	3
1121	9
1122	5
1123	9
1124	6
1125	4
1126	10
1127	10
1128	2
1129	7
1130	8
1131	7
1132	7
1133	2
1134	9
1135	9
1136	4
1137	6
1138	6
1139	7
1140	7
1141	11
1142	10
1143	9
1144	3
1145	12
1146	4
1147	6
1148	11
1149	7
1150	12
1151	7
1152	6
1153	2
1154	11
1155	10
1156	4
1157	10
1158	7
1159	6
1160	4
1161	7
1162	4
1163	7
1164	8
1165	9
1166	7
1167	4
1168	5
1169	6
1170	8
1171	11
1172	9
1173	9
1174	14
1175	8
1176	5
1177	8
1178	7
1179	12
1180	8
1181	8
1182	13
1183	14
1184	8
1185	4
1186	17
1187	9
1188	8
1189	7
1190	7
1191	14
1192	3
1193	19
1194	10
1195	14
1196	10
1197	6
1198	13
1199	11
1200	8
1201	8
1202	16
1203	14
1204	7
1205	9
1206	8
1207	12
1208	4
1209	9
1210	8
1211	8
1212	9
1213	10
1214	7
1215	11
1216	5
1217	7
1218	8
1219	7
1220	8
1221	7
1222	12
1223	9
1224	8
1225	11
1226	10
1227	13
1228	11
1229	9
1230	10
1231	8
1232	4
1233	6
1234	12
1235	15
1236	10
1237	8
1238	12
1239	9
1240	8
1241	18
1242	7
1243	12
1244	11
1245	8
1246	8
1247	25
1248	9
1249	11
1250	9
1251	16
1252	11
1253	12
1254	17
1255	14
1256	10
1257	18
1258	4
1259	13
1260	21
1261	16
1262	11
1263	11
1264	12
1265	9
1266	16
1267	15
1268	5
1269	9
1270	18
1271	13
1272	9
1273	13
1274	8
1275	10
1276	10
1277	15
1278	16
1279	12
1280	3
1281	11
1282	12
1283	16
1284	13
1285	14
1286	11
1287	13
1288	7
1289	14
1290	13
1291	15
1292	15
1293	9
1294	14
1295	9
1296	4
1297	12
1298	12
1299	14
1300	11
1301	6
1302	18
1303	12
1304	14
1305	11
1306	12
1307	13
1308	6
1309	12
1310	11
1311	14
1312	6
1313	14
1314	6
1315	15
1316	17
1317	6
1318	13
1319	11
1320	13
1321	6
1322	14
1323	15
1324	15
1325	16
1326	8
1327	9
1328	10
1329	10
1330	15
1331	12
1332	11
1333	8
1334	23
1335	20
1336	12
1337	11
1338	13
1339	19
1340	10
1341	21
1342	13
1343	15
1344	6
1345	12
1346	20
1347	8
1348	22
1349	10
1350	20
1351	9
1352	6
1353	13
1354	10
1355	19
1356	21
1357	9
1358	12
1359	12
1360	12
1361	16
1362	16
1363	15
1364	11
1365	12
1366	21
1367	13
1368	16
1369	11
1370	14
1371	15
1372	6
1373	14
1374	16
1375	15
1376	15
1377	6
1378	13
1379	13
1380	12
1381	9
1382	15
1383	10
1384	10
1385	15
1386	12
1387	14
1388	14
1389	22
1390	12
1391	13
1392	7
1393	14
1394	14
1395	17
1396	16
1397	11
1398	19
1399	18
1400	18
1401	20
1402	15
1403	20
1404	15
1405	16
1406	20
1407	24
1408	6
1409	16
1410	13
1411	7
1412	18
1413	13
1414	12
1415	15
1416	27
1417	23
1418	18
1419	16
1420	17
1421	16
1422	21
1423	12
1424	11
1425	16
1426	19
1427	16
1428	16
1429	10
1430	15
1431	15
1432	12
1433	23
1434	10
1435	15
1436	16
1437	19
1438	17
1439	19
1440	9
1441	11
1442	13
1443	20
1444	15
1445	12
1446	21
1447	20
1448	13
1449	25
1450	12
1451	17
1452	25
1453	20
1454	18
1455	11
1456	22
1457	20
1458	13
1459	18
1460	18
1461	18
1462	21
1463	19
1464	13
1465	15
1466	19
1467	22
1468	23
1469	20
1470	24
1471	12
1472	8
1473	17
1474	14
1475	17
1476	31
1477	10
1478	20
1479	14
1480	19
1481	24
1482	17
1483	16
1484	20
1485	18
1486	15
1487	22
1488	8
1489	14
1490	14
1491	17
1492	20
1493	21
1494	18
1495	21
1496	13
1497	17
1498	14
1499	24
1500	12
1501	13
1502	20
1503	24
1504	19
1505	22
1506	19
1507	26
1508	21
1509	11
1510	26
1511	18
1512	23
1513	17
1514	15
1515	14
1516	21
1517	17
1518	14
1519	16
1520	23
1521	18
1522	21
1523	19
1524	19
1525	12
1526	22
1527	13
1528	15
1529	25
1530	13
1531	15
1532	24
1533	21
1534	23
1535	25
1536	10
1537	22
1538	30
1539	24
1540	22
1541	21
1542	17
1543	15
1544	13
1545	31
1546	18
1547	18
1548	18
1549	13
1550	9
1551	24
1552	20
1553	24
1554	16
1555	25
1556	15
1557	19
1558	23
1559	26
1560	14
1561	24
1562	18
1563	18
1564	22
1565	20
1566	23
1567	21
1568	15
1569	16
1570	19
1571	15
1572	23
1573	21
1574	14
1575	20
1576	18
1577	24
1578	15
1579	16
1580	17
1581	15
1582	23
1583	24
1584	20
1585	18
1586	23
1587	19
1588	21
1589	17
1590	14
1591	25
1592	13
1593	27
1594	13
1595	22
1596	17
1597	19
1598	16
1599	20
1600	14
1601	22
1602	19
1603	20
1604	31
1605	21
1606	29
1607	12
1608	22
1609	31
1610	19
1611	17
1612	19
1613	18
1614	17
1615	27
1616	26
1617	22
1618	18
1619	26
1620	19
1621	17
1622	19
1623	20
1624	13
1625	29
1626	22
1627	23
1628	24
1629	17
1630	22
1631	27
1632	17
1633	15
1634	23
1635	19
1636	24
1637	23
1638	27
1639	22
1640	15
1641	25
1642	12
1643	18
1644	17
1645	13
1646	22
1647	24
1648	13
1649	23
1650	19
1651	31
1652	22
1653	21
1654	20
1655	24
1656	25
1657	34
1658	24
1659	33
1660	19
1661	27
1662	22
1663	34
1664	16
1665	17
1666	18
1667	19
1668	28
1669	19
1670	24
1671	21
1672	16
1673	26
1674	19
1675	20
1676	27
1677	21
1678	24
1679	20
1680	19
1681	25
1682	16
1683	29
1684	22
1685	22
1686	27
1687	18
1688	30
1689	20
1690	23
1691	29
1692	21
1693	16
1694	24
1695	32
1696	16
1697	25
1698	26
1699	13
1700	22
1701	22
1702	26
1703	22
1704	20
1705	25
1706	24
1707	22
1708	24
1709	21
1710	28
1711	16
1712	23
1713	25
1714	27
1715	43
1716	25
1717	15
1718	23
1719	17
1720	19
1721	27
1722	18
1723	29
1724	19
1725	24
1726	21
1727	19
1728	20
1729	21
1730	28
1731	23
1732	34
1733	16
1734	23
1735	21
1736	20
1737	33
1738	14
1739	24
1740	33
1741	29
1742	28
1743	33
1744	22
1745	17
1746	23
1747	26
1748	40
1749	25
1750	26
1751	27
1752	21
1753	40
1754	18
1755	33
1756	28
1757	23
1758	23
1759	30
1760	18
1761	27
1762	24
1763	31
1764	26
1765	18
1766	31
1767	21
1768	20
1769	24
1770	16
1771	30
1772	39
1773	35
1774	25
1775	28
1776	24
1777	17
1778	29
1779	33
1780	29
1781	21
1782	37
1783	28
1784	24
1785	28
1786	19
1787	26
1788	32
1789	27
1790	24
1791	41
1792	18
1793	32
1794	31
1795	34
1796	29
1797	29
1798	33
1799	25
1800	34
1801	31
1802	21
1803	31
1804	23
1805	32
1806	23
1807	34
1808	26
1809	27
1810	39
1811	35
1812	27
1813	25
1814	43
1815	22
1816	37
1817	38
1818	29
1819	27
1820	28
1821	24
1822	43
1823	29
1824	38
1825	34
1826	31
1827	30
1828	45
1829	33
1830	40
1831	35
1832	21
1833	32
1834	27
1835	35
1836	43
1837	44
1838	44
1839	33
1840	29
1841	42
1842	27
1843	46
1844	42
1845	29
1846	52
1847	47
1848	41
1849	49
1850	44
1851	49
1852	49
1853	54
1854	51
1855	49
1856	39
1857	46
1858	53
1859	50
1860	71
1861	38
1862	62
1863	41
1864	70
1865	58
1866	57
1867	60
1868	82
1869	74
1870	71
1871	59
1872	52
1873	76
1874	54
1875	79
1876	82
1877	56
1878	71
1879	58
1880	80
1881	82
1882	57
1883	90
1884	89
1885	84
1886	89
1887	103
1888	84
1889	107
1890	92
1891	86
1892	95
1893	67
1894	94
1895	88
1896	87
1897	123
1898	84
1899	80
1900	133
1901	104
1902	97
1903	71
1904	94
1905	108
1906	117
1907	122
1908	119
1909	84
1910	140
1911	111
1912	99
1913	114
1914	97
1915	133
1916	107
1917	120
1918	107
1919	121
1920	104
1921	112
1922	137
1923	142
1924	130
1925	117
1926	138
1927	105
1928	118
1929	144
1930	92
1931	109
1932	158
1933	129
1934	120
1935	92
1936	132
1937	111
1938	126
1939	130
1940	125
1941	88
1942	138
1943	101
1944	128
1945	133
1946	85
1947	123
1948	110
1949	107
1950	107
1951	106
1952	79
1953	96
1954	78
1955	86
1956	114
1957	88
1958	104
1959	67
1960	89
1961	108
1962	89
1963	80
1964	102
1965	77
1966	88
1967	49
1968	73
1969	75
1970	79
1971	84
1972	84
1973	60
1974	83
1975	71
1976	77
1977	87
1978	59
1979	85
1980	76
1981	72
1982	74
1983	53
1984	69
1985	66
1986	44
1987	59
1988	79
1989	41
1990	72
1991	45
1992	68
1993	89
1994	55
1995	62
1996	83
1997	55
1998	58
1999	48
2000	53
2001	59
2002	38
2003	57
2004	68
2005	43
2006	58
2007	29
2008	60
2009	51
2010	29
2011	39
2012	34
2013	36
2014	53
2015	39
2016	35
2017	40
2018	34
2019	30
2020	47
2021	19
2022	33
2023	20
2024	38
2025	38
2026	29
2027	35
2028	29
2029	47
2030	35
2031	21
2032	31
2033	32
2034	28
2035	30
2036	35
2037	36
2038	40
2039	30
2040	32
2041	34
2042	26
2043	24
2044	25
2045	27
2046	26
2047	24
2048	14
2049	21
2050	25
2051	20
2052	24
2053	27
2054	25
2055	30
2056	22
2057	32
2058	17
2059	17
2060	25
2061	16
2062	16
2063	20
2064	19
2065	26
2066	31
2067	27
2068	20
2069	21
2070	17
2071	23
2072	17
2073	27
2074	16
2075	29
2076	25
2077	20
2078	25
2079	33
2080	14
2081	15
2082	17
2083	25
2084	33
2085	13
2086	23
2087	23
2088	15
2089	27
2090	15
2091	21
2092	26
2093	28
2094	23
2095	25
2096	29
2097	17
2098	16
2099	28
2100	22
2101	18
2102	29
2103	20
2104	18
2105	36
2106	17
2107	44
2108	27
2109	32
2110	27
2111	22
2112	25
2113	26
2114	30
2115	24
2116	31
2117	28
2118	23
2119	20
2120	23
2121	29
2122	17
2123	28
2124	30
2125	22
2126	19
2127	38
2128	22
2129	24
2130	22
2131	34
2132	26
2133	22
2134	32
2135	34
2136	31
2137	37
2138	21
2139	44
2140	35
2141	46
2142	34
2143	34
2144	31
2145	30
2146	33
2147	31
2148	28
2149	29
2150	46
2151	29
2152	31
2153	41
2154	33
2155	35
2156	38
2157	41
2158	36
2159	34
2160	21
2161	39
2162	43
2163	52
2164	30
2165	33
2166	40
2167	38
2168	27
2169	50
2170	35
2171	51
2172	26
2173	33
2174	30
2175	31
2176	34
2177	30
2178	36
2179	27
2180	44
2181	23
2182	49
2183	31
2184	26
2185	38
2186	32
2187	39
2188	36
2189	29
2190	23
2191	36
2192	31
2193	40
2194	25
2195	38
2196	27
2197	32
2198	43
2199	20
2200	22
2201	49
2202	23
2203	37
2204	32
2205	29
2206	23
2207	27
2208	35
2209	20
2210	27
2211	25
2212	28
2213	27
2214	27
2215	21
2216	20
2217	29
2218	21
2219	21
2220	30
2221	33
2222	21
2223	17
2224	36
2225	23
2226	22
2227	28
2228	26
2229	20
2230	19
2231	19
2232	11
2233	29
2234	12
2235	32
2236	25
2237	28
2238	25
2239	18
2240	18
2241	21
2242	20
2243	19
2244	31
2245	19
2246	28
2247	15
2248	21
2249	23
2250	9
2251	19
2252	20
2253	22
2254	23
2255	19
2256	20
2257	12
2258	15
2259	26
2260	16
2261	18
2262	31
2263	15
2264	29
2265	20
2266	16
2267	16
2268	15
2269	21
2270	16
2271	18
2272	11
2273	16
2274	18
2275	19
2276	18
2277	8
2278	15
2279	8
2280	10
2281	18
2282	16
2283	11
2284	23
2285	14
2286	20
2287	20
2288	5
2289	19
2290	12
2291	12
2292	9
2293	13
2294	22
2295	18
2296	12
2297	10
2298	14
2299	15
2300	16
2301	11
2302	9
2303	7
2304	15
2305	12
2306	10
2307	11
2308	16
2309	11
2310	15
2311	8
2312	12
2313	19
2314	13
2315	13
2316	17
2317	15
2318	10
2319	10
2320	5
2321	18
2322	13
2323	11
2324	10
2325	9
2326	18
2327	8
2328	13
2329	11
2330	14
2331	23
2332	10
2333	10
2334	17
2335	11
2336	16
2337	16
2338	9
2339	12
2340	14
2341	9
2342	14
2343	12
2344	12
2345	16
2346	10
2347	16
2348	15
2349	12
2350	17
2351	9
2352	12
2353	14
2354	8
2355	11
2356	15
2357	19
2358	19
2359	19
2360	8
2361	9
2362	9
2363	11
2364	13
2365	15
2366	12
2367	12
2368	15
2369	17
2370	9
2371	13
2372	15
2373	14
2374	14
2375	13
2376	6
2377	10
2378	10
2379	13
2380	18
2381	9
2382	16
2383	14
2384	17
2385	12
2386	14
2387	9
2388	13
2389	8
2390	18
2391	9
2392	13
2393	14
2394	6
2395	12
2396	9
2397	16
2398	8
2399	13
2400	11
2401	8
2402	12
2403	8
2404	16
2405	7
2406	12
2407	12
2408	15
2409	18
2410	6
2411	16
2412	19
2413	16
2414	11
2415	6
2416	8
2417	8
2418	16
2419	16
2420	5
2421	11
2422	16
2423	12
2424	6
2425	12
2426	11
2427	11
2428	6
2429	10
2430	11
2431	10
2432	11
2433	14
2434	11
2435	5
2436	14
2437	4
2438	13
2439	7
2440	11
2441	11
2442	9
2443	7
2444	12
2445	12
2446	14
2447	9
2448	12
2449	9
2450	10
2451	21
2452	13
2453	10
2454	10
2455	5
2456	9
2457	16
2458	8
2459	10
2460	2
2461	7
2462	18
2463	12
2464	7
2465	18
2466	7
2467	11
2468	11
2469	7
2470	11
2471	8
2472	8
2473	8
2474	11
2475	11
2476	9
2477	12
2478	10
2479	2
2480	8
2481	9
2482	8
2483	16
2484	10
2485	11
2486	12
2487	12
2488	4
2489	11
2490	5
2491	17
2492	8
2493	11
2494	6
2495	9
2496	12
2497	11
2498	7
2499	13
2500	10
2501	6
2502	12
2503	10
2504	9
2505	12
2506	7
2507	12
2508	13
2509	14
2510	17
2511	13
2512	13
2513	9
2514	15
2515	14
2516	14
2517	5
2518	10
2519	8
2520	13
2521	12
2522	14
2523	10
2524	15
2525	14
2526	10
2527	9
2528	12
2529	11
2530	11
2531	12
2532	10
2533	7
2534	17
2535	12
2536	13
2537	16
2538	17
2539	4
2540	19
2541	10
2542	11
2543	14
2544	14
2545	16
2546	15
2547	15
2548	14
2549	9
2550	17
2551	15
2552	12
2553	13
2554	13
2555	12
2556	12
2557	16
2558	15
2559	9
2560	16
2561	19
2562	19
2563	7
2564	12
2565	7
2566	14
2567	18
2568	8
2569	13
2570	6
2571	9
2572	16
2573	11
2574	12
2575	14
2576	11
2577	13
2578	11
2579	15
2580	11
2581	12
2582	12
2583	10
2584	12
2585	13
2586	11
2587	6
2588	9
2589	10
2590	10
2591	10
2592	9
2593	11
2594	15
2595	10
2596	11
2597	7
2598	8
2599	5
2600	1
2601	8
2602	7
2603	9
2604	11
2605	9
2606	6
2607	10
2608	6
2609	9
2610	7
2611	6
2612	15
2613	9
2614	8
2615	8
2616	7
2617	13
2618	6
2619	14
2620	9
2621	7
2622	5
2623	2
2624	11
2625	6
2626	10
2627	9
2628	10
2629	10
2630	7
2631	5
2632	12
2633	12
2634	6
2635	4
2636	6
2637	10
2638	8
2639	10
2640	12
2641	5
2642	10
2643	7
2644	10
2645	6
2646	8
2647	6
2648	4
2649	17
2650	5
2651	11
2652	6
2653	11
2654	9
2655	4
2656	6
2657	6
2658	11
2659	9
2660	9
2661	6
2662	7
2663	11
2664	6
2665	6
2666	8
2667	12
2668	6
2669	9
2670	7
2671	8
2672	5
2673	10
2674	11
2675	6
2676	12
2677	6
2678	9
2679	3
2680	10
2681	9
2682	3
2683	4
2684	8
2685	5
2686	7
2687	10
2688	5
2689	4
2690	8
2691	6
2692	12
2693	8
2694	10
2695	4
2696	10
2697	10
2698	6
2699	6
2700	11
2701	5
2702	10
2703	5
2704	6
2705	9
2706	6
2707	12
2708	11
2709	4
2710	7
2711	11
2712	8
2713	8
2714	9
2715	3
2716	7
2717	5
2718	7
2719	17
2720	8
2721	10
2722	5
2723	6
2724	10
2725	6
2726	9
2727	11
2728	7
2729	4
2730	8
2731	4
2732	7
2733	5
2734	8
2735	5
2736	6
2737	10
2738	6
2739	9
2740	7
2741	1
2742	6
2743	13
2744	10
2745	5
2746	9
2747	4
2748	2
2749	9
2750	9
2751	9
2752	7
2753	4
2754	5
2755	9
2756	8
2757	3
2758	6
2759	5
2760	8
2761	9
2762	6
2763	8
2764	11
2765	3
2766	4
2767	3
2768	1
2769	5
2770	8
2771	6
2772	7
2773	3
2774	11
2775	7
2776	6
2777	9
2778	6
2779	9
2780	12
2781	9
2782	5
2783	3
2784	3
2785	6
2786	5
2787	10
2788	6
2789	7
2790	9
2791	11
2792	7
2793	5
2794	5
2795	7
2796	12
2797	8
2798	7
2799	5
2800	3
2801	9
2802	9
2803	4
2804	8
2805	3
2806	12
2807	8
2808	2
2809	6
2810	8
2811	8
2812	0
2813	3
2814	7
2815	5
2816	12
2817	8
2818	5
2819	6
2820	6
2821	3
2822	4
2823	6
2824	9
2825	5
2826	2
2827	10
2828	7
2829	6
2830	3
2831	7
2832	4
2833	4
2834	4
2835	7
2836	8
2837	8
2838	6
2839	4
2840	9
2841	4
2842	7
2843	5
2844	8
2845	9
2846	7
2847	8
2848	5
2849	7
2850	7
2851	10
2852	6
2853	5
2854	3
2855	4
2856	2
2857	5
2858	4
2859	8
2860	7
2861	6
2862	9
2863	5
2864	4
2865	3
2866	11
2867	12
2868	6
2869	4
2870	7
2871	5
2872	4
2873	8
2874	3
2875	5
2876	3
2877	3
2878	4
2879	7
2880	7
2881	5
2882	4
2883	5
2884	5
2885	5
2886	5
2887	3
2888	5
2889	10
2890	4
2891	8
2892	2
2893	9
2894	6
2895	5
2896	1
2897	5
2898	7
2899	3
2900	3
2901	4
2902	6
2903	9
2904	2
2905	4
2906	4
2907	4
2908	5
2909	7
2910	12
2911	2
2912	8
2913	2
2914	7
2915	11
2916	8
2917	6
2918	7
2919	6
2920	7
2921	9
2922	7
2923	4
2924	8
2925	6
2926	6
2927	8
2928	9
2929	2
2930	5
2931	3
2932	2
2933	5
2934	3
2935	4
2936	5
2937	6
2938	4
2939	4
2940	6
2941	2
2942	4
2943	4
2944	7
2945	9
2946	5
2947	5
2948	10
2949	6
2950	4
2951	5
2952	5
2953	10
2954	5
2955	7
2956	3
2957	3
2958	3
2959	2
2960	5
2961	3
2962	5
2963	4
2964	1
2965	1
2966	6
2967	0
2968	8
2969	3
2970	2
2971	5
2972	4
2973	5
2974	5
2975	5
2976	3
2977	4
2978	8
2979	3
2980	3
2981	3
2982	7
2983	6
2984	5
2985	4
2986	2
2987	3
2988	6
2989	7
2990	4
2991	1
2992	5
2993	4
2994	1
2995	3
2996	4
2997	4
2998	6
2999	1
3000	4
3001	3
3002	2
3003	2
3004	1
3005	2
3006	5
3007	4
3008	4
3009	2
3010	7
3011	2
3012	5
3013	4
3014	4
3015	2
3016	6
3017	4
3018	3
3019	7
3020	8
3021	3
3022	1
3023	6
3024	3
3025	5
3026	5
3027	5
3028	4
3029	2
3030	6
3031	0
3032	6
3033	5
3034	8
3035	4
3036	0
3037	3
3038	7
3039	3
3040	6
3041	1
3042	5
3043	3
3044	3
3045	5
3046	6
3047	5
3048	4
3049	9
3050	3
3051	3
3052	4
3053	3
3054	6
3055	6
3056	7
3057	0
3058	1
3059	5
3060	1
3061	1
3062	4
3063	4
3064	1
3065	8
3066	3
3067	4
3068	1
3069	2
3070	4
3071	1
3072	9
3073	6
3074	6
3075	3
3076	3
3077	3
3078	3
3079	4
3080	4
3081	3
3082	2
3083	5
3084	2
3085	5
3086	5
3087	3
3088	6
3089	2
3090	5
3091	4
3092	3
3093	3
3094	5
3095	2
3096	4
3097	5
3098	3
3099	3
3100	8
3101	2
3102	3
3103	5
3104	0
3105	3
3106	6
3107	4
3108	0
3109	1
3110	5
3111	4
3112	2
3113	5
3114	5
3115	1
3116	3
3117	5
3118	1
3119	2
3120	3
3121	4
3122	4
3123	8
3124	3
3125	2
3126	5
3127	2
3128	1
3129	3
3130	0
3131	7
3132	7
3133	1
3134	2
3135	5
3136	1
3137	0
3138	2
3139	3
3140	4
3141	4
3142	4
3143	1
3144	3
3145	4
3146	1
3147	3
3148	2
3149	1
3150	3
3151	5
3152	1
3153	3
3154	2
3155	3
3156	2
3157	2
3158	4
3159	3
3160	5
3161	4
3162	1
3163	3
3164	3
3165	4
3166	3
3167	5
3168	3
3169	3
3170	4
3171	4
3172	3
3173	3
3174	3
3175	2
3176	7
3177	4
3178	6
3179	3
3180	5
3181	5
3182	4
3183	3
3184	3
3185	5
3186	5
3187	2
3188	4
3189	1
3190	4
3191	1
3192	1
3193	3
3194	4
3195	2
3196	2
3197	2
3198	2
3199	2
3200	2
3201	2
3202	3
3203	0
3204	4
3205	2
3206	3
3207	2
3208	9
3209	1
3210	3
3211	6
3212	1
3213	4
3214	3
3215	2
3216	2
3217	2
3218	1
3219	2
3220	4
3221	1
3222	6
3223	3
3224	4
3225	3
3226	2
3227	2
3228	4
3229	2
3230	4
3231	3
3232	2
3233	3
3234	0
3235	1
3236	3
3237	3
3238	2
3239	2
3240	3
3241	5
3242	2
3243	2
3244	0
3245	3
3246	4
3247	4
3248	2
3249	3
3250	4
3251	2
3252	4
3253	0
3254	0
3255	3
3256	3
3257	6
3258	1
3259	3
3260	1
3261	0
3262	3
3263	1
3264	0
3265	3
3266	1
3267	1
3268	7
3269	0
3270	1
3271	0
3272	4
3273	4
3274	1
3275	0
3276	4
3277	1
3278	4
3279	2
3280	2
3281	0
3282	0
3283	0
3284	2
3285	0
3286	4
3287	2
3288	5
3289	2
3290	2
3291	0
3292	3
3293	2
3294	1
3295	3
3296	0
3297	1
3298	1
3299	1
3300	4
3301	3
3302	3
3303	1
3304	0
3305	2
3306	0
3307	1
3308	4
3309	3
3310	3
3311	0
3312	2
3313	1
3314	7
3315	0
3316	4
3317	1
3318	4
3319	0
3320	1
3321	1
3322	1
3323	1
3324	0
3325	0
3326	1
3327	1
3328	3
3329	2
3330	2
3331	2
3332	1
3333	2
3334	3
3335	3
3336	3
3337	3
3338	1
3339	3
3340	2
3341	1
3342	3
3343	0
3344	0
3345	1
3346	1
3347	1
3348	0
3349	1
3350	2
3351	3
3352	4
3353	3
3354	0
3355	1
3356	2
3357	1
3358	2
3359	1
3360	1
3361	0
3362	2
3363	3
3364	2
3365	0
3366	5
3367	0
3368	1
3369	3
3370	0
3371	1
3372	4
3373	0
3374	1
3375	1
3376	3
3377	2
3378	1
3379	0
3380	3
3381	2
3382	4
3383	1
3384	2
3385	1
3386	0
3387	1
3388	0
3389	1
3390	0
3391	1
3392	0
3393	1
3394	1
3395	2
3396	2
3397	2
3398	2
3399	0
3400	1
3401	1
3402	2
3403	0
3404	1
3405	0
3406	0
3407	0
3408	2
3409	3
3410	0
3411	2
3412	0
3413	2
3414	0
3415	3
3416	1
3417	1
3418	0
3419	0
3420	1
3421	3
3422	2
3423	2
3424	1
3425	2
3426	3
3427	3
3428	2
3429	0
3430	2
3431	1
3432	1
3433	3
3434	1
3435	0
3436	2
3437	0
3438	1
3439	1
3440	0
3441	3
3442	1
3443	4
3444	2
3445	1
3446	1
3447	1
3448	2
3449	2
3450	2
3451	1
3452	2
3453	2
3454	1
3455	1
3456	2
3457	1
3458	1
3459	2
3460	3
3461	1
3462	2
3463	1
3464	2
3465	3
3466	1
3467	0
3468	3
3469	2
3470	1
3471	1
3472	2
3473	1
3474	0
3475	2
3476	0
3477	0
3478	0
3479	0
3480	4
3481	1
3482	2
3483	2
3484	1
3485	1
3486	0
3487	2
3488	1
3489	1
3490	1
3491	1
3492	1
3493	0
3494	0
3495	1
3496	1
3497	1
3498	0
3499	0
3500	3
3501	0
3502	0
3503	0
3504	2
3505	1
3506	0
3507	0
3508	0
3509	0
3510	0
3511	1
3512	1
3513	0
3514	2
3515	1
3516	0
3517	0
3518	2
3519	0
3520	0
3521	0
3522	1
3523	0
3524	0
3525	0
3526	0
3527	0
3528	0
3529	1
3530	1
3531	2
3532	0
3533	1
3534	1
3535	0
3536	0
3537	1
3538	0
3539	1
3540	2
3541	2
3542	3
3543	0
3544	0
3545	1
3546	0
3547	0
3548	0
3549	1
3550	1
3551	1
3552	2
3553	0
3554	0
3555	0
3556	0
3557	0
3558	0
3559	0
3560	1
3561	0
3562	1
3563	0
3564	4
3565	0
3566	1
3567	0
3568	0
3569	0
3570	0
3571	3
3572	1
3573	0
3574	0
3575	1
3576	0
3577	3
3578	0
3579	1
3580	0
3581	2
3582	1
3583	0
3584	0
3585	0
3586	1
3587	0
3588	0
3589	1
3590	1
3591	2
3592	1
3593	0
3594	0
3595	1
3596	0
3597	2
3598	1
3599	0
3600	1
3601	1
3602	0
3603	4
3604	0
3605	0
3606	1
3607	0
3608	0
3609	0
3610	0
3611	0
3612	1
3613	0
3614	1
3615	1
3616	1
3617	1
3618	0
3619	2
3620	1
3621	0
3622	0
3623	1
3624	0
3625	3
3626	0
3627	0
3628	1
3629	1
3630	0
3631	2
3632	1
3633	0
3634	0
3635	1
3636	0
3637	3
3638	0
3639	0
3640	1
3641	0
3642	0
3643	2
3644	0
3645	0
3646	2
3647	1
3648	2
3649	0
3650	0
3651	0
3652	1
3653	0
3654	0
3655	0
3656	2
3657	0
3658	0
3659	0
3660	1
3661	0
3662	0
3663	0
3664	0
3665	0
3666	0
3667	1
3668	1
3669	0
3670	1
3671	0
3672	0
3673	0
3674	0
3675	0
3676	0
3677	1
3678	0
3679	0
3680	0
3681	0
3682	0
3683	0
3684	1
3685	0
3686	0
3687	1
3688	0
3689	0
3690	0
3691	1
3692	1
3693	0
3694	0
3695	1
3696	0
3697	0
3698	0
3699	1
3700	0
3701	0
3702	0
3703	0
3704	1
3705	1
3706	1
3707	0
3708	1
3709	0
3710	0
3711	1
3712	0
3713	0
3714	0
3715	2
3716	1
3717	0
3718	0
3719	1
3720	0
3721	0
3722	1
3723	0
3724	0
3725	1
3726	0
3727	0
3728	0
3729	0
3730	0
3731	0
3732	1
3733	0
3734	1
3735	0
3736	0
3737	0
3738	0
3739	0
3740	1
3741	0
3742	0
3743	0
3744	1
3745	0
3746	0
3747	0
3748	0
3749	0
3750	1
3751	0
3752	0
3753	0
3754	0
3755	0
3756	0
3757	1
3758	0
3759	0
3760	0
3761	0
3762	0
3763	0
3764	1
3765	0
3766	0
3767	0
3768	0
3769	0
3770	0
3771	0
3772	1
3773	0
3774	0
3775	0
3776	0
3777	1
3778	0
3779	1
3780	0
3781	0
3782	0
3783	0
3784	0
3785	0
3786	0
3787	0
3788	0
3789	0
3790	0
3791	0
3792	0
3793	0
3794	0
3795	0
3796	0
3797	0
3798	0
3799	0
3800	0
3801	0
3802	0
3803	0
3804	0
3805	0
3806	0
3807	0
3808	0
3809	0
3810	0
3811	1
3812	0
3813	0
3814	0
3815	0
3816	0
3817	1
3818	0
3819	0
3820	1
3821	0
3822	0
3823	1
3824	0
3825	0
3826	0
3827	0
3828	0
3829	0
3830	0
3831	0
3832	0
3833	0
3834	0
3835	0
3836	0
3837	0
3838	0
3839	0
3840	0
3841	0
3842	0
3843	0
3844	0
3845	0
3846	0
3847	0
3848	1
3849	0
3850	0
3851	0
3852	0
3853	0
3854	0
3855	0
3856	0
3857	0
3858	0
3859	0
3860	1
3861	1
3862	0
3863	0
3864	0
3865	0
3866	0
3867	0
3868	0
3869	0
3870	0
3871	0
3872	0
3873	0
3874	0
3875	0
3876	0
3877	0
3878	0
3879	0
3880	0
3881	0
3882	0
3883	0
3884	0
3885	0
3886	0
3887	0
3888	0
3889	0
3890	0
3891	0
3892	0
3893	0
3894	0
3895	0
3896	0
3897	0
3898	0
3899	0
3900	0
3901	0
3902	0
3903	0
3904	0
3905	0
3906	0
3907	0
3908	0
3909	0
3910	0
3911	0
3912	0
3913	0
3914	0
3915	0
3916	0
3917	0
3918	0
3919	0
3920	0
3921	0
3922	0
3923	0
3924	0
3925	0
3926	0
3927	0
3928	0
3929	0
3930	0
3931	0
3932	0
3933	0
3934	0
3935	0
3936	1
3937	0
3938	0
3939	0
3940	0
3941	0
3942	0
3943	0
3944	0
3945	0
3946	0
3947	0
3948	0
3949	0
3950	0
3951	0
3952	0
3953	0
3954	0
3955	0
3956	0
3957	0
3958	0
3959	0
3960	0
3961	0
3962	0
3963	0
3964	0
3965	0
3966	0
3967	0
3968	0
3969	0
3970	0
3971	0
3972	0
3973	0
3974	0
3975	0
3976	0
3977	0
3978	0
3979	0
3980	0
3981	0
3982	0
3983	0
3984	0
3985	0
3986	0
3987	0
3988	0
3989	0
3990	0
3991	0
3992	0
3993	0
3994	0
3995	0
3996	0
3997	0
3998	0
3999	0
4000	0
