Channel number	Impulses
Channel/#	Impulses/#

0	0
1	0
2	0
3	0
4	0
5	0
6	0
7	0
8	0
9	0
10	0
11	0
12	0
13	0
14	0
15	0
16	0
17	0
18	0
19	0
20	0
21	0
22	0
23	0
24	0
25	0
26	0
27	0
28	0
29	0
30	0
31	0
32	0
33	0
34	0
35	0
36	0
37	0
38	0
39	0
40	0
41	0
42	1
43	0
44	0
45	1
46	3
47	1
48	3
49	8
50	8
51	10
52	11
53	12
54	16
55	12
56	8
57	12
58	7
59	10
60	10
61	11
62	11
63	22
64	3
65	14
66	10
67	9
68	4
69	15
70	11
71	14
72	12
73	11
74	11
75	10
76	14
77	10
78	16
79	14
80	11
81	8
82	7
83	13
84	10
85	15
86	17
87	13
88	18
89	21
90	13
91	13
92	9
93	14
94	10
95	16
96	4
97	7
98	5
99	10
100	11
101	7
102	9
103	17
104	11
105	9
106	8
107	12
108	14
109	10
110	13
111	13
112	3
113	10
114	10
115	8
116	12
117	6
118	15
119	15
120	4
121	4
122	12
123	13
124	6
125	12
126	12
127	15
128	4
129	12
130	10
131	7
132	9
133	10
134	16
135	10
136	8
137	12
138	13
139	8
140	10
141	15
142	7
143	13
144	13
145	8
146	13
147	5
148	8
149	11
150	15
151	10
152	6
153	13
154	10
155	6
156	7
157	13
158	9
159	16
160	5
161	13
162	6
163	12
164	7
165	8
166	8
167	10
168	5
169	3
170	7
171	6
172	7
173	7
174	5
175	7
176	7
177	7
178	6
179	5
180	7
181	11
182	7
183	10
184	7
185	8
186	7
187	14
188	3
189	3
190	6
191	10
192	2
193	8
194	13
195	12
196	14
197	6
198	9
199	2
200	8
201	10
202	6
203	7
204	11
205	7
206	5
207	13
208	6
209	4
210	5
211	12
212	8
213	4
214	9
215	8
216	5
217	5
218	10
219	5
220	8
221	9
222	7
223	9
224	5
225	5
226	8
227	7
228	7
229	4
230	14
231	7
232	8
233	6
234	6
235	7
236	8
237	5
238	10
239	5
240	9
241	3
242	2
243	5
244	5
245	8
246	11
247	9
248	3
249	10
250	9
251	8
252	3
253	8
254	14
255	17
256	2
257	4
258	7
259	5
260	7
261	8
262	11
263	8
264	5
265	4
266	5
267	7
268	3
269	5
270	9
271	8
272	8
273	5
274	6
275	5
276	3
277	6
278	8
279	6
280	4
281	2
282	7
283	7
284	6
285	2
286	9
287	10
288	5
289	7
290	2
291	3
292	9
293	5
294	7
295	6
296	0
297	6
298	5
299	5
300	7
301	3
302	2
303	3
304	7
305	5
306	5
307	1
308	9
309	4
310	12
311	4
312	4
313	6
314	2
315	12
316	7
317	3
318	5
319	9
320	4
321	2
322	3
323	7
324	3
325	5
326	7
327	4
328	5
329	8
330	3
331	6
332	4
333	5
334	1
335	6
336	6
337	6
338	5
339	11
340	4
341	4
342	6
343	6
344	6
345	6
346	2
347	5
348	4
349	8
350	1
351	10
352	1
353	3
354	1
355	8
356	7
357	5
358	6
359	4
360	2
361	11
362	5
363	5
364	4
365	5
366	8
367	11
368	6
369	5
370	3
371	2
372	3
373	1
374	6
375	10
376	5
377	6
378	2
379	6
380	6
381	15
382	3
383	9
384	1
385	5
386	4
387	1
388	4
389	6
390	6
391	5
392	6
393	2
394	7
395	6
396	5
397	5
398	3
399	5
400	6
401	2
402	10
403	5
404	6
405	4
406	8
407	6
408	11
409	6
410	2
411	4
412	7
413	5
414	2
415	10
416	4
417	1
418	2
419	3
420	4
421	3
422	8
423	8
424	4
425	3
426	4
427	4
428	4
429	6
430	4
431	3
432	6
433	1
434	4
435	6
436	5
437	5
438	2
439	6
440	4
441	4
442	2
443	5
444	1
445	9
446	4
447	4
448	3
449	1
450	1
451	10
452	12
453	5
454	3
455	3
456	3
457	5
458	6
459	6
460	2
461	3
462	6
463	2
464	3
465	3
466	4
467	9
468	2
469	6
470	5
471	4
472	7
473	8
474	3
475	7
476	4
477	4
478	5
479	5
480	3
481	3
482	4
483	5
484	5
485	5
486	4
487	2
488	1
489	4
490	6
491	3
492	4
493	1
494	6
495	2
496	1
497	3
498	6
499	5
500	6
501	2
502	7
503	3
504	2
505	4
506	3
507	9
508	10
509	3
510	6
511	10
512	3
513	0
514	7
515	2
516	5
517	4
518	4
519	4
520	2
521	5
522	2
523	5
524	6
525	4
526	8
527	2
528	5
529	5
530	2
531	6
532	5
533	1
534	5
535	5
536	2
537	7
538	4
539	3
540	4
541	4
542	7
543	2
544	1
545	5
546	3
547	4
548	3
549	2
550	5
551	7
552	5
553	5
554	6
555	6
556	4
557	8
558	3
559	9
560	5
561	3
562	3
563	7
564	5
565	5
566	5
567	1
568	4
569	9
570	1
571	5
572	3
573	6
574	1
575	3
576	3
577	2
578	2
579	5
580	3
581	5
582	7
583	2
584	0
585	1
586	4
587	7
588	4
589	6
590	2
591	1
592	3
593	7
594	3
595	4
596	3
597	4
598	4
599	4
600	5
601	8
602	5
603	9
604	2
605	6
606	0
607	5
608	2
609	4
610	6
611	5
612	5
613	2
614	0
615	3
616	4
617	6
618	6
619	6
620	7
621	4
622	5
623	5
624	2
625	5
626	0
627	7
628	4
629	2
630	5
631	3
632	2
633	7
634	2
635	2
636	1
637	5
638	6
639	6
640	0
641	6
642	5
643	5
644	7
645	2
646	3
647	3
648	5
649	5
650	2
651	4
652	4
653	5
654	8
655	4
656	5
657	3
658	2
659	6
660	1
661	3
662	3
663	4
664	2
665	3
666	5
667	4
668	5
669	2
670	0
671	5
672	2
673	4
674	1
675	5
676	3
677	1
678	8
679	3
680	0
681	5
682	1
683	4
684	10
685	5
686	9
687	5
688	0
689	6
690	4
691	9
692	6
693	4
694	5
695	3
696	3
697	7
698	2
699	9
700	4
701	2
702	7
703	4
704	6
705	3
706	4
707	4
708	1
709	3
710	3
711	2
712	3
713	5
714	3
715	5
716	4
717	7
718	6
719	2
720	1
721	5
722	1
723	3
724	5
725	3
726	2
727	1
728	1
729	2
730	4
731	6
732	5
733	2
734	6
735	6
736	6
737	2
738	3
739	3
740	1
741	2
742	6
743	6
744	4
745	4
746	1
747	6
748	7
749	6
750	3
751	8
752	7
753	2
754	6
755	8
756	6
757	8
758	4
759	8
760	2
761	5
762	5
763	6
764	7
765	0
766	8
767	2
768	6
769	1
770	2
771	8
772	8
773	3
774	4
775	4
776	3
777	5
778	3
779	4
780	6
781	6
782	9
783	7
784	3
785	1
786	4
787	6
788	5
789	8
790	3
791	6
792	9
793	7
794	12
795	5
796	4
797	4
798	15
799	7
800	7
801	6
802	7
803	8
804	1
805	9
806	9
807	6
808	3
809	8
810	8
811	5
812	7
813	6
814	8
815	8
816	9
817	10
818	1
819	7
820	6
821	3
822	2
823	7
824	4
825	4
826	4
827	3
828	11
829	2
830	5
831	6
832	2
833	4
834	7
835	7
836	5
837	4
838	8
839	8
840	5
841	3
842	4
843	9
844	5
845	6
846	7
847	10
848	4
849	5
850	7
851	12
852	4
853	3
854	10
855	3
856	6
857	11
858	10
859	6
860	13
861	8
862	9
863	10
864	3
865	5
866	2
867	8
868	6
869	8
870	5
871	11
872	8
873	7
874	5
875	11
876	6
877	14
878	5
879	5
880	6
881	10
882	10
883	7
884	8
885	6
886	11
887	5
888	5
889	4
890	8
891	7
892	4
893	13
894	9
895	5
896	3
897	6
898	7
899	5
900	8
901	4
902	14
903	11
904	8
905	7
906	3
907	4
908	9
909	7
910	4
911	13
912	5
913	8
914	4
915	13
916	4
917	7
918	10
919	5
920	8
921	9
922	4
923	7
924	5
925	5
926	8
927	4
928	2
929	9
930	4
931	5
932	8
933	6
934	10
935	10
936	4
937	7
938	9
939	8
940	8
941	3
942	10
943	6
944	8
945	6
946	4
947	9
948	4
949	4
950	15
951	8
952	3
953	9
954	10
955	3
956	9
957	5
958	5
959	6
960	2
961	9
962	6
963	5
964	13
965	6
966	4
967	5
968	3
969	5
970	5
971	5
972	11
973	3
974	3
975	7
976	5
977	9
978	18
979	7
980	5
981	9
982	9
983	8
984	9
985	2
986	6
987	10
988	9
989	5
990	8
991	6
992	2
993	7
994	6
995	5
996	8
997	8
998	8
999	10
1000	4
1001	7
1002	10
1003	6
1004	9
1005	7
1006	3
1007	3
1008	6
1009	7
1010	10
1011	7
1012	6
1013	7
1014	14
1015	9
1016	8
1017	11
1018	8
1019	13
1020	11
1021	7
1022	7
1023	11
1024	2
1025	9
1026	3
1027	10
1028	8
1029	12
1030	9
1031	7
1032	9
1033	12
1034	7
1035	13
1036	8
1037	10
1038	15
1039	9
1040	6
1041	13
1042	7
1043	7
1044	8
1045	6
1046	14
1047	13
1048	10
1049	10
1050	3
1051	9
1052	7
1053	9
1054	14
1055	15
1056	7
1057	6
1058	9
1059	15
1060	5
1061	10
1062	6
1063	14
1064	9
1065	12
1066	9
1067	10
1068	13
1069	13
1070	8
1071	17
1072	4
1073	4
1074	6
1075	10
1076	11
1077	6
1078	11
1079	18
1080	1
1081	12
1082	7
1083	15
1084	10
1085	14
1086	12
1087	15
1088	4
1089	10
1090	9
1091	15
1092	16
1093	10
1094	16
1095	12
1096	8
1097	15
1098	10
1099	13
1100	10
1101	7
1102	14
1103	16
1104	9
1105	15
1106	10
1107	12
1108	5
1109	3
1110	13
1111	6
1112	11
1113	17
1114	9
1115	5
1116	3
1117	16
1118	7
1119	8
1120	10
1121	20
1122	8
1123	10
1124	12
1125	2
1126	16
1127	11
1128	11
1129	8
1130	8
1131	12
1132	8
1133	15
1134	11
1135	19
1136	6
1137	11
1138	9
1139	9
1140	10
1141	10
1142	9
1143	11
1144	9
1145	9
1146	13
1147	12
1148	9
1149	10
1150	11
1151	16
1152	3
1153	12
1154	8
1155	10
1156	5
1157	10
1158	20
1159	13
1160	5
1161	22
1162	5
1163	14
1164	13
1165	13
1166	8
1167	13
1168	10
1169	14
1170	13
1171	13
1172	8
1173	8
1174	10
1175	13
1176	13
1177	11
1178	12
1179	17
1180	8
1181	11
1182	19
1183	14
1184	6
1185	12
1186	8
1187	8
1188	9
1189	11
1190	14
1191	11
1192	8
1193	12
1194	13
1195	12
1196	9
1197	13
1198	8
1199	19
1200	12
1201	13
1202	9
1203	14
1204	8
1205	8
1206	16
1207	14
1208	6
1209	17
1210	13
1211	10
1212	18
1213	16
1214	7
1215	22
1216	12
1217	10
1218	9
1219	12
1220	15
1221	19
1222	8
1223	12
1224	10
1225	18
1226	4
1227	15
1228	14
1229	14
1230	14
1231	20
1232	11
1233	15
1234	17
1235	17
1236	17
1237	9
1238	22
1239	15
1240	6
1241	22
1242	13
1243	11
1244	8
1245	15
1246	10
1247	24
1248	6
1249	15
1250	19
1251	9
1252	8
1253	14
1254	15
1255	17
1256	9
1257	10
1258	16
1259	20
1260	22
1261	14
1262	16
1263	10
1264	12
1265	23
1266	22
1267	20
1268	11
1269	17
1270	24
1271	18
1272	5
1273	11
1274	19
1275	22
1276	20
1277	10
1278	15
1279	31
1280	11
1281	10
1282	17
1283	19
1284	25
1285	16
1286	19
1287	18
1288	17
1289	25
1290	12
1291	14
1292	11
1293	21
1294	19
1295	12
1296	15
1297	13
1298	17
1299	16
1300	29
1301	14
1302	18
1303	17
1304	9
1305	19
1306	16
1307	30
1308	20
1309	26
1310	17
1311	15
1312	13
1313	14
1314	16
1315	16
1316	26
1317	14
1318	17
1319	19
1320	10
1321	23
1322	13
1323	24
1324	28
1325	20
1326	15
1327	12
1328	15
1329	16
1330	15
1331	16
1332	15
1333	10
1334	25
1335	28
1336	14
1337	16
1338	20
1339	20
1340	25
1341	24
1342	25
1343	19
1344	13
1345	13
1346	21
1347	10
1348	22
1349	22
1350	28
1351	16
1352	9
1353	20
1354	15
1355	19
1356	24
1357	17
1358	20
1359	27
1360	9
1361	15
1362	21
1363	14
1364	22
1365	17
1366	28
1367	18
1368	12
1369	18
1370	12
1371	21
1372	25
1373	14
1374	21
1375	21
1376	19
1377	19
1378	15
1379	12
1380	17
1381	16
1382	22
1383	14
1384	20
1385	31
1386	29
1387	17
1388	22
1389	15
1390	21
1391	28
1392	10
1393	26
1394	21
1395	18
1396	18
1397	21
1398	24
1399	21
1400	12
1401	14
1402	22
1403	18
1404	16
1405	19
1406	15
1407	29
1408	10
1409	17
1410	24
1411	18
1412	23
1413	16
1414	25
1415	15
1416	24
1417	24
1418	26
1419	11
1420	27
1421	16
1422	18
1423	19
1424	17
1425	21
1426	18
1427	21
1428	22
1429	19
1430	23
1431	30
1432	16
1433	24
1434	11
1435	21
1436	19
1437	16
1438	15
1439	26
1440	17
1441	25
1442	16
1443	22
1444	29
1445	21
1446	24
1447	18
1448	15
1449	21
1450	23
1451	25
1452	21
1453	18
1454	21
1455	18
1456	19
1457	21
1458	29
1459	21
1460	21
1461	17
1462	30
1463	17
1464	18
1465	20
1466	22
1467	26
1468	23
1469	20
1470	25
1471	28
1472	14
1473	20
1474	28
1475	19
1476	34
1477	24
1478	26
1479	25
1480	15
1481	22
1482	17
1483	15
1484	30
1485	19
1486	19
1487	34
1488	25
1489	29
1490	16
1491	19
1492	35
1493	21
1494	29
1495	11
1496	21
1497	23
1498	21
1499	29
1500	22
1501	21
1502	18
1503	40
1504	18
1505	27
1506	14
1507	21
1508	34
1509	26
1510	22
1511	24
1512	13
1513	25
1514	22
1515	24
1516	19
1517	20
1518	23
1519	23
1520	18
1521	26
1522	28
1523	28
1524	25
1525	16
1526	27
1527	20
1528	19
1529	23
1530	18
1531	42
1532	29
1533	23
1534	14
1535	29
1536	9
1537	22
1538	16
1539	16
1540	24
1541	20
1542	29
1543	18
1544	20
1545	29
1546	25
1547	26
1548	26
1549	22
1550	26
1551	27
1552	18
1553	30
1554	20
1555	29
1556	31
1557	18
1558	23
1559	29
1560	25
1561	23
1562	17
1563	25
1564	17
1565	31
1566	26
1567	24
1568	17
1569	27
1570	25
1571	28
1572	23
1573	25
1574	40
1575	20
1576	16
1577	23
1578	19
1579	23
1580	33
1581	22
1582	29
1583	23
1584	17
1585	20
1586	19
1587	23
1588	30
1589	17
1590	22
1591	20
1592	23
1593	25
1594	30
1595	29
1596	27
1597	33
1598	25
1599	33
1600	20
1601	24
1602	22
1603	25
1604	27
1605	21
1606	41
1607	32
1608	32
1609	31
1610	32
1611	22
1612	33
1613	26
1614	29
1615	36
1616	21
1617	28
1618	26
1619	25
1620	23
1621	23
1622	42
1623	17
1624	19
1625	39
1626	29
1627	27
1628	25
1629	27
1630	25
1631	26
1632	26
1633	24
1634	24
1635	20
1636	29
1637	17
1638	29
1639	32
1640	26
1641	42
1642	29
1643	27
1644	40
1645	25
1646	25
1647	29
1648	24
1649	18
1650	22
1651	28
1652	27
1653	17
1654	21
1655	28
1656	24
1657	26
1658	26
1659	44
1660	36
1661	20
1662	27
1663	43
1664	15
1665	23
1666	20
1667	21
1668	30
1669	14
1670	34
1671	16
1672	27
1673	24
1674	27
1675	26
1676	40
1677	32
1678	31
1679	20
1680	23
1681	21
1682	37
1683	31
1684	30
1685	24
1686	29
1687	21
1688	21
1689	31
1690	19
1691	31
1692	35
1693	29
1694	31
1695	30
1696	22
1697	32
1698	22
1699	24
1700	37
1701	24
1702	43
1703	27
1704	17
1705	37
1706	23
1707	28
1708	39
1709	31
1710	34
1711	34
1712	40
1713	25
1714	30
1715	28
1716	35
1717	25
1718	33
1719	37
1720	22
1721	29
1722	31
1723	24
1724	39
1725	37
1726	28
1727	35
1728	24
1729	37
1730	38
1731	40
1732	44
1733	36
1734	38
1735	30
1736	37
1737	41
1738	24
1739	44
1740	43
1741	32
1742	29
1743	35
1744	21
1745	25
1746	37
1747	44
1748	35
1749	29
1750	44
1751	23
1752	39
1753	44
1754	32
1755	44
1756	48
1757	41
1758	40
1759	43
1760	25
1761	35
1762	32
1763	43
1764	46
1765	22
1766	47
1767	40
1768	29
1769	44
1770	41
1771	38
1772	43
1773	49
1774	40
1775	40
1776	43
1777	40
1778	45
1779	49
1780	44
1781	31
1782	47
1783	36
1784	39
1785	35
1786	32
1787	54
1788	40
1789	43
1790	47
1791	55
1792	40
1793	40
1794	41
1795	44
1796	50
1797	40
1798	70
1799	39
1800	43
1801	52
1802	49
1803	55
1804	34
1805	52
1806	49
1807	54
1808	48
1809	57
1810	61
1811	58
1812	62
1813	51
1814	61
1815	56
1816	57
1817	66
1818	66
1819	75
1820	59
1821	78
1822	69
1823	67
1824	55
1825	69
1826	83
1827	66
1828	71
1829	67
1830	90
1831	88
1832	67
1833	94
1834	50
1835	91
1836	88
1837	79
1838	94
1839	67
1840	97
1841	82
1842	106
1843	102
1844	107
1845	79
1846	112
1847	103
1848	88
1849	125
1850	99
1851	135
1852	110
1853	116
1854	104
1855	113
1856	87
1857	107
1858	124
1859	123
1860	145
1861	113
1862	144
1863	107
1864	123
1865	144
1866	100
1867	124
1868	171
1869	148
1870	147
1871	157
1872	122
1873	133
1874	141
1875	179
1876	150
1877	109
1878	180
1879	100
1880	167
1881	184
1882	146
1883	174
1884	148
1885	120
1886	147
1887	136
1888	142
1889	145
1890	152
1891	141
1892	165
1893	137
1894	175
1895	125
1896	133
1897	158
1898	123
1899	109
1900	174
1901	120
1902	117
1903	138
1904	138
1905	131
1906	128
1907	148
1908	139
1909	97
1910	147
1911	96
1912	88
1913	131
1914	108
1915	121
1916	104
1917	97
1918	127
1919	109
1920	80
1921	105
1922	118
1923	118
1924	124
1925	85
1926	105
1927	81
1928	105
1929	99
1930	62
1931	83
1932	108
1933	93
1934	87
1935	71
1936	93
1937	71
1938	74
1939	87
1940	84
1941	71
1942	93
1943	61
1944	73
1945	86
1946	65
1947	81
1948	73
1949	75
1950	62
1951	70
1952	63
1953	59
1954	54
1955	46
1956	82
1957	59
1958	65
1959	53
1960	49
1961	76
1962	57
1963	62
1964	71
1965	37
1966	72
1967	54
1968	67
1969	41
1970	60
1971	64
1972	60
1973	48
1974	65
1975	44
1976	55
1977	86
1978	36
1979	70
1980	55
1981	53
1982	53
1983	55
1984	51
1985	50
1986	61
1987	50
1988	61
1989	42
1990	54
1991	30
1992	74
1993	78
1994	50
1995	53
1996	63
1997	51
1998	47
1999	50
2000	52
2001	48
2002	51
2003	41
2004	58
2005	32
2006	68
2007	41
2008	52
2009	48
2010	45
2011	53
2012	47
2013	26
2014	50
2015	38
2016	39
2017	44
2018	40
2019	29
2020	41
2021	36
2022	56
2023	43
2024	44
2025	40
2026	28
2027	38
2028	44
2029	44
2030	43
2031	34
2032	34
2033	30
2034	29
2035	42
2036	35
2037	30
2038	37
2039	30
2040	22
2041	38
2042	27
2043	34
2044	28
2045	38
2046	33
2047	39
2048	19
2049	28
2050	52
2051	39
2052	24
2053	28
2054	45
2055	29
2056	28
2057	30
2058	28
2059	38
2060	36
2061	29
2062	22
2063	29
2064	28
2065	36
2066	23
2067	37
2068	26
2069	19
2070	40
2071	36
2072	22
2073	48
2074	25
2075	46
2076	40
2077	39
2078	34
2079	42
2080	29
2081	34
2082	34
2083	37
2084	48
2085	29
2086	45
2087	25
2088	27
2089	41
2090	26
2091	40
2092	56
2093	37
2094	36
2095	43
2096	33
2097	44
2098	38
2099	42
2100	41
2101	45
2102	46
2103	48
2104	29
2105	50
2106	35
2107	63
2108	45
2109	53
2110	44
2111	46
2112	29
2113	39
2114	60
2115	43
2116	60
2117	39
2118	45
2119	50
2120	42
2121	58
2122	37
2123	46
2124	50
2125	45
2126	31
2127	59
2128	30
2129	51
2130	48
2131	53
2132	39
2133	49
2134	46
2135	39
2136	47
2137	63
2138	33
2139	54
2140	29
2141	53
2142	32
2143	50
2144	28
2145	48
2146	45
2147	52
2148	46
2149	33
2150	49
2151	48
2152	17
2153	47
2154	22
2155	55
2156	38
2157	33
2158	36
2159	37
2160	25
2161	32
2162	47
2163	49
2164	42
2165	40
2166	29
2167	33
2168	33
2169	38
2170	32
2171	31
2172	26
2173	20
2174	37
2175	35
2176	26
2177	29
2178	37
2179	26
2180	27
2181	22
2182	36
2183	32
2184	23
2185	33
2186	29
2187	27
2188	21
2189	32
2190	28
2191	28
2192	20
2193	33
2194	25
2195	32
2196	21
2197	16
2198	27
2199	29
2200	18
2201	28
2202	19
2203	28
2204	27
2205	23
2206	21
2207	36
2208	25
2209	18
2210	20
2211	22
2212	27
2213	29
2214	37
2215	25
2216	22
2217	31
2218	19
2219	23
2220	29
2221	19
2222	17
2223	20
2224	32
2225	16
2226	28
2227	28
2228	21
2229	26
2230	22
2231	17
2232	22
2233	28
2234	22
2235	32
2236	25
2237	25
2238	22
2239	17
2240	19
2241	26
2242	16
2243	26
2244	25
2245	16
2246	19
2247	19
2248	24
2249	19
2250	18
2251	19
2252	25
2253	24
2254	20
2255	13
2256	15
2257	30
2258	16
2259	25
2260	20
2261	16
2262	19
2263	13
2264	21
2265	27
2266	16
2267	17
2268	20
2269	25
2270	15
2271	26
2272	10
2273	17
2274	23
2275	10
2276	23
2277	19
2278	20
2279	16
2280	25
2281	20
2282	13
2283	9
2284	21
2285	20
2286	16
2287	16
2288	13
2289	19
2290	29
2291	21
2292	16
2293	17
2294	23
2295	10
2296	9
2297	13
2298	18
2299	22
2300	12
2301	19
2302	16
2303	13
2304	17
2305	17
2306	21
2307	8
2308	17
2309	10
2310	16
2311	11
2312	20
2313	19
2314	16
2315	11
2316	25
2317	16
2318	20
2319	14
2320	19
2321	18
2322	20
2323	19
2324	17
2325	18
2326	29
2327	12
2328	9
2329	14
2330	6
2331	16
2332	11
2333	14
2334	19
2335	16
2336	16
2337	16
2338	17
2339	11
2340	16
2341	14
2342	15
2343	13
2344	10
2345	15
2346	12
2347	22
2348	18
2349	11
2350	11
2351	19
2352	18
2353	21
2354	20
2355	9
2356	11
2357	11
2358	14
2359	12
2360	11
2361	18
2362	13
2363	18
2364	5
2365	19
2366	17
2367	18
2368	16
2369	9
2370	12
2371	15
2372	17
2373	14
2374	15
2375	9
2376	13
2377	20
2378	9
2379	13
2380	17
2381	15
2382	17
2383	14
2384	9
2385	15
2386	10
2387	16
2388	14
2389	11
2390	19
2391	8
2392	11
2393	24
2394	10
2395	13
2396	12
2397	10
2398	16
2399	20
2400	16
2401	9
2402	21
2403	16
2404	15
2405	18
2406	21
2407	14
2408	13
2409	21
2410	19
2411	13
2412	12
2413	11
2414	12
2415	10
2416	12
2417	13
2418	17
2419	15
2420	17
2421	8
2422	19
2423	14
2424	13
2425	18
2426	10
2427	12
2428	16
2429	10
2430	9
2431	12
2432	19
2433	12
2434	12
2435	9
2436	17
2437	14
2438	14
2439	7
2440	14
2441	25
2442	10
2443	13
2444	14
2445	11
2446	13
2447	13
2448	17
2449	12
2450	11
2451	12
2452	8
2453	11
2454	11
2455	15
2456	8
2457	12
2458	10
2459	10
2460	13
2461	10
2462	14
2463	17
2464	16
2465	12
2466	12
2467	8
2468	13
2469	7
2470	17
2471	20
2472	15
2473	18
2474	14
2475	11
2476	13
2477	9
2478	12
2479	5
2480	9
2481	11
2482	13
2483	12
2484	7
2485	11
2486	17
2487	17
2488	6
2489	4
2490	5
2491	19
2492	12
2493	14
2494	12
2495	8
2496	12
2497	12
2498	18
2499	11
2500	10
2501	11
2502	17
2503	13
2504	11
2505	19
2506	13
2507	12
2508	14
2509	18
2510	12
2511	7
2512	14
2513	16
2514	15
2515	14
2516	11
2517	12
2518	19
2519	14
2520	15
2521	17
2522	4
2523	15
2524	16
2525	11
2526	17
2527	14
2528	13
2529	8
2530	14
2531	11
2532	17
2533	18
2534	21
2535	12
2536	13
2537	21
2538	10
2539	11
2540	13
2541	12
2542	13
2543	11
2544	6
2545	12
2546	17
2547	14
2548	12
2549	11
2550	16
2551	13
2552	10
2553	17
2554	12
2555	17
2556	13
2557	13
2558	11
2559	7
2560	13
2561	12
2562	12
2563	12
2564	21
2565	7
2566	13
2567	19
2568	11
2569	21
2570	15
2571	8
2572	16
2573	18
2574	16
2575	9
2576	14
2577	11
2578	13
2579	16
2580	16
2581	8
2582	19
2583	10
2584	9
2585	14
2586	7
2587	13
2588	6
2589	12
2590	9
2591	14
2592	11
2593	11
2594	9
2595	11
2596	18
2597	9
2598	10
2599	15
2600	8
2601	21
2602	5
2603	11
2604	12
2605	5
2606	9
2607	8
2608	15
2609	7
2610	12
2611	11
2612	10
2613	8
2614	14
2615	6
2616	11
2617	11
2618	7
2619	10
2620	14
2621	14
2622	6
2623	9
2624	11
2625	9
2626	9
2627	8
2628	24
2629	11
2630	10
2631	8
2632	11
2633	15
2634	6
2635	10
2636	22
2637	12
2638	6
2639	15
2640	9
2641	12
2642	5
2643	12
2644	8
2645	6
2646	15
2647	10
2648	15
2649	16
2650	7
2651	12
2652	6
2653	10
2654	21
2655	9
2656	11
2657	10
2658	7
2659	13
2660	12
2661	9
2662	7
2663	4
2664	3
2665	11
2666	10
2667	8
2668	15
2669	14
2670	8
2671	4
2672	4
2673	8
2674	9
2675	9
2676	5
2677	4
2678	17
2679	8
2680	8
2681	14
2682	8
2683	10
2684	7
2685	18
2686	11
2687	7
2688	6
2689	5
2690	7
2691	7
2692	13
2693	8
2694	12
2695	8
2696	11
2697	9
2698	4
2699	11
2700	12
2701	12
2702	5
2703	6
2704	7
2705	8
2706	7
2707	11
2708	7
2709	8
2710	8
2711	2
2712	10
2713	9
2714	4
2715	6
2716	8
2717	5
2718	7
2719	14
2720	7
2721	7
2722	4
2723	8
2724	10
2725	7
2726	17
2727	5
2728	8
2729	8
2730	6
2731	10
2732	7
2733	13
2734	10
2735	5
2736	7
2737	9
2738	9
2739	10
2740	11
2741	9
2742	9
2743	9
2744	11
2745	10
2746	11
2747	11
2748	8
2749	4
2750	9
2751	5
2752	6
2753	5
2754	7
2755	9
2756	15
2757	8
2758	9
2759	8
2760	10
2761	13
2762	7
2763	13
2764	5
2765	8
2766	4
2767	2
2768	3
2769	5
2770	12
2771	12
2772	4
2773	6
2774	7
2775	3
2776	13
2777	5
2778	3
2779	9
2780	9
2781	7
2782	8
2783	7
2784	8
2785	9
2786	9
2787	6
2788	8
2789	5
2790	12
2791	4
2792	8
2793	6
2794	5
2795	4
2796	8
2797	12
2798	5
2799	9
2800	4
2801	10
2802	6
2803	7
2804	7
2805	3
2806	11
2807	7
2808	6
2809	13
2810	4
2811	8
2812	6
2813	6
2814	10
2815	3
2816	8
2817	14
2818	8
2819	8
2820	11
2821	8
2822	6
2823	6
2824	11
2825	7
2826	4
2827	8
2828	8
2829	2
2830	5
2831	10
2832	10
2833	7
2834	9
2835	8
2836	7
2837	4
2838	11
2839	5
2840	7
2841	6
2842	5
2843	9
2844	6
2845	15
2846	6
2847	8
2848	12
2849	7
2850	2
2851	4
2852	11
2853	7
2854	8
2855	4
2856	4
2857	7
2858	3
2859	5
2860	10
2861	7
2862	6
2863	6
2864	8
2865	4
2866	9
2867	6
2868	3
2869	2
2870	4
2871	3
2872	8
2873	6
2874	6
2875	5
2876	10
2877	9
2878	3
2879	7
2880	6
2881	6
2882	4
2883	6
2884	8
2885	6
2886	6
2887	5
2888	8
2889	11
2890	4
2891	5
2892	9
2893	6
2894	6
2895	4
2896	8
2897	5
2898	5
2899	5
2900	11
2901	5
2902	6
2903	8
2904	8
2905	8
2906	6
2907	4
2908	6
2909	4
2910	9
2911	9
2912	6
2913	9
2914	6
2915	2
2916	1
2917	5
2918	5
2919	4
2920	5
2921	13
2922	6
2923	7
2924	14
2925	5
2926	7
2927	5
2928	12
2929	2
2930	8
2931	7
2932	4
2933	4
2934	6
2935	4
2936	7
2937	5
2938	3
2939	7
2940	7
2941	7
2942	4
2943	6
2944	5
2945	11
2946	5
2947	9
2948	6
2949	2
2950	8
2951	6
2952	8
2953	5
2954	5
2955	2
2956	6
2957	4
2958	2
2959	8
2960	4
2961	9
2962	8
2963	10
2964	8
2965	8
2966	3
2967	2
2968	11
2969	10
2970	4
2971	4
2972	1
2973	4
2974	5
2975	5
2976	4
2977	5
2978	4
2979	3
2980	6
2981	2
2982	10
2983	3
2984	4
2985	3
2986	1
2987	2
2988	5
2989	6
2990	6
2991	5
2992	8
2993	6
2994	10
2995	6
2996	6
2997	6
2998	2
2999	5
3000	5
3001	8
3002	2
3003	7
3004	12
3005	6
3006	5
3007	3
3008	7
3009	2
3010	8
3011	2
3012	6
3013	6
3014	4
3015	2
3016	7
3017	8
3018	4
3019	6
3020	4
3021	5
3022	3
3023	9
3024	5
3025	6
3026	3
3027	4
3028	5
3029	1
3030	8
3031	0
3032	5
3033	8
3034	4
3035	6
3036	6
3037	3
3038	2
3039	7
3040	6
3041	4
3042	3
3043	3
3044	9
3045	6
3046	4
3047	4
3048	5
3049	6
3050	2
3051	7
3052	5
3053	6
3054	7
3055	5
3056	4
3057	4
3058	4
3059	3
3060	3
3061	4
3062	3
3063	4
3064	4
3065	8
3066	3
3067	7
3068	3
3069	2
3070	4
3071	0
3072	7
3073	2
3074	8
3075	2
3076	2
3077	1
3078	1
3079	2
3080	3
3081	3
3082	3
3083	2
3084	3
3085	2
3086	6
3087	2
3088	5
3089	2
3090	3
3091	3
3092	2
3093	1
3094	7
3095	4
3096	2
3097	3
3098	4
3099	2
3100	4
3101	5
3102	4
3103	5
3104	8
3105	1
3106	2
3107	1
3108	6
3109	1
3110	4
3111	3
3112	0
3113	5
3114	1
3115	4
3116	2
3117	1
3118	1
3119	3
3120	3
3121	3
3122	4
3123	3
3124	1
3125	3
3126	6
3127	6
3128	1
3129	7
3130	2
3131	2
3132	3
3133	8
3134	5
3135	3
3136	2
3137	5
3138	3
3139	2
3140	1
3141	2
3142	3
3143	2
3144	5
3145	4
3146	1
3147	1
3148	1
3149	3
3150	1
3151	1
3152	3
3153	1
3154	0
3155	7
3156	3
3157	3
3158	4
3159	0
3160	1
3161	4
3162	0
3163	2
3164	1
3165	3
3166	7
3167	5
3168	7
3169	2
3170	2
3171	3
3172	4
3173	3
3174	8
3175	2
3176	2
3177	5
3178	2
3179	2
3180	2
3181	4
3182	2
3183	1
3184	3
3185	2
3186	3
3187	2
3188	3
3189	0
3190	4
3191	2
3192	5
3193	4
3194	3
3195	3
3196	2
3197	4
3198	3
3199	2
3200	3
3201	4
3202	5
3203	5
3204	3
3205	1
3206	4
3207	2
3208	3
3209	8
3210	0
3211	3
3212	3
3213	6
3214	2
3215	0
3216	1
3217	5
3218	5
3219	3
3220	2
3221	0
3222	2
3223	2
3224	7
3225	0
3226	3
3227	4
3228	0
3229	2
3230	4
3231	5
3232	3
3233	6
3234	1
3235	5
3236	3
3237	3
3238	3
3239	2
3240	2
3241	1
3242	3
3243	0
3244	2
3245	4
3246	3
3247	2
3248	5
3249	3
3250	5
3251	3
3252	3
3253	0
3254	3
3255	3
3256	0
3257	2
3258	4
3259	6
3260	0
3261	2
3262	5
3263	0
3264	1
3265	1
3266	5
3267	4
3268	3
3269	2
3270	4
3271	3
3272	2
3273	4
3274	0
3275	2
3276	3
3277	3
3278	2
3279	3
3280	4
3281	1
3282	2
3283	3
3284	2
3285	1
3286	4
3287	1
3288	5
3289	1
3290	0
3291	3
3292	3
3293	4
3294	5
3295	4
3296	1
3297	3
3298	1
3299	1
3300	2
3301	0
3302	2
3303	1
3304	1
3305	3
3306	1
3307	1
3308	2
3309	2
3310	3
3311	3
3312	1
3313	3
3314	3
3315	3
3316	2
3317	1
3318	4
3319	2
3320	0
3321	3
3322	2
3323	3
3324	0
3325	3
3326	2
3327	4
3328	1
3329	3
3330	3
3331	2
3332	1
3333	1
3334	0
3335	1
3336	2
3337	4
3338	2
3339	1
3340	3
3341	1
3342	1
3343	4
3344	2
3345	2
3346	1
3347	2
3348	3
3349	2
3350	0
3351	1
3352	2
3353	2
3354	0
3355	3
3356	1
3357	1
3358	3
3359	2
3360	3
3361	3
3362	2
3363	1
3364	0
3365	0
3366	2
3367	3
3368	0
3369	2
3370	2
3371	1
3372	1
3373	3
3374	2
3375	1
3376	1
3377	2
3378	0
3379	0
3380	2
3381	1
3382	0
3383	1
3384	2
3385	2
3386	0
3387	3
3388	0
3389	0
3390	1
3391	2
3392	0
3393	1
3394	2
3395	0
3396	2
3397	5
3398	1
3399	2
3400	1
3401	3
3402	0
3403	6
3404	2
3405	1
3406	0
3407	3
3408	0
3409	3
3410	2
3411	1
3412	2
3413	0
3414	1
3415	0
3416	3
3417	0
3418	4
3419	0
3420	0
3421	5
3422	1
3423	1
3424	0
3425	1
3426	3
3427	3
3428	4
3429	0
3430	2
3431	2
3432	1
3433	1
3434	0
3435	2
3436	2
3437	1
3438	1
3439	3
3440	0
3441	1
3442	3
3443	0
3444	1
3445	1
3446	3
3447	1
3448	2
3449	3
3450	2
3451	2
3452	1
3453	1
3454	1
3455	0
3456	0
3457	1
3458	1
3459	1
3460	3
3461	2
3462	3
3463	1
3464	2
3465	2
3466	0
3467	1
3468	2
3469	1
3470	1
3471	0
3472	1
3473	1
3474	1
3475	0
3476	0
3477	2
3478	1
3479	1
3480	1
3481	2
3482	0
3483	0
3484	0
3485	0
3486	0
3487	1
3488	0
3489	2
3490	0
3491	0
3492	1
3493	2
3494	0
3495	1
3496	0
3497	0
3498	1
3499	1
3500	2
3501	0
3502	0
3503	0
3504	1
3505	0
3506	0
3507	2
3508	4
3509	0
3510	0
3511	1
3512	2
3513	1
3514	0
3515	2
3516	1
3517	2
3518	0
3519	0
3520	0
3521	0
3522	0
3523	0
3524	2
3525	1
3526	0
3527	1
3528	0
3529	2
3530	1
3531	2
3532	0
3533	1
3534	1
3535	0
3536	0
3537	2
3538	0
3539	1
3540	1
3541	3
3542	2
3543	1
3544	1
3545	1
3546	1
3547	0
3548	1
3549	0
3550	1
3551	0
3552	0
3553	1
3554	0
3555	0
3556	3
3557	0
3558	2
3559	0
3560	0
3561	1
3562	2
3563	0
3564	0
3565	1
3566	0
3567	0
3568	0
3569	0
3570	0
3571	1
3572	0
3573	0
3574	0
3575	1
3576	2
3577	0
3578	0
3579	0
3580	1
3581	0
3582	0
3583	0
3584	1
3585	1
3586	1
3587	0
3588	1
3589	0
3590	1
3591	0
3592	2
3593	0
3594	0
3595	0
3596	0
3597	0
3598	0
3599	0
3600	0
3601	1
3602	0
3603	1
3604	0
3605	1
3606	0
3607	0
3608	0
3609	1
3610	2
3611	0
3612	1
3613	0
3614	0
3615	1
3616	0
3617	0
3618	4
3619	2
3620	1
3621	0
3622	0
3623	0
3624	0
3625	0
3626	1
3627	0
3628	1
3629	1
3630	0
3631	0
3632	0
3633	1
3634	0
3635	1
3636	0
3637	0
3638	0
3639	1
3640	1
3641	0
3642	0
3643	0
3644	0
3645	0
3646	0
3647	0
3648	1
3649	0
3650	1
3651	0
3652	0
3653	0
3654	1
3655	0
3656	1
3657	0
3658	0
3659	0
3660	0
3661	0
3662	0
3663	0
3664	0
3665	1
3666	0
3667	0
3668	1
3669	0
3670	0
3671	0
3672	1
3673	0
3674	1
3675	0
3676	0
3677	0
3678	0
3679	0
3680	0
3681	1
3682	0
3683	1
3684	0
3685	0
3686	0
3687	0
3688	1
3689	0
3690	0
3691	0
3692	0
3693	0
3694	0
3695	0
3696	0
3697	1
3698	0
3699	1
3700	0
3701	0
3702	0
3703	0
3704	0
3705	0
3706	0
3707	0
3708	0
3709	1
3710	0
3711	0
3712	0
3713	1
3714	0
3715	0
3716	0
3717	0
3718	0
3719	0
3720	0
3721	0
3722	0
3723	0
3724	0
3725	0
3726	0
3727	0
3728	0
3729	0
3730	0
3731	0
3732	0
3733	0
3734	0
3735	0
3736	0
3737	0
3738	0
3739	0
3740	0
3741	0
3742	1
3743	0
3744	0
3745	0
3746	0
3747	1
3748	0
3749	0
3750	1
3751	0
3752	0
3753	0
3754	1
3755	0
3756	0
3757	0
3758	0
3759	1
3760	0
3761	1
3762	0
3763	0
3764	0
3765	0
3766	0
3767	0
3768	0
3769	0
3770	0
3771	0
3772	0
3773	0
3774	0
3775	0
3776	0
3777	0
3778	0
3779	0
3780	0
3781	0
3782	0
3783	0
3784	0
3785	0
3786	0
3787	0
3788	0
3789	0
3790	0
3791	0
3792	0
3793	0
3794	0
3795	0
3796	0
3797	0
3798	0
3799	0
3800	0
3801	0
3802	0
3803	0
3804	0
3805	0
3806	0
3807	0
3808	0
3809	0
3810	0
3811	0
3812	0
3813	0
3814	0
3815	0
3816	0
3817	0
3818	0
3819	0
3820	0
3821	0
3822	0
3823	0
3824	0
3825	0
3826	0
3827	0
3828	0
3829	0
3830	0
3831	1
3832	0
3833	0
3834	0
3835	0
3836	0
3837	0
3838	0
3839	0
3840	0
3841	0
3842	0
3843	1
3844	0
3845	0
3846	0
3847	0
3848	0
3849	1
3850	0
3851	0
3852	0
3853	0
3854	0
3855	0
3856	0
3857	0
3858	0
3859	0
3860	0
3861	0
3862	0
3863	0
3864	0
3865	0
3866	0
3867	0
3868	0
3869	0
3870	0
3871	0
3872	0
3873	0
3874	0
3875	0
3876	0
3877	1
3878	0
3879	0
3880	0
3881	0
3882	0
3883	0
3884	0
3885	0
3886	0
3887	0
3888	0
3889	0
3890	0
3891	0
3892	0
3893	0
3894	0
3895	0
3896	0
3897	0
3898	0
3899	0
3900	0
3901	0
3902	0
3903	0
3904	0
3905	0
3906	0
3907	0
3908	0
3909	0
3910	0
3911	0
3912	0
3913	0
3914	0
3915	0
3916	0
3917	0
3918	0
3919	0
3920	0
3921	0
3922	0
3923	0
3924	0
3925	0
3926	0
3927	0
3928	0
3929	0
3930	1
3931	0
3932	0
3933	0
3934	0
3935	0
3936	0
3937	0
3938	0
3939	0
3940	0
3941	0
3942	0
3943	0
3944	0
3945	0
3946	0
3947	1
3948	0
3949	0
3950	0
3951	0
3952	0
3953	0
3954	0
3955	0
3956	0
3957	0
3958	0
3959	0
3960	0
3961	0
3962	1
3963	0
3964	0
3965	0
3966	0
3967	1
3968	0
3969	0
3970	0
3971	0
3972	0
3973	0
3974	0
3975	0
3976	0
3977	0
3978	0
3979	0
3980	0
3981	0
3982	0
3983	0
3984	0
3985	0
3986	0
3987	0
3988	0
3989	0
3990	0
3991	0
3992	0
3993	0
3994	0
3995	0
3996	0
3997	0
3998	0
3999	0
4000	0
