Channel number	Impulses
Channel/#	Impulses/#

0	0
1	0
2	0
3	0
4	0
5	0
6	0
7	0
8	0
9	0
10	0
11	0
12	0
13	0
14	0
15	0
16	0
17	0
18	0
19	0
20	0
21	0
22	0
23	0
24	0
25	0
26	0
27	0
28	0
29	0
30	0
31	0
32	0
33	0
34	0
35	0
36	0
37	0
38	0
39	0
40	0
41	0
42	0
43	0
44	0
45	2
46	1
47	2
48	7
49	6
50	13
51	13
52	8
53	15
54	12
55	16
56	15
57	13
58	10
59	13
60	21
61	16
62	14
63	17
64	6
65	10
66	16
67	15
68	10
69	16
70	18
71	18
72	13
73	14
74	10
75	15
76	11
77	15
78	12
79	21
80	8
81	22
82	13
83	15
84	10
85	14
86	14
87	19
88	7
89	13
90	11
91	12
92	8
93	9
94	14
95	26
96	2
97	9
98	13
99	20
100	12
101	8
102	15
103	6
104	3
105	17
106	9
107	9
108	7
109	13
110	12
111	11
112	9
113	9
114	12
115	12
116	6
117	6
118	8
119	15
120	8
121	11
122	11
123	14
124	6
125	10
126	11
127	21
128	3
129	7
130	13
131	8
132	12
133	9
134	11
135	17
136	6
137	4
138	14
139	11
140	7
141	9
142	11
143	9
144	10
145	6
146	8
147	7
148	6
149	14
150	7
151	10
152	7
153	8
154	6
155	10
156	6
157	9
158	8
159	17
160	4
161	8
162	12
163	7
164	10
165	12
166	12
167	8
168	5
169	10
170	13
171	8
172	6
173	9
174	9
175	8
176	5
177	10
178	9
179	14
180	4
181	6
182	4
183	10
184	4
185	7
186	7
187	12
188	14
189	6
190	2
191	13
192	4
193	7
194	11
195	10
196	8
197	12
198	4
199	5
200	8
201	9
202	4
203	5
204	4
205	9
206	6
207	8
208	4
209	12
210	8
211	6
212	9
213	6
214	9
215	6
216	2
217	5
218	3
219	7
220	8
221	9
222	8
223	9
224	3
225	6
226	7
227	8
228	6
229	5
230	8
231	5
232	7
233	9
234	6
235	6
236	6
237	10
238	5
239	11
240	10
241	5
242	6
243	9
244	11
245	9
246	12
247	5
248	6
249	10
250	7
251	4
252	7
253	8
254	7
255	8
256	1
257	3
258	10
259	6
260	13
261	3
262	3
263	10
264	6
265	7
266	7
267	4
268	9
269	6
270	8
271	9
272	1
273	7
274	2
275	7
276	7
277	6
278	12
279	4
280	5
281	6
282	4
283	5
284	4
285	13
286	3
287	7
288	2
289	2
290	7
291	6
292	6
293	4
294	7
295	6
296	4
297	5
298	6
299	5
300	6
301	9
302	6
303	7
304	4
305	3
306	7
307	9
308	6
309	2
310	7
311	4
312	3
313	8
314	6
315	5
316	5
317	9
318	5
319	10
320	3
321	5
322	5
323	6
324	11
325	2
326	3
327	2
328	5
329	1
330	8
331	3
332	5
333	7
334	9
335	5
336	3
337	7
338	2
339	5
340	3
341	6
342	8
343	5
344	0
345	5
346	5
347	2
348	4
349	4
350	3
351	9
352	4
353	5
354	3
355	2
356	1
357	10
358	3
359	8
360	0
361	7
362	7
363	8
364	4
365	6
366	8
367	6
368	4
369	4
370	4
371	4
372	4
373	3
374	7
375	2
376	6
377	5
378	7
379	2
380	4
381	1
382	10
383	3
384	2
385	9
386	5
387	1
388	4
389	2
390	11
391	7
392	1
393	3
394	6
395	3
396	6
397	5
398	1
399	3
400	1
401	6
402	8
403	4
404	6
405	3
406	6
407	6
408	4
409	3
410	3
411	6
412	4
413	8
414	2
415	6
416	1
417	5
418	4
419	4
420	4
421	1
422	3
423	5
424	7
425	3
426	2
427	12
428	4
429	4
430	2
431	3
432	5
433	5
434	6
435	6
436	3
437	5
438	3
439	4
440	3
441	6
442	3
443	3
444	5
445	3
446	2
447	6
448	3
449	5
450	5
451	3
452	5
453	5
454	6
455	5
456	6
457	4
458	12
459	5
460	3
461	3
462	3
463	7
464	3
465	5
466	5
467	10
468	3
469	2
470	5
471	4
472	7
473	3
474	8
475	9
476	9
477	2
478	7
479	5
480	2
481	4
482	5
483	3
484	7
485	6
486	5
487	7
488	5
489	4
490	9
491	6
492	9
493	9
494	9
495	2
496	5
497	1
498	6
499	6
500	3
501	10
502	6
503	7
504	8
505	3
506	4
507	3
508	1
509	4
510	1
511	4
512	3
513	4
514	3
515	4
516	6
517	3
518	3
519	3
520	4
521	3
522	5
523	1
524	4
525	1
526	8
527	3
528	4
529	4
530	4
531	6
532	4
533	8
534	4
535	2
536	5
537	5
538	4
539	1
540	3
541	2
542	1
543	7
544	1
545	2
546	5
547	6
548	3
549	4
550	3
551	14
552	3
553	5
554	4
555	4
556	7
557	2
558	2
559	9
560	3
561	5
562	3
563	6
564	2
565	6
566	3
567	4
568	2
569	3
570	4
571	5
572	3
573	4
574	3
575	2
576	4
577	3
578	4
579	1
580	4
581	1
582	7
583	7
584	1
585	4
586	3
587	6
588	5
589	3
590	8
591	9
592	2
593	6
594	2
595	8
596	6
597	2
598	6
599	7
600	3
601	3
602	7
603	6
604	4
605	3
606	4
607	6
608	4
609	6
610	2
611	4
612	4
613	4
614	5
615	5
616	0
617	5
618	3
619	1
620	3
621	3
622	3
623	5
624	0
625	5
626	5
627	5
628	4
629	1
630	4
631	1
632	6
633	3
634	3
635	3
636	1
637	5
638	4
639	7
640	1
641	5
642	1
643	6
644	2
645	3
646	5
647	5
648	4
649	3
650	1
651	0
652	5
653	2
654	4
655	5
656	8
657	6
658	5
659	5
660	6
661	6
662	5
663	3
664	8
665	7
666	4
667	6
668	3
669	4
670	1
671	6
672	0
673	4
674	4
675	4
676	7
677	3
678	10
679	2
680	6
681	6
682	4
683	2
684	3
685	4
686	6
687	3
688	2
689	5
690	2
691	1
692	4
693	2
694	9
695	3
696	3
697	4
698	4
699	6
700	4
701	2
702	3
703	6
704	0
705	5
706	6
707	3
708	2
709	2
710	5
711	1
712	1
713	7
714	3
715	5
716	6
717	2
718	2
719	3
720	3
721	4
722	2
723	7
724	4
725	6
726	3
727	9
728	3
729	6
730	2
731	4
732	4
733	4
734	8
735	2
736	6
737	5
738	4
739	1
740	4
741	2
742	2
743	1
744	2
745	5
746	4
747	3
748	5
749	3
750	4
751	7
752	2
753	3
754	5
755	4
756	4
757	4
758	9
759	4
760	11
761	6
762	8
763	7
764	4
765	3
766	4
767	7
768	2
769	2
770	4
771	6
772	3
773	3
774	6
775	5
776	4
777	8
778	2
779	5
780	6
781	9
782	7
783	7
784	5
785	7
786	7
787	9
788	3
789	3
790	5
791	6
792	4
793	3
794	3
795	5
796	4
797	4
798	6
799	6
800	4
801	7
802	7
803	8
804	6
805	6
806	9
807	7
808	3
809	3
810	5
811	7
812	8
813	6
814	5
815	11
816	3
817	4
818	6
819	6
820	7
821	5
822	5
823	6
824	9
825	9
826	7
827	5
828	3
829	5
830	11
831	8
832	2
833	11
834	5
835	8
836	6
837	8
838	17
839	6
840	7
841	10
842	8
843	11
844	6
845	10
846	5
847	3
848	4
849	6
850	10
851	5
852	6
853	5
854	5
855	3
856	5
857	4
858	2
859	11
860	7
861	5
862	5
863	10
864	6
865	6
866	6
867	7
868	8
869	7
870	8
871	12
872	5
873	16
874	9
875	6
876	5
877	9
878	4
879	9
880	1
881	5
882	8
883	9
884	4
885	6
886	7
887	5
888	6
889	8
890	6
891	6
892	8
893	4
894	2
895	5
896	3
897	4
898	4
899	5
900	8
901	7
902	2
903	11
904	4
905	6
906	6
907	7
908	7
909	9
910	10
911	5
912	1
913	6
914	1
915	8
916	4
917	6
918	1
919	6
920	4
921	13
922	6
923	9
924	13
925	5
926	7
927	7
928	5
929	6
930	2
931	4
932	8
933	4
934	5
935	8
936	5
937	3
938	8
939	9
940	6
941	7
942	5
943	11
944	3
945	8
946	6
947	9
948	5
949	11
950	6
951	6
952	3
953	10
954	5
955	12
956	3
957	7
958	4
959	4
960	4
961	6
962	8
963	3
964	3
965	7
966	7
967	6
968	8
969	7
970	5
971	5
972	9
973	8
974	3
975	7
976	4
977	8
978	11
979	6
980	8
981	3
982	6
983	6
984	7
985	4
986	8
987	15
988	5
989	7
990	8
991	8
992	5
993	7
994	3
995	4
996	9
997	8
998	12
999	8
1000	6
1001	8
1002	2
1003	7
1004	8
1005	3
1006	9
1007	10
1008	8
1009	5
1010	11
1011	8
1012	6
1013	8
1014	9
1015	12
1016	5
1017	6
1018	4
1019	6
1020	4
1021	8
1022	10
1023	14
1024	1
1025	5
1026	10
1027	11
1028	12
1029	7
1030	10
1031	5
1032	5
1033	9
1034	10
1035	6
1036	7
1037	5
1038	13
1039	6
1040	8
1041	11
1042	14
1043	13
1044	10
1045	8
1046	10
1047	13
1048	10
1049	14
1050	9
1051	9
1052	7
1053	8
1054	12
1055	10
1056	5
1057	11
1058	7
1059	11
1060	8
1061	11
1062	9
1063	15
1064	9
1065	6
1066	6
1067	8
1068	8
1069	8
1070	12
1071	12
1072	6
1073	7
1074	13
1075	15
1076	9
1077	2
1078	6
1079	17
1080	10
1081	10
1082	2
1083	9
1084	10
1085	7
1086	7
1087	12
1088	2
1089	7
1090	10
1091	13
1092	9
1093	13
1094	4
1095	6
1096	9
1097	9
1098	4
1099	13
1100	8
1101	10
1102	5
1103	15
1104	7
1105	5
1106	10
1107	9
1108	3
1109	11
1110	11
1111	8
1112	5
1113	10
1114	7
1115	10
1116	6
1117	8
1118	16
1119	13
1120	7
1121	7
1122	7
1123	16
1124	7
1125	6
1126	21
1127	15
1128	8
1129	11
1130	5
1131	10
1132	14
1133	7
1134	13
1135	14
1136	10
1137	3
1138	13
1139	9
1140	15
1141	6
1142	16
1143	13
1144	10
1145	14
1146	8
1147	15
1148	12
1149	8
1150	7
1151	17
1152	4
1153	8
1154	10
1155	17
1156	5
1157	4
1158	11
1159	7
1160	11
1161	6
1162	5
1163	7
1164	17
1165	17
1166	11
1167	14
1168	8
1169	15
1170	14
1171	13
1172	10
1173	13
1174	18
1175	8
1176	12
1177	22
1178	6
1179	14
1180	13
1181	11
1182	8
1183	13
1184	5
1185	5
1186	14
1187	17
1188	8
1189	9
1190	17
1191	12
1192	8
1193	11
1194	11
1195	19
1196	8
1197	16
1198	10
1199	11
1200	10
1201	8
1202	21
1203	21
1204	15
1205	15
1206	13
1207	13
1208	8
1209	12
1210	10
1211	16
1212	11
1213	12
1214	20
1215	17
1216	5
1217	11
1218	18
1219	15
1220	16
1221	11
1222	6
1223	12
1224	7
1225	16
1226	10
1227	14
1228	19
1229	14
1230	16
1231	18
1232	9
1233	17
1234	6
1235	20
1236	15
1237	10
1238	21
1239	12
1240	13
1241	23
1242	13
1243	16
1244	18
1245	7
1246	15
1247	21
1248	8
1249	15
1250	12
1251	9
1252	12
1253	15
1254	14
1255	23
1256	15
1257	16
1258	12
1259	18
1260	18
1261	15
1262	18
1263	18
1264	9
1265	18
1266	13
1267	22
1268	14
1269	10
1270	18
1271	22
1272	12
1273	9
1274	11
1275	19
1276	9
1277	18
1278	22
1279	45
1280	7
1281	14
1282	11
1283	18
1284	15
1285	16
1286	19
1287	20
1288	21
1289	20
1290	14
1291	22
1292	15
1293	13
1294	19
1295	10
1296	14
1297	23
1298	15
1299	12
1300	15
1301	14
1302	14
1303	19
1304	15
1305	19
1306	8
1307	23
1308	21
1309	15
1310	8
1311	18
1312	11
1313	12
1314	12
1315	18
1316	18
1317	15
1318	20
1319	20
1320	7
1321	15
1322	9
1323	21
1324	15
1325	20
1326	14
1327	16
1328	15
1329	12
1330	16
1331	16
1332	8
1333	20
1334	31
1335	19
1336	7
1337	25
1338	12
1339	22
1340	11
1341	17
1342	12
1343	18
1344	5
1345	18
1346	22
1347	17
1348	21
1349	18
1350	20
1351	11
1352	14
1353	21
1354	15
1355	18
1356	25
1357	15
1358	22
1359	20
1360	16
1361	18
1362	17
1363	26
1364	22
1365	16
1366	20
1367	10
1368	18
1369	18
1370	18
1371	20
1372	20
1373	14
1374	15
1375	25
1376	14
1377	11
1378	17
1379	20
1380	27
1381	10
1382	15
1383	12
1384	13
1385	17
1386	15
1387	20
1388	25
1389	22
1390	11
1391	15
1392	13
1393	11
1394	26
1395	18
1396	7
1397	15
1398	22
1399	14
1400	11
1401	24
1402	18
1403	24
1404	25
1405	18
1406	13
1407	24
1408	14
1409	22
1410	17
1411	22
1412	18
1413	9
1414	27
1415	11
1416	16
1417	16
1418	17
1419	13
1420	22
1421	18
1422	24
1423	13
1424	17
1425	23
1426	15
1427	22
1428	19
1429	18
1430	26
1431	15
1432	22
1433	22
1434	13
1435	23
1436	16
1437	24
1438	13
1439	31
1440	10
1441	18
1442	16
1443	16
1444	20
1445	15
1446	14
1447	21
1448	17
1449	18
1450	16
1451	22
1452	30
1453	13
1454	16
1455	20
1456	29
1457	18
1458	14
1459	21
1460	16
1461	23
1462	23
1463	18
1464	15
1465	18
1466	17
1467	24
1468	16
1469	26
1470	19
1471	22
1472	14
1473	15
1474	21
1475	15
1476	24
1477	21
1478	22
1479	18
1480	23
1481	26
1482	20
1483	20
1484	25
1485	17
1486	19
1487	18
1488	16
1489	23
1490	24
1491	18
1492	17
1493	20
1494	27
1495	19
1496	18
1497	21
1498	19
1499	29
1500	27
1501	25
1502	21
1503	25
1504	24
1505	22
1506	29
1507	26
1508	23
1509	19
1510	27
1511	23
1512	14
1513	14
1514	19
1515	13
1516	24
1517	25
1518	25
1519	19
1520	18
1521	17
1522	15
1523	20
1524	21
1525	13
1526	31
1527	20
1528	18
1529	16
1530	14
1531	24
1532	23
1533	18
1534	27
1535	28
1536	18
1537	22
1538	31
1539	16
1540	22
1541	15
1542	28
1543	16
1544	20
1545	28
1546	28
1547	16
1548	17
1549	21
1550	24
1551	16
1552	18
1553	29
1554	25
1555	24
1556	24
1557	15
1558	26
1559	18
1560	12
1561	23
1562	26
1563	16
1564	10
1565	24
1566	21
1567	20
1568	24
1569	19
1570	14
1571	20
1572	26
1573	22
1574	17
1575	21
1576	13
1577	34
1578	16
1579	21
1580	32
1581	16
1582	21
1583	22
1584	11
1585	20
1586	25
1587	28
1588	17
1589	20
1590	33
1591	17
1592	15
1593	25
1594	25
1595	35
1596	19
1597	20
1598	18
1599	23
1600	12
1601	20
1602	19
1603	17
1604	22
1605	15
1606	31
1607	14
1608	25
1609	29
1610	20
1611	30
1612	35
1613	16
1614	21
1615	23
1616	24
1617	25
1618	24
1619	34
1620	18
1621	16
1622	21
1623	17
1624	20
1625	28
1626	18
1627	18
1628	22
1629	25
1630	30
1631	26
1632	24
1633	14
1634	20
1635	28
1636	23
1637	24
1638	23
1639	25
1640	24
1641	32
1642	24
1643	28
1644	29
1645	15
1646	20
1647	28
1648	28
1649	26
1650	17
1651	27
1652	27
1653	19
1654	30
1655	27
1656	18
1657	29
1658	15
1659	42
1660	25
1661	28
1662	19
1663	34
1664	15
1665	28
1666	26
1667	19
1668	27
1669	22
1670	23
1671	25
1672	28
1673	24
1674	24
1675	17
1676	30
1677	26
1678	25
1679	21
1680	29
1681	22
1682	25
1683	27
1684	34
1685	19
1686	28
1687	23
1688	25
1689	33
1690	19
1691	32
1692	22
1693	28
1694	24
1695	32
1696	22
1697	25
1698	23
1699	18
1700	21
1701	22
1702	28
1703	20
1704	21
1705	31
1706	22
1707	21
1708	31
1709	31
1710	31
1711	22
1712	26
1713	27
1714	25
1715	29
1716	26
1717	22
1718	37
1719	18
1720	28
1721	31
1722	22
1723	36
1724	33
1725	25
1726	19
1727	30
1728	29
1729	16
1730	29
1731	27
1732	25
1733	26
1734	32
1735	28
1736	25
1737	30
1738	24
1739	21
1740	42
1741	29
1742	17
1743	34
1744	26
1745	36
1746	38
1747	24
1748	31
1749	23
1750	32
1751	31
1752	21
1753	32
1754	27
1755	46
1756	33
1757	43
1758	26
1759	33
1760	26
1761	31
1762	36
1763	33
1764	36
1765	19
1766	25
1767	20
1768	24
1769	36
1770	27
1771	27
1772	37
1773	32
1774	23
1775	23
1776	30
1777	22
1778	30
1779	29
1780	36
1781	35
1782	42
1783	26
1784	26
1785	39
1786	28
1787	35
1788	29
1789	27
1790	30
1791	35
1792	21
1793	23
1794	27
1795	24
1796	39
1797	22
1798	34
1799	28
1800	26
1801	42
1802	32
1803	20
1804	48
1805	32
1806	27
1807	34
1808	35
1809	26
1810	28
1811	29
1812	31
1813	31
1814	37
1815	23
1816	32
1817	46
1818	29
1819	31
1820	26
1821	35
1822	35
1823	43
1824	35
1825	24
1826	31
1827	32
1828	37
1829	26
1830	53
1831	28
1832	25
1833	53
1834	27
1835	37
1836	39
1837	32
1838	36
1839	35
1840	31
1841	38
1842	28
1843	41
1844	33
1845	32
1846	55
1847	37
1848	27
1849	32
1850	16
1851	38
1852	28
1853	38
1854	41
1855	37
1856	33
1857	41
1858	40
1859	46
1860	45
1861	38
1862	50
1863	25
1864	39
1865	52
1866	34
1867	43
1868	50
1869	30
1870	36
1871	42
1872	38
1873	35
1874	49
1875	61
1876	41
1877	32
1878	55
1879	32
1880	48
1881	40
1882	60
1883	46
1884	56
1885	52
1886	44
1887	60
1888	55
1889	55
1890	42
1891	56
1892	71
1893	44
1894	58
1895	48
1896	53
1897	89
1898	47
1899	67
1900	75
1901	64
1902	70
1903	67
1904	53
1905	71
1906	70
1907	69
1908	79
1909	58
1910	104
1911	86
1912	79
1913	102
1914	73
1915	84
1916	100
1917	100
1918	106
1919	104
1920	89
1921	86
1922	116
1923	93
1924	109
1925	87
1926	118
1927	88
1928	105
1929	156
1930	109
1931	107
1932	139
1933	121
1934	112
1935	98
1936	147
1937	107
1938	138
1939	171
1940	156
1941	107
1942	171
1943	112
1944	145
1945	203
1946	112
1947	161
1948	168
1949	163
1950	171
1951	168
1952	145
1953	178
1954	183
1955	159
1956	197
1957	138
1958	194
1959	145
1960	135
1961	203
1962	149
1963	169
1964	182
1965	155
1966	178
1967	110
1968	171
1969	158
1970	171
1971	163
1972	156
1973	125
1974	187
1975	133
1976	147
1977	210
1978	140
1979	167
1980	134
1981	151
1982	150
1983	120
1984	147
1985	141
1986	149
1987	106
1988	146
1989	112
1990	144
1991	74
1992	126
1993	173
1994	98
1995	107
1996	137
1997	125
1998	101
1999	92
2000	95
2001	100
2002	108
2003	103
2004	105
2005	93
2006	103
2007	68
2008	108
2009	115
2010	75
2011	80
2012	99
2013	70
2014	85
2015	76
2016	74
2017	63
2018	62
2019	47
2020	82
2021	68
2022	83
2023	39
2024	60
2025	54
2026	54
2027	41
2028	70
2029	46
2030	47
2031	46
2032	36
2033	44
2034	44
2035	51
2036	47
2037	30
2038	46
2039	26
2040	32
2041	37
2042	27
2043	33
2044	34
2045	40
2046	27
2047	37
2048	35
2049	27
2050	25
2051	30
2052	27
2053	25
2054	25
2055	22
2056	24
2057	36
2058	27
2059	35
2060	31
2061	29
2062	22
2063	18
2064	23
2065	33
2066	25
2067	33
2068	23
2069	19
2070	35
2071	20
2072	20
2073	30
2074	28
2075	29
2076	25
2077	25
2078	15
2079	38
2080	24
2081	12
2082	23
2083	30
2084	23
2085	13
2086	14
2087	28
2088	16
2089	27
2090	14
2091	22
2092	24
2093	29
2094	20
2095	23
2096	16
2097	12
2098	21
2099	37
2100	13
2101	14
2102	30
2103	36
2104	18
2105	32
2106	25
2107	25
2108	23
2109	25
2110	22
2111	20
2112	15
2113	26
2114	28
2115	21
2116	28
2117	28
2118	18
2119	24
2120	31
2121	29
2122	18
2123	29
2124	26
2125	27
2126	23
2127	27
2128	20
2129	31
2130	32
2131	34
2132	23
2133	19
2134	22
2135	14
2136	29
2137	26
2138	24
2139	36
2140	23
2141	18
2142	16
2143	31
2144	30
2145	26
2146	24
2147	31
2148	38
2149	28
2150	32
2151	27
2152	25
2153	37
2154	28
2155	29
2156	28
2157	24
2158	28
2159	28
2160	31
2161	30
2162	34
2163	50
2164	33
2165	27
2166	37
2167	40
2168	24
2169	33
2170	21
2171	34
2172	34
2173	40
2174	36
2175	28
2176	47
2177	44
2178	38
2179	37
2180	41
2181	33
2182	44
2183	39
2184	36
2185	43
2186	35
2187	30
2188	59
2189	35
2190	38
2191	32
2192	37
2193	43
2194	37
2195	61
2196	43
2197	35
2198	49
2199	35
2200	42
2201	55
2202	37
2203	53
2204	44
2205	49
2206	46
2207	60
2208	37
2209	43
2210	54
2211	46
2212	50
2213	35
2214	58
2215	40
2216	32
2217	59
2218	39
2219	52
2220	60
2221	54
2222	42
2223	34
2224	50
2225	41
2226	51
2227	58
2228	43
2229	43
2230	58
2231	38
2232	27
2233	58
2234	24
2235	38
2236	40
2237	42
2238	49
2239	36
2240	43
2241	39
2242	36
2243	40
2244	52
2245	27
2246	45
2247	26
2248	42
2249	41
2250	32
2251	34
2252	52
2253	27
2254	36
2255	26
2256	22
2257	30
2258	45
2259	31
2260	27
2261	28
2262	37
2263	24
2264	29
2265	30
2266	34
2267	39
2268	29
2269	35
2270	36
2271	29
2272	42
2273	35
2274	24
2275	23
2276	34
2277	18
2278	26
2279	23
2280	27
2281	27
2282	24
2283	28
2284	48
2285	25
2286	27
2287	30
2288	20
2289	20
2290	22
2291	24
2292	15
2293	21
2294	26
2295	18
2296	8
2297	15
2298	20
2299	23
2300	17
2301	29
2302	14
2303	16
2304	16
2305	18
2306	15
2307	19
2308	21
2309	19
2310	14
2311	19
2312	31
2313	24
2314	17
2315	16
2316	16
2317	15
2318	14
2319	11
2320	21
2321	14
2322	12
2323	15
2324	10
2325	14
2326	18
2327	14
2328	22
2329	14
2330	15
2331	20
2332	13
2333	12
2334	14
2335	9
2336	13
2337	18
2338	13
2339	17
2340	19
2341	18
2342	20
2343	12
2344	15
2345	16
2346	8
2347	9
2348	19
2349	11
2350	11
2351	16
2352	14
2353	15
2354	14
2355	18
2356	11
2357	12
2358	16
2359	14
2360	11
2361	17
2362	15
2363	20
2364	12
2365	14
2366	15
2367	13
2368	9
2369	13
2370	12
2371	9
2372	13
2373	10
2374	17
2375	12
2376	10
2377	18
2378	14
2379	15
2380	19
2381	18
2382	12
2383	12
2384	12
2385	15
2386	19
2387	10
2388	12
2389	17
2390	21
2391	8
2392	14
2393	23
2394	13
2395	12
2396	13
2397	11
2398	18
2399	18
2400	13
2401	14
2402	10
2403	17
2404	18
2405	14
2406	20
2407	10
2408	8
2409	16
2410	10
2411	7
2412	18
2413	17
2414	18
2415	10
2416	11
2417	8
2418	19
2419	10
2420	18
2421	12
2422	17
2423	11
2424	10
2425	15
2426	8
2427	22
2428	20
2429	13
2430	12
2431	14
2432	10
2433	12
2434	7
2435	20
2436	13
2437	8
2438	14
2439	15
2440	17
2441	16
2442	11
2443	15
2444	5
2445	7
2446	15
2447	7
2448	12
2449	12
2450	11
2451	19
2452	8
2453	9
2454	21
2455	15
2456	14
2457	19
2458	20
2459	7
2460	16
2461	13
2462	19
2463	14
2464	11
2465	17
2466	21
2467	10
2468	18
2469	13
2470	11
2471	9
2472	11
2473	19
2474	7
2475	10
2476	10
2477	8
2478	11
2479	13
2480	13
2481	12
2482	11
2483	14
2484	13
2485	12
2486	13
2487	8
2488	14
2489	15
2490	7
2491	18
2492	8
2493	9
2494	22
2495	6
2496	16
2497	13
2498	13
2499	11
2500	15
2501	11
2502	18
2503	9
2504	15
2505	12
2506	13
2507	15
2508	22
2509	16
2510	15
2511	12
2512	11
2513	12
2514	15
2515	9
2516	16
2517	8
2518	22
2519	7
2520	18
2521	12
2522	10
2523	15
2524	19
2525	12
2526	18
2527	9
2528	12
2529	15
2530	19
2531	18
2532	16
2533	13
2534	20
2535	14
2536	12
2537	16
2538	8
2539	11
2540	19
2541	17
2542	17
2543	8
2544	13
2545	11
2546	17
2547	19
2548	19
2549	16
2550	19
2551	14
2552	18
2553	18
2554	13
2555	22
2556	19
2557	19
2558	17
2559	10
2560	16
2561	19
2562	16
2563	20
2564	17
2565	16
2566	15
2567	12
2568	15
2569	23
2570	8
2571	14
2572	16
2573	19
2574	10
2575	7
2576	14
2577	12
2578	16
2579	9
2580	15
2581	8
2582	13
2583	10
2584	8
2585	14
2586	17
2587	14
2588	15
2589	13
2590	17
2591	8
2592	20
2593	12
2594	11
2595	14
2596	17
2597	20
2598	18
2599	10
2600	3
2601	13
2602	15
2603	12
2604	18
2605	9
2606	15
2607	12
2608	13
2609	8
2610	11
2611	15
2612	7
2613	9
2614	14
2615	12
2616	12
2617	18
2618	7
2619	13
2620	11
2621	12
2622	9
2623	6
2624	14
2625	14
2626	15
2627	13
2628	14
2629	6
2630	15
2631	14
2632	11
2633	9
2634	5
2635	12
2636	11
2637	8
2638	14
2639	8
2640	6
2641	14
2642	12
2643	11
2644	12
2645	15
2646	15
2647	5
2648	6
2649	13
2650	9
2651	12
2652	10
2653	8
2654	7
2655	16
2656	7
2657	11
2658	13
2659	8
2660	11
2661	12
2662	12
2663	10
2664	6
2665	10
2666	7
2667	13
2668	6
2669	7
2670	9
2671	10
2672	7
2673	11
2674	8
2675	11
2676	9
2677	6
2678	14
2679	10
2680	4
2681	9
2682	7
2683	8
2684	7
2685	7
2686	13
2687	7
2688	11
2689	7
2690	7
2691	11
2692	12
2693	9
2694	12
2695	5
2696	10
2697	15
2698	4
2699	8
2700	11
2701	12
2702	9
2703	9
2704	13
2705	13
2706	6
2707	12
2708	10
2709	7
2710	9
2711	6
2712	11
2713	9
2714	9
2715	5
2716	6
2717	10
2718	8
2719	10
2720	4
2721	8
2722	11
2723	1
2724	18
2725	12
2726	10
2727	8
2728	7
2729	8
2730	7
2731	10
2732	9
2733	12
2734	6
2735	6
2736	9
2737	7
2738	5
2739	12
2740	6
2741	10
2742	11
2743	8
2744	8
2745	12
2746	3
2747	10
2748	10
2749	8
2750	15
2751	7
2752	10
2753	7
2754	11
2755	5
2756	12
2757	5
2758	11
2759	5
2760	13
2761	10
2762	12
2763	12
2764	8
2765	8
2766	11
2767	5
2768	6
2769	4
2770	8
2771	15
2772	15
2773	11
2774	11
2775	5
2776	13
2777	12
2778	7
2779	8
2780	8
2781	14
2782	9
2783	6
2784	8
2785	6
2786	8
2787	12
2788	9
2789	7
2790	8
2791	8
2792	9
2793	2
2794	7
2795	5
2796	6
2797	5
2798	7
2799	7
2800	7
2801	5
2802	12
2803	9
2804	6
2805	6
2806	16
2807	9
2808	12
2809	9
2810	1
2811	14
2812	11
2813	8
2814	7
2815	1
2816	9
2817	13
2818	5
2819	8
2820	5
2821	6
2822	8
2823	8
2824	10
2825	13
2826	5
2827	5
2828	8
2829	5
2830	16
2831	7
2832	11
2833	5
2834	15
2835	12
2836	5
2837	12
2838	9
2839	6
2840	4
2841	8
2842	15
2843	7
2844	13
2845	4
2846	10
2847	4
2848	14
2849	12
2850	5
2851	11
2852	10
2853	9
2854	6
2855	6
2856	9
2857	13
2858	2
2859	7
2860	9
2861	11
2862	8
2863	5
2864	10
2865	10
2866	10
2867	7
2868	7
2869	11
2870	6
2871	5
2872	8
2873	16
2874	5
2875	7
2876	5
2877	10
2878	3
2879	6
2880	7
2881	7
2882	9
2883	5
2884	9
2885	6
2886	6
2887	5
2888	9
2889	13
2890	7
2891	4
2892	4
2893	10
2894	10
2895	9
2896	8
2897	10
2898	10
2899	8
2900	5
2901	8
2902	14
2903	3
2904	6
2905	13
2906	7
2907	5
2908	12
2909	6
2910	3
2911	7
2912	7
2913	7
2914	7
2915	5
2916	9
2917	4
2918	6
2919	3
2920	6
2921	10
2922	5
2923	6
2924	10
2925	10
2926	7
2927	4
2928	5
2929	4
2930	6
2931	8
2932	10
2933	3
2934	8
2935	6
2936	7
2937	7
2938	7
2939	6
2940	7
2941	3
2942	4
2943	6
2944	8
2945	7
2946	8
2947	7
2948	8
2949	2
2950	4
2951	2
2952	6
2953	4
2954	4
2955	3
2956	15
2957	4
2958	6
2959	3
2960	4
2961	7
2962	6
2963	7
2964	4
2965	3
2966	10
2967	4
2968	6
2969	3
2970	4
2971	6
2972	7
2973	8
2974	6
2975	4
2976	9
2977	7
2978	2
2979	6
2980	8
2981	9
2982	3
2983	4
2984	5
2985	6
2986	1
2987	6
2988	7
2989	8
2990	9
2991	5
2992	5
2993	3
2994	3
2995	2
2996	9
2997	3
2998	9
2999	5
3000	8
3001	6
3002	3
3003	6
3004	7
3005	3
3006	7
3007	6
3008	8
3009	6
3010	5
3011	6
3012	11
3013	4
3014	5
3015	4
3016	3
3017	5
3018	9
3019	8
3020	7
3021	6
3022	5
3023	4
3024	7
3025	3
3026	3
3027	2
3028	8
3029	4
3030	2
3031	3
3032	11
3033	3
3034	4
3035	4
3036	1
3037	6
3038	2
3039	4
3040	6
3041	4
3042	4
3043	8
3044	11
3045	5
3046	6
3047	4
3048	3
3049	5
3050	4
3051	2
3052	4
3053	3
3054	3
3055	5
3056	6
3057	4
3058	7
3059	3
3060	3
3061	3
3062	2
3063	2
3064	4
3065	5
3066	3
3067	8
3068	5
3069	6
3070	6
3071	3
3072	7
3073	4
3074	3
3075	6
3076	6
3077	1
3078	7
3079	3
3080	3
3081	4
3082	6
3083	2
3084	7
3085	3
3086	6
3087	6
3088	5
3089	0
3090	1
3091	5
3092	4
3093	8
3094	8
3095	5
3096	5
3097	4
3098	5
3099	4
3100	5
3101	6
3102	4
3103	10
3104	5
3105	7
3106	3
3107	1
3108	4
3109	2
3110	5
3111	2
3112	1
3113	6
3114	2
3115	5
3116	5
3117	8
3118	1
3119	1
3120	6
3121	4
3122	6
3123	4
3124	4
3125	2
3126	2
3127	9
3128	3
3129	3
3130	4
3131	7
3132	6
3133	2
3134	3
3135	4
3136	3
3137	6
3138	3
3139	5
3140	3
3141	1
3142	8
3143	2
3144	4
3145	4
3146	3
3147	4
3148	2
3149	6
3150	6
3151	4
3152	5
3153	4
3154	3
3155	5
3156	0
3157	6
3158	1
3159	5
3160	6
3161	6
3162	5
3163	8
3164	3
3165	6
3166	6
3167	2
3168	3
3169	4
3170	8
3171	3
3172	3
3173	3
3174	5
3175	5
3176	3
3177	5
3178	1
3179	3
3180	4
3181	4
3182	4
3183	5
3184	3
3185	5
3186	3
3187	5
3188	3
3189	2
3190	4
3191	4
3192	3
3193	1
3194	4
3195	8
3196	5
3197	5
3198	3
3199	4
3200	9
3201	1
3202	6
3203	4
3204	5
3205	1
3206	3
3207	1
3208	0
3209	4
3210	1
3211	3
3212	4
3213	8
3214	5
3215	3
3216	6
3217	1
3218	8
3219	3
3220	4
3221	0
3222	3
3223	4
3224	7
3225	3
3226	7
3227	10
3228	5
3229	3
3230	3
3231	3
3232	3
3233	4
3234	6
3235	5
3236	6
3237	3
3238	6
3239	3
3240	3
3241	4
3242	3
3243	1
3244	2
3245	2
3246	3
3247	1
3248	0
3249	7
3250	2
3251	1
3252	4
3253	2
3254	8
3255	1
3256	5
3257	3
3258	0
3259	5
3260	0
3261	7
3262	7
3263	0
3264	0
3265	3
3266	5
3267	4
3268	2
3269	0
3270	2
3271	0
3272	5
3273	1
3274	1
3275	5
3276	2
3277	4
3278	6
3279	4
3280	2
3281	5
3282	4
3283	1
3284	4
3285	4
3286	6
3287	3
3288	4
3289	4
3290	2
3291	1
3292	5
3293	1
3294	2
3295	5
3296	2
3297	4
3298	6
3299	1
3300	6
3301	5
3302	4
3303	3
3304	1
3305	5
3306	4
3307	1
3308	9
3309	3
3310	6
3311	3
3312	2
3313	4
3314	2
3315	3
3316	1
3317	4
3318	2
3319	5
3320	3
3321	7
3322	1
3323	0
3324	5
3325	1
3326	0
3327	2
3328	5
3329	1
3330	0
3331	0
3332	7
3333	0
3334	2
3335	5
3336	1
3337	2
3338	1
3339	0
3340	5
3341	4
3342	4
3343	1
3344	2
3345	4
3346	3
3347	2
3348	3
3349	5
3350	3
3351	1
3352	6
3353	4
3354	2
3355	3
3356	2
3357	3
3358	0
3359	2
3360	4
3361	1
3362	3
3363	3
3364	4
3365	1
3366	4
3367	3
3368	1
3369	4
3370	2
3371	3
3372	4
3373	4
3374	0
3375	1
3376	4
3377	2
3378	4
3379	2
3380	2
3381	0
3382	2
3383	2
3384	3
3385	4
3386	2
3387	0
3388	2
3389	1
3390	3
3391	1
3392	1
3393	6
3394	3
3395	0
3396	2
3397	2
3398	2
3399	3
3400	1
3401	1
3402	0
3403	2
3404	6
3405	2
3406	4
3407	0
3408	0
3409	1
3410	2
3411	2
3412	1
3413	2
3414	2
3415	1
3416	1
3417	2
3418	0
3419	4
3420	0
3421	3
3422	2
3423	2
3424	4
3425	1
3426	1
3427	3
3428	3
3429	3
3430	3
3431	1
3432	2
3433	2
3434	0
3435	2
3436	1
3437	1
3438	1
3439	4
3440	3
3441	1
3442	4
3443	1
3444	2
3445	1
3446	4
3447	1
3448	2
3449	0
3450	1
3451	2
3452	2
3453	4
3454	3
3455	4
3456	2
3457	4
3458	1
3459	3
3460	1
3461	2
3462	1
3463	3
3464	1
3465	1
3466	2
3467	3
3468	6
3469	0
3470	1
3471	1
3472	0
3473	0
3474	2
3475	1
3476	3
3477	2
3478	4
3479	2
3480	4
3481	1
3482	0
3483	2
3484	2
3485	2
3486	3
3487	0
3488	1
3489	0
3490	2
3491	0
3492	4
3493	3
3494	3
3495	2
3496	1
3497	4
3498	3
3499	0
3500	3
3501	2
3502	2
3503	0
3504	3
3505	3
3506	2
3507	1
3508	1
3509	1
3510	2
3511	3
3512	2
3513	3
3514	4
3515	3
3516	2
3517	0
3518	2
3519	1
3520	0
3521	4
3522	1
3523	2
3524	4
3525	0
3526	1
3527	1
3528	3
3529	3
3530	0
3531	3
3532	1
3533	1
3534	5
3535	2
3536	1
3537	2
3538	1
3539	2
3540	2
3541	0
3542	3
3543	2
3544	3
3545	0
3546	2
3547	2
3548	5
3549	3
3550	1
3551	1
3552	0
3553	1
3554	1
3555	1
3556	2
3557	1
3558	1
3559	4
3560	3
3561	0
3562	2
3563	0
3564	1
3565	1
3566	1
3567	1
3568	1
3569	0
3570	0
3571	6
3572	3
3573	3
3574	2
3575	2
3576	1
3577	0
3578	2
3579	3
3580	1
3581	0
3582	0
3583	1
3584	1
3585	0
3586	0
3587	2
3588	1
3589	0
3590	2
3591	1
3592	0
3593	2
3594	2
3595	1
3596	3
3597	1
3598	2
3599	0
3600	0
3601	0
3602	0
3603	1
3604	2
3605	0
3606	1
3607	0
3608	1
3609	2
3610	2
3611	3
3612	1
3613	1
3614	0
3615	0
3616	2
3617	1
3618	1
3619	0
3620	3
3621	2
3622	3
3623	1
3624	0
3625	0
3626	1
3627	1
3628	1
3629	1
3630	1
3631	1
3632	4
3633	1
3634	1
3635	2
3636	1
3637	1
3638	0
3639	1
3640	1
3641	0
3642	1
3643	2
3644	0
3645	0
3646	1
3647	0
3648	2
3649	0
3650	2
3651	1
3652	1
3653	0
3654	5
3655	0
3656	0
3657	0
3658	0
3659	2
3660	2
3661	2
3662	2
3663	1
3664	3
3665	1
3666	5
3667	1
3668	0
3669	0
3670	4
3671	0
3672	1
3673	1
3674	0
3675	0
3676	2
3677	2
3678	2
3679	2
3680	1
3681	1
3682	0
3683	0
3684	1
3685	0
3686	1
3687	1
3688	0
3689	3
3690	0
3691	1
3692	1
3693	0
3694	0
3695	1
3696	1
3697	1
3698	0
3699	0
3700	2
3701	1
3702	0
3703	1
3704	0
3705	1
3706	0
3707	1
3708	1
3709	0
3710	1
3711	0
3712	0
3713	0
3714	0
3715	0
3716	1
3717	0
3718	2
3719	0
3720	2
3721	0
3722	1
3723	1
3724	0
3725	0
3726	1
3727	1
3728	2
3729	0
3730	1
3731	0
3732	2
3733	1
3734	1
3735	0
3736	0
3737	1
3738	1
3739	2
3740	2
3741	0
3742	1
3743	2
3744	1
3745	2
3746	0
3747	1
3748	2
3749	0
3750	0
3751	0
3752	1
3753	0
3754	0
3755	0
3756	1
3757	0
3758	0
3759	0
3760	0
3761	0
3762	0
3763	0
3764	1
3765	0
3766	0
3767	0
3768	2
3769	0
3770	0
3771	2
3772	1
3773	1
3774	2
3775	0
3776	2
3777	1
3778	1
3779	1
3780	1
3781	1
3782	0
3783	0
3784	0
3785	0
3786	0
3787	0
3788	0
3789	0
3790	0
3791	0
3792	0
3793	3
3794	1
3795	0
3796	0
3797	2
3798	0
3799	0
3800	1
3801	2
3802	1
3803	0
3804	1
3805	1
3806	1
3807	0
3808	1
3809	0
3810	1
3811	0
3812	1
3813	1
3814	1
3815	0
3816	1
3817	1
3818	0
3819	0
3820	0
3821	0
3822	0
3823	1
3824	0
3825	0
3826	0
3827	0
3828	0
3829	1
3830	0
3831	1
3832	0
3833	0
3834	2
3835	0
3836	0
3837	0
3838	1
3839	1
3840	0
3841	0
3842	0
3843	0
3844	1
3845	0
3846	0
3847	0
3848	0
3849	0
3850	0
3851	0
3852	0
3853	0
3854	1
3855	0
3856	0
3857	0
3858	0
3859	0
3860	0
3861	0
3862	0
3863	0
3864	0
3865	1
3866	0
3867	2
3868	1
3869	0
3870	1
3871	1
3872	0
3873	0
3874	0
3875	0
3876	1
3877	0
3878	0
3879	1
3880	0
3881	0
3882	0
3883	0
3884	0
3885	0
3886	0
3887	1
3888	0
3889	0
3890	0
3891	0
3892	0
3893	0
3894	0
3895	0
3896	0
3897	0
3898	0
3899	0
3900	0
3901	0
3902	0
3903	0
3904	0
3905	0
3906	0
3907	0
3908	0
3909	0
3910	0
3911	0
3912	0
3913	0
3914	1
3915	0
3916	0
3917	0
3918	0
3919	0
3920	1
3921	0
3922	0
3923	0
3924	0
3925	0
3926	0
3927	0
3928	0
3929	1
3930	1
3931	0
3932	0
3933	0
3934	0
3935	0
3936	0
3937	0
3938	0
3939	0
3940	0
3941	0
3942	1
3943	0
3944	1
3945	1
3946	0
3947	0
3948	0
3949	0
3950	0
3951	0
3952	0
3953	0
3954	0
3955	1
3956	0
3957	0
3958	1
3959	0
3960	0
3961	0
3962	0
3963	0
3964	0
3965	0
3966	0
3967	0
3968	0
3969	0
3970	0
3971	0
3972	0
3973	0
3974	0
3975	0
3976	1
3977	0
3978	0
3979	0
3980	0
3981	0
3982	0
3983	0
3984	0
3985	0
3986	1
3987	0
3988	0
3989	0
3990	0
3991	0
3992	0
3993	0
3994	0
3995	0
3996	0
3997	0
3998	0
3999	0
4000	0
