Channel number	Impulses
Channel/#	Impulses/#

0	0
1	0
2	0
3	0
4	0
5	0
6	0
7	0
8	0
9	0
10	0
11	0
12	0
13	0
14	0
15	0
16	0
17	0
18	0
19	0
20	0
21	0
22	0
23	0
24	0
25	0
26	0
27	0
28	0
29	0
30	0
31	0
32	0
33	0
34	0
35	0
36	0
37	0
38	0
39	0
40	0
41	0
42	0
43	1
44	0
45	1
46	1
47	5
48	9
49	6
50	11
51	16
52	17
53	23
54	17
55	26
56	9
57	22
58	18
59	20
60	14
61	23
62	21
63	27
64	10
65	16
66	22
67	23
68	11
69	18
70	18
71	17
72	12
73	31
74	15
75	16
76	17
77	16
78	18
79	28
80	8
81	18
82	11
83	25
84	24
85	13
86	26
87	20
88	16
89	20
90	11
91	29
92	12
93	12
94	18
95	24
96	8
97	22
98	12
99	18
100	9
101	15
102	21
103	18
104	12
105	9
106	13
107	13
108	13
109	15
110	17
111	24
112	4
113	20
114	10
115	14
116	14
117	12
118	13
119	16
120	13
121	13
122	12
123	23
124	16
125	22
126	7
127	41
128	10
129	17
130	16
131	10
132	8
133	10
134	12
135	13
136	14
137	17
138	8
139	14
140	13
141	13
142	14
143	19
144	10
145	7
146	8
147	16
148	10
149	12
150	15
151	23
152	11
153	14
154	12
155	18
156	16
157	11
158	9
159	29
160	6
161	9
162	10
163	10
164	11
165	9
166	16
167	10
168	7
169	17
170	10
171	9
172	17
173	12
174	10
175	17
176	6
177	14
178	14
179	14
180	9
181	11
182	12
183	16
184	6
185	11
186	10
187	14
188	9
189	12
190	11
191	15
192	3
193	15
194	8
195	9
196	17
197	16
198	8
199	22
200	11
201	12
202	15
203	13
204	2
205	20
206	12
207	11
208	8
209	11
210	14
211	18
212	4
213	11
214	13
215	10
216	8
217	7
218	8
219	7
220	6
221	9
222	9
223	13
224	3
225	10
226	9
227	9
228	8
229	14
230	8
231	11
232	13
233	14
234	12
235	12
236	8
237	10
238	13
239	10
240	8
241	12
242	10
243	15
244	9
245	6
246	14
247	7
248	6
249	13
250	10
251	11
252	9
253	4
254	5
255	20
256	7
257	11
258	7
259	12
260	8
261	10
262	13
263	6
264	10
265	7
266	13
267	10
268	8
269	13
270	13
271	11
272	6
273	8
274	9
275	9
276	10
277	7
278	8
279	5
280	7
281	15
282	8
283	5
284	10
285	7
286	10
287	18
288	8
289	14
290	10
291	6
292	9
293	7
294	12
295	9
296	1
297	7
298	10
299	8
300	4
301	10
302	8
303	10
304	4
305	9
306	10
307	12
308	8
309	10
310	8
311	12
312	4
313	5
314	2
315	7
316	6
317	9
318	8
319	16
320	3
321	11
322	9
323	8
324	11
325	5
326	6
327	13
328	7
329	13
330	6
331	15
332	6
333	4
334	9
335	7
336	5
337	13
338	7
339	11
340	5
341	8
342	6
343	6
344	6
345	10
346	7
347	9
348	8
349	14
350	7
351	5
352	1
353	9
354	12
355	7
356	3
357	9
358	3
359	11
360	6
361	6
362	7
363	6
364	7
365	6
366	6
367	11
368	6
369	9
370	9
371	5
372	5
373	6
374	10
375	7
376	10
377	8
378	6
379	5
380	5
381	2
382	13
383	21
384	4
385	10
386	9
387	4
388	6
389	10
390	8
391	3
392	8
393	9
394	9
395	10
396	11
397	6
398	12
399	10
400	4
401	5
402	4
403	7
404	6
405	8
406	14
407	8
408	6
409	8
410	9
411	9
412	7
413	4
414	7
415	12
416	6
417	7
418	9
419	9
420	7
421	4
422	10
423	11
424	10
425	8
426	3
427	2
428	9
429	7
430	4
431	8
432	5
433	5
434	6
435	15
436	4
437	6
438	2
439	11
440	8
441	8
442	5
443	15
444	7
445	11
446	8
447	15
448	5
449	4
450	12
451	5
452	8
453	4
454	1
455	4
456	9
457	7
458	7
459	5
460	6
461	10
462	7
463	5
464	10
465	5
466	6
467	7
468	9
469	12
470	4
471	4
472	1
473	14
474	8
475	4
476	8
477	4
478	7
479	13
480	4
481	5
482	11
483	8
484	4
485	7
486	9
487	6
488	6
489	6
490	1
491	8
492	8
493	5
494	6
495	6
496	5
497	4
498	4
499	14
500	9
501	4
502	7
503	11
504	6
505	8
506	3
507	3
508	4
509	3
510	4
511	12
512	2
513	6
514	5
515	9
516	7
517	5
518	2
519	10
520	4
521	9
522	8
523	6
524	7
525	6
526	4
527	9
528	4
529	4
530	8
531	7
532	2
533	3
534	5
535	5
536	2
537	6
538	4
539	7
540	5
541	5
542	7
543	9
544	4
545	5
546	8
547	10
548	8
549	9
550	5
551	4
552	2
553	9
554	3
555	9
556	4
557	7
558	8
559	3
560	7
561	2
562	8
563	3
564	3
565	2
566	5
567	14
568	6
569	8
570	5
571	10
572	5
573	3
574	4
575	4
576	0
577	4
578	3
579	6
580	3
581	4
582	4
583	4
584	5
585	12
586	3
587	6
588	9
589	7
590	5
591	12
592	2
593	7
594	4
595	14
596	1
597	6
598	8
599	3
600	7
601	11
602	12
603	4
604	3
605	8
606	3
607	18
608	0
609	5
610	7
611	5
612	6
613	6
614	3
615	7
616	4
617	7
618	10
619	6
620	4
621	6
622	12
623	9
624	5
625	3
626	6
627	7
628	2
629	7
630	5
631	3
632	9
633	9
634	1
635	5
636	5
637	5
638	9
639	7
640	1
641	4
642	1
643	7
644	10
645	4
646	2
647	9
648	5
649	5
650	2
651	2
652	5
653	7
654	8
655	8
656	7
657	6
658	10
659	6
660	9
661	4
662	7
663	9
664	1
665	7
666	7
667	4
668	6
669	5
670	9
671	5
672	6
673	4
674	2
675	9
676	11
677	6
678	10
679	6
680	6
681	8
682	6
683	9
684	7
685	7
686	6
687	7
688	6
689	4
690	5
691	9
692	5
693	4
694	9
695	7
696	7
697	10
698	6
699	9
700	6
701	5
702	11
703	10
704	2
705	4
706	4
707	9
708	8
709	2
710	1
711	7
712	2
713	12
714	4
715	6
716	5
717	5
718	6
719	7
720	5
721	8
722	3
723	9
724	7
725	6
726	7
727	7
728	11
729	3
730	6
731	8
732	4
733	7
734	7
735	15
736	10
737	4
738	12
739	8
740	7
741	9
742	8
743	8
744	4
745	7
746	11
747	10
748	3
749	2
750	5
751	7
752	5
753	6
754	6
755	11
756	6
757	6
758	6
759	9
760	8
761	8
762	9
763	6
764	7
765	4
766	5
767	16
768	2
769	6
770	13
771	16
772	8
773	5
774	12
775	12
776	11
777	7
778	8
779	3
780	10
781	8
782	13
783	12
784	9
785	10
786	5
787	10
788	13
789	8
790	9
791	5
792	11
793	10
794	6
795	8
796	8
797	5
798	10
799	9
800	8
801	10
802	13
803	6
804	7
805	2
806	3
807	13
808	8
809	5
810	5
811	7
812	12
813	11
814	16
815	14
816	5
817	17
818	12
819	8
820	8
821	11
822	14
823	10
824	12
825	13
826	9
827	11
828	10
829	8
830	11
831	10
832	11
833	14
834	8
835	13
836	15
837	16
838	9
839	12
840	12
841	12
842	5
843	24
844	14
845	11
846	9
847	18
848	12
849	12
850	22
851	15
852	12
853	8
854	15
855	9
856	11
857	19
858	14
859	9
860	10
861	14
862	21
863	11
864	11
865	9
866	12
867	12
868	13
869	8
870	15
871	13
872	11
873	14
874	10
875	12
876	17
877	16
878	16
879	11
880	6
881	14
882	16
883	12
884	16
885	8
886	12
887	17
888	9
889	15
890	11
891	12
892	13
893	8
894	14
895	15
896	3
897	10
898	18
899	21
900	17
901	8
902	13
903	5
904	17
905	17
906	5
907	17
908	11
909	14
910	9
911	14
912	6
913	18
914	14
915	16
916	13
917	8
918	11
919	6
920	6
921	17
922	12
923	12
924	20
925	10
926	15
927	16
928	7
929	8
930	12
931	9
932	18
933	13
934	21
935	12
936	4
937	14
938	16
939	12
940	10
941	10
942	15
943	14
944	10
945	20
946	13
947	19
948	13
949	12
950	15
951	9
952	5
953	20
954	7
955	19
956	14
957	14
958	13
959	21
960	5
961	8
962	14
963	9
964	15
965	8
966	13
967	13
968	19
969	15
970	16
971	20
972	18
973	13
974	17
975	16
976	10
977	16
978	14
979	13
980	13
981	11
982	18
983	8
984	7
985	14
986	7
987	11
988	13
989	15
990	13
991	17
992	8
993	13
994	11
995	14
996	18
997	9
998	20
999	12
1000	19
1001	19
1002	5
1003	14
1004	12
1005	7
1006	12
1007	11
1008	7
1009	8
1010	18
1011	21
1012	20
1013	8
1014	17
1015	13
1016	6
1017	20
1018	13
1019	14
1020	16
1021	18
1022	10
1023	20
1024	4
1025	16
1026	14
1027	13
1028	16
1029	10
1030	21
1031	20
1032	13
1033	14
1034	13
1035	13
1036	14
1037	23
1038	11
1039	16
1040	7
1041	14
1042	13
1043	23
1044	8
1045	15
1046	20
1047	17
1048	13
1049	16
1050	21
1051	16
1052	12
1053	22
1054	11
1055	20
1056	5
1057	7
1058	12
1059	14
1060	12
1061	13
1062	20
1063	19
1064	7
1065	19
1066	14
1067	16
1068	12
1069	15
1070	13
1071	9
1072	12
1073	15
1074	10
1075	23
1076	10
1077	7
1078	8
1079	21
1080	11
1081	12
1082	10
1083	19
1084	15
1085	9
1086	14
1087	15
1088	8
1089	12
1090	14
1091	16
1092	24
1093	12
1094	18
1095	16
1096	6
1097	11
1098	15
1099	7
1100	20
1101	19
1102	9
1103	15
1104	6
1105	11
1106	15
1107	15
1108	8
1109	12
1110	14
1111	12
1112	6
1113	12
1114	10
1115	18
1116	9
1117	14
1118	9
1119	22
1120	12
1121	12
1122	15
1123	15
1124	13
1125	11
1126	8
1127	15
1128	3
1129	14
1130	12
1131	9
1132	14
1133	10
1134	20
1135	9
1136	11
1137	13
1138	15
1139	19
1140	14
1141	12
1142	16
1143	19
1144	9
1145	18
1146	9
1147	17
1148	10
1149	15
1150	10
1151	30
1152	4
1153	9
1154	20
1155	14
1156	14
1157	11
1158	16
1159	12
1160	16
1161	19
1162	11
1163	16
1164	11
1165	12
1166	10
1167	15
1168	12
1169	8
1170	22
1171	17
1172	14
1173	13
1174	24
1175	9
1176	7
1177	17
1178	12
1179	20
1180	11
1181	15
1182	15
1183	20
1184	6
1185	18
1186	13
1187	21
1188	17
1189	11
1190	20
1191	9
1192	12
1193	14
1194	13
1195	19
1196	13
1197	15
1198	15
1199	14
1200	14
1201	19
1202	11
1203	23
1204	12
1205	16
1206	16
1207	11
1208	9
1209	22
1210	9
1211	10
1212	12
1213	20
1214	10
1215	27
1216	8
1217	14
1218	17
1219	16
1220	15
1221	14
1222	27
1223	23
1224	10
1225	14
1226	10
1227	14
1228	19
1229	15
1230	13
1231	18
1232	15
1233	22
1234	19
1235	22
1236	17
1237	17
1238	22
1239	21
1240	9
1241	24
1242	20
1243	17
1244	20
1245	20
1246	21
1247	34
1248	9
1249	18
1250	18
1251	15
1252	15
1253	15
1254	21
1255	18
1256	12
1257	14
1258	20
1259	15
1260	21
1261	19
1262	23
1263	22
1264	11
1265	15
1266	20
1267	17
1268	27
1269	27
1270	15
1271	15
1272	10
1273	16
1274	19
1275	27
1276	20
1277	19
1278	12
1279	41
1280	12
1281	17
1282	20
1283	18
1284	26
1285	22
1286	26
1287	24
1288	13
1289	24
1290	15
1291	31
1292	19
1293	14
1294	22
1295	24
1296	20
1297	14
1298	20
1299	24
1300	17
1301	21
1302	12
1303	19
1304	18
1305	28
1306	23
1307	16
1308	25
1309	13
1310	21
1311	28
1312	11
1313	18
1314	21
1315	28
1316	28
1317	18
1318	21
1319	24
1320	16
1321	16
1322	13
1323	19
1324	22
1325	23
1326	11
1327	20
1328	17
1329	29
1330	16
1331	22
1332	23
1333	17
1334	13
1335	21
1336	16
1337	22
1338	15
1339	28
1340	27
1341	29
1342	16
1343	28
1344	9
1345	23
1346	19
1347	26
1348	24
1349	23
1350	34
1351	19
1352	21
1353	22
1354	27
1355	27
1356	19
1357	28
1358	25
1359	32
1360	16
1361	24
1362	28
1363	24
1364	21
1365	23
1366	30
1367	19
1368	20
1369	25
1370	24
1371	20
1372	23
1373	24
1374	22
1375	19
1376	15
1377	26
1378	18
1379	27
1380	23
1381	18
1382	25
1383	29
1384	24
1385	30
1386	23
1387	25
1388	29
1389	32
1390	28
1391	31
1392	16
1393	21
1394	27
1395	27
1396	22
1397	8
1398	22
1399	16
1400	24
1401	19
1402	26
1403	34
1404	23
1405	25
1406	17
1407	40
1408	21
1409	21
1410	33
1411	23
1412	20
1413	29
1414	29
1415	26
1416	29
1417	34
1418	21
1419	22
1420	28
1421	28
1422	25
1423	26
1424	29
1425	17
1426	33
1427	30
1428	27
1429	21
1430	28
1431	13
1432	22
1433	30
1434	20
1435	42
1436	23
1437	26
1438	24
1439	41
1440	23
1441	23
1442	32
1443	32
1444	38
1445	26
1446	40
1447	30
1448	26
1449	24
1450	25
1451	30
1452	35
1453	32
1454	28
1455	25
1456	28
1457	28
1458	35
1459	34
1460	36
1461	23
1462	45
1463	34
1464	20
1465	29
1466	27
1467	38
1468	27
1469	33
1470	27
1471	43
1472	19
1473	31
1474	23
1475	37
1476	35
1477	25
1478	36
1479	41
1480	29
1481	37
1482	26
1483	27
1484	34
1485	24
1486	27
1487	33
1488	23
1489	25
1490	36
1491	35
1492	28
1493	22
1494	41
1495	21
1496	39
1497	27
1498	23
1499	41
1500	27
1501	27
1502	30
1503	37
1504	31
1505	29
1506	32
1507	37
1508	40
1509	20
1510	36
1511	28
1512	34
1513	37
1514	33
1515	16
1516	29
1517	36
1518	30
1519	32
1520	25
1521	43
1522	38
1523	34
1524	35
1525	19
1526	37
1527	27
1528	26
1529	42
1530	31
1531	31
1532	27
1533	23
1534	25
1535	47
1536	24
1537	35
1538	31
1539	27
1540	41
1541	34
1542	39
1543	38
1544	26
1545	38
1546	20
1547	33
1548	43
1549	38
1550	38
1551	35
1552	27
1553	36
1554	34
1555	30
1556	26
1557	24
1558	41
1559	37
1560	34
1561	34
1562	35
1563	38
1564	39
1565	40
1566	40
1567	38
1568	17
1569	21
1570	31
1571	37
1572	43
1573	30
1574	49
1575	29
1576	25
1577	42
1578	30
1579	39
1580	33
1581	38
1582	33
1583	27
1584	31
1585	29
1586	31
1587	27
1588	23
1589	37
1590	56
1591	42
1592	19
1593	41
1594	22
1595	43
1596	29
1597	32
1598	31
1599	44
1600	27
1601	35
1602	33
1603	38
1604	34
1605	30
1606	34
1607	38
1608	29
1609	38
1610	25
1611	45
1612	32
1613	31
1614	29
1615	29
1616	17
1617	17
1618	33
1619	46
1620	42
1621	28
1622	37
1623	30
1624	24
1625	36
1626	35
1627	43
1628	26
1629	37
1630	38
1631	48
1632	15
1633	27
1634	38
1635	26
1636	43
1637	21
1638	41
1639	41
1640	24
1641	38
1642	20
1643	28
1644	39
1645	35
1646	40
1647	35
1648	28
1649	49
1650	38
1651	58
1652	38
1653	27
1654	34
1655	37
1656	25
1657	48
1658	27
1659	39
1660	56
1661	35
1662	33
1663	37
1664	19
1665	41
1666	25
1667	36
1668	34
1669	29
1670	49
1671	33
1672	33
1673	39
1674	31
1675	33
1676	52
1677	42
1678	33
1679	38
1680	26
1681	37
1682	35
1683	35
1684	38
1685	37
1686	38
1687	34
1688	45
1689	43
1690	22
1691	35
1692	33
1693	33
1694	37
1695	60
1696	20
1697	35
1698	32
1699	36
1700	46
1701	32
1702	43
1703	35
1704	26
1705	35
1706	25
1707	35
1708	46
1709	30
1710	30
1711	39
1712	30
1713	33
1714	33
1715	37
1716	47
1717	29
1718	39
1719	41
1720	41
1721	39
1722	27
1723	50
1724	26
1725	40
1726	23
1727	29
1728	30
1729	36
1730	33
1731	24
1732	47
1733	22
1734	50
1735	38
1736	35
1737	33
1738	27
1739	31
1740	42
1741	37
1742	46
1743	33
1744	30
1745	37
1746	40
1747	27
1748	37
1749	25
1750	47
1751	32
1752	37
1753	40
1754	32
1755	42
1756	47
1757	35
1758	30
1759	33
1760	27
1761	33
1762	25
1763	26
1764	43
1765	33
1766	38
1767	22
1768	33
1769	41
1770	23
1771	47
1772	39
1773	31
1774	33
1775	31
1776	34
1777	29
1778	34
1779	39
1780	29
1781	25
1782	35
1783	38
1784	44
1785	41
1786	39
1787	42
1788	38
1789	39
1790	52
1791	43
1792	26
1793	40
1794	38
1795	37
1796	41
1797	21
1798	44
1799	34
1800	42
1801	49
1802	27
1803	34
1804	36
1805	36
1806	32
1807	33
1808	40
1809	37
1810	39
1811	37
1812	42
1813	29
1814	45
1815	30
1816	27
1817	56
1818	36
1819	55
1820	28
1821	40
1822	32
1823	44
1824	38
1825	45
1826	45
1827	29
1828	32
1829	27
1830	50
1831	53
1832	28
1833	56
1834	32
1835	34
1836	45
1837	34
1838	55
1839	39
1840	40
1841	33
1842	32
1843	36
1844	34
1845	32
1846	49
1847	40
1848	33
1849	34
1850	36
1851	55
1852	39
1853	35
1854	50
1855	35
1856	33
1857	37
1858	48
1859	38
1860	43
1861	30
1862	41
1863	25
1864	39
1865	48
1866	34
1867	36
1868	60
1869	51
1870	60
1871	29
1872	26
1873	43
1874	36
1875	45
1876	42
1877	44
1878	44
1879	34
1880	50
1881	50
1882	33
1883	39
1884	57
1885	41
1886	38
1887	31
1888	36
1889	35
1890	49
1891	41
1892	51
1893	37
1894	47
1895	44
1896	39
1897	45
1898	45
1899	39
1900	55
1901	52
1902	37
1903	53
1904	42
1905	49
1906	44
1907	64
1908	47
1909	39
1910	56
1911	43
1912	48
1913	53
1914	52
1915	49
1916	47
1917	41
1918	57
1919	65
1920	53
1921	67
1922	60
1923	50
1924	53
1925	58
1926	91
1927	48
1928	72
1929	93
1930	65
1931	75
1932	95
1933	94
1934	76
1935	71
1936	90
1937	99
1938	96
1939	106
1940	82
1941	75
1942	143
1943	87
1944	88
1945	153
1946	102
1947	123
1948	137
1949	127
1950	121
1951	167
1952	109
1953	140
1954	153
1955	151
1956	216
1957	139
1958	225
1959	173
1960	162
1961	206
1962	161
1963	187
1964	237
1965	226
1966	217
1967	163
1968	229
1969	199
1970	230
1971	253
1972	264
1973	197
1974	302
1975	227
1976	270
1977	298
1978	235
1979	286
1980	308
1981	256
1982	286
1983	235
1984	290
1985	283
1986	287
1987	254
1988	340
1989	240
1990	312
1991	175
1992	308
1993	314
1994	213
1995	252
1996	356
1997	262
1998	237
1999	221
2000	240
2001	257
2002	269
2003	265
2004	247
2005	207
2006	289
2007	170
2008	228
2009	269
2010	171
2011	241
2012	201
2013	198
2014	222
2015	206
2016	202
2017	196
2018	194
2019	129
2020	214
2021	121
2022	188
2023	129
2024	125
2025	147
2026	100
2027	128
2028	142
2029	117
2030	118
2031	101
2032	101
2033	113
2034	119
2035	94
2036	98
2037	59
2038	98
2039	74
2040	67
2041	80
2042	65
2043	69
2044	58
2045	62
2046	52
2047	69
2048	42
2049	69
2050	62
2051	52
2052	54
2053	43
2054	46
2055	42
2056	44
2057	47
2058	43
2059	50
2060	54
2061	50
2062	37
2063	37
2064	29
2065	34
2066	27
2067	47
2068	32
2069	22
2070	37
2071	45
2072	37
2073	31
2074	30
2075	37
2076	23
2077	40
2078	33
2079	45
2080	25
2081	25
2082	31
2083	30
2084	32
2085	28
2086	32
2087	27
2088	28
2089	51
2090	25
2091	24
2092	37
2093	27
2094	23
2095	24
2096	34
2097	44
2098	34
2099	40
2100	22
2101	30
2102	37
2103	34
2104	17
2105	49
2106	30
2107	42
2108	37
2109	29
2110	25
2111	37
2112	20
2113	19
2114	32
2115	21
2116	35
2117	31
2118	36
2119	32
2120	26
2121	27
2122	20
2123	39
2124	39
2125	23
2126	32
2127	25
2128	22
2129	30
2130	30
2131	33
2132	36
2133	19
2134	41
2135	24
2136	37
2137	43
2138	22
2139	31
2140	35
2141	42
2142	38
2143	30
2144	23
2145	25
2146	31
2147	28
2148	39
2149	26
2150	28
2151	33
2152	31
2153	39
2154	23
2155	22
2156	35
2157	29
2158	36
2159	39
2160	20
2161	30
2162	35
2163	33
2164	20
2165	20
2166	52
2167	33
2168	30
2169	34
2170	28
2171	33
2172	30
2173	30
2174	41
2175	34
2176	35
2177	38
2178	32
2179	40
2180	41
2181	24
2182	34
2183	26
2184	27
2185	44
2186	23
2187	45
2188	43
2189	35
2190	35
2191	25
2192	29
2193	40
2194	34
2195	44
2196	32
2197	35
2198	53
2199	35
2200	48
2201	42
2202	26
2203	58
2204	49
2205	52
2206	49
2207	57
2208	38
2209	50
2210	45
2211	48
2212	57
2213	43
2214	66
2215	49
2216	39
2217	59
2218	39
2219	56
2220	63
2221	56
2222	63
2223	56
2224	75
2225	53
2226	76
2227	66
2228	50
2229	54
2230	63
2231	56
2232	56
2233	75
2234	55
2235	74
2236	73
2237	55
2238	62
2239	69
2240	87
2241	77
2242	55
2243	72
2244	91
2245	67
2246	87
2247	57
2248	69
2249	89
2250	59
2251	70
2252	75
2253	65
2254	87
2255	73
2256	54
2257	84
2258	65
2259	74
2260	67
2261	60
2262	70
2263	52
2264	73
2265	76
2266	45
2267	83
2268	48
2269	58
2270	50
2271	70
2272	59
2273	72
2274	51
2275	56
2276	77
2277	45
2278	79
2279	48
2280	45
2281	62
2282	46
2283	46
2284	62
2285	42
2286	35
2287	31
2288	33
2289	39
2290	41
2291	60
2292	43
2293	34
2294	43
2295	34
2296	39
2297	51
2298	32
2299	51
2300	40
2301	33
2302	31
2303	24
2304	40
2305	44
2306	37
2307	32
2308	38
2309	18
2310	37
2311	24
2312	33
2313	50
2314	22
2315	26
2316	29
2317	30
2318	31
2319	16
2320	25
2321	28
2322	25
2323	33
2324	35
2325	20
2326	27
2327	19
2328	21
2329	35
2330	19
2331	19
2332	16
2333	23
2334	19
2335	34
2336	28
2337	24
2338	23
2339	30
2340	33
2341	14
2342	29
2343	14
2344	14
2345	33
2346	12
2347	18
2348	24
2349	11
2350	21
2351	17
2352	21
2353	39
2354	28
2355	12
2356	19
2357	14
2358	21
2359	18
2360	13
2361	31
2362	13
2363	25
2364	16
2365	18
2366	21
2367	18
2368	16
2369	25
2370	12
2371	13
2372	30
2373	21
2374	15
2375	22
2376	20
2377	26
2378	13
2379	19
2380	28
2381	21
2382	20
2383	21
2384	12
2385	24
2386	20
2387	24
2388	24
2389	13
2390	24
2391	12
2392	29
2393	19
2394	14
2395	18
2396	12
2397	25
2398	24
2399	15
2400	20
2401	20
2402	21
2403	24
2404	24
2405	8
2406	20
2407	18
2408	14
2409	16
2410	16
2411	18
2412	20
2413	39
2414	14
2415	22
2416	21
2417	15
2418	14
2419	24
2420	19
2421	17
2422	25
2423	9
2424	10
2425	11
2426	12
2427	16
2428	23
2429	25
2430	12
2431	21
2432	17
2433	13
2434	19
2435	18
2436	18
2437	13
2438	20
2439	10
2440	17
2441	16
2442	13
2443	11
2444	22
2445	15
2446	21
2447	15
2448	15
2449	20
2450	23
2451	24
2452	21
2453	12
2454	24
2455	19
2456	16
2457	29
2458	14
2459	22
2460	11
2461	16
2462	17
2463	18
2464	12
2465	14
2466	22
2467	15
2468	21
2469	21
2470	24
2471	14
2472	18
2473	15
2474	15
2475	18
2476	19
2477	22
2478	13
2479	14
2480	18
2481	10
2482	15
2483	18
2484	14
2485	16
2486	21
2487	13
2488	6
2489	20
2490	11
2491	15
2492	19
2493	12
2494	19
2495	20
2496	15
2497	22
2498	24
2499	21
2500	16
2501	19
2502	20
2503	19
2504	28
2505	18
2506	19
2507	14
2508	27
2509	12
2510	27
2511	21
2512	17
2513	12
2514	28
2515	23
2516	15
2517	21
2518	25
2519	13
2520	15
2521	23
2522	26
2523	25
2524	27
2525	22
2526	26
2527	11
2528	14
2529	18
2530	19
2531	22
2532	28
2533	26
2534	32
2535	19
2536	13
2537	28
2538	13
2539	28
2540	26
2541	23
2542	18
2543	24
2544	19
2545	25
2546	30
2547	29
2548	23
2549	14
2550	26
2551	16
2552	9
2553	18
2554	16
2555	25
2556	19
2557	28
2558	17
2559	18
2560	18
2561	15
2562	21
2563	23
2564	21
2565	10
2566	24
2567	13
2568	14
2569	24
2570	19
2571	20
2572	28
2573	21
2574	21
2575	23
2576	12
2577	25
2578	14
2579	31
2580	16
2581	8
2582	21
2583	14
2584	14
2585	23
2586	17
2587	22
2588	22
2589	13
2590	20
2591	22
2592	17
2593	15
2594	21
2595	13
2596	17
2597	13
2598	25
2599	15
2600	9
2601	18
2602	14
2603	16
2604	10
2605	15
2606	8
2607	11
2608	17
2609	14
2610	12
2611	9
2612	26
2613	11
2614	10
2615	12
2616	13
2617	20
2618	12
2619	19
2620	8
2621	15
2622	13
2623	12
2624	6
2625	15
2626	12
2627	9
2628	20
2629	6
2630	15
2631	9
2632	8
2633	18
2634	5
2635	15
2636	18
2637	13
2638	11
2639	17
2640	6
2641	14
2642	19
2643	11
2644	14
2645	10
2646	22
2647	8
2648	18
2649	21
2650	14
2651	10
2652	9
2653	12
2654	15
2655	11
2656	18
2657	16
2658	7
2659	10
2660	19
2661	6
2662	14
2663	16
2664	12
2665	12
2666	14
2667	10
2668	19
2669	9
2670	17
2671	13
2672	19
2673	13
2674	18
2675	17
2676	11
2677	16
2678	10
2679	10
2680	14
2681	19
2682	10
2683	15
2684	10
2685	11
2686	12
2687	9
2688	11
2689	8
2690	10
2691	12
2692	16
2693	15
2694	14
2695	10
2696	11
2697	11
2698	9
2699	8
2700	13
2701	15
2702	9
2703	6
2704	10
2705	15
2706	19
2707	15
2708	9
2709	6
2710	19
2711	9
2712	22
2713	18
2714	7
2715	14
2716	12
2717	10
2718	14
2719	17
2720	5
2721	16
2722	9
2723	5
2724	13
2725	9
2726	19
2727	16
2728	9
2729	12
2730	11
2731	11
2732	19
2733	10
2734	10
2735	7
2736	11
2737	21
2738	12
2739	9
2740	14
2741	9
2742	13
2743	13
2744	12
2745	14
2746	12
2747	13
2748	15
2749	12
2750	12
2751	8
2752	11
2753	10
2754	20
2755	7
2756	15
2757	7
2758	13
2759	14
2760	10
2761	20
2762	8
2763	9
2764	11
2765	8
2766	10
2767	5
2768	8
2769	11
2770	17
2771	21
2772	13
2773	10
2774	5
2775	8
2776	12
2777	10
2778	8
2779	16
2780	13
2781	9
2782	5
2783	13
2784	10
2785	10
2786	13
2787	11
2788	13
2789	8
2790	15
2791	8
2792	8
2793	11
2794	12
2795	11
2796	7
2797	12
2798	17
2799	8
2800	4
2801	12
2802	13
2803	7
2804	7
2805	8
2806	15
2807	10
2808	12
2809	13
2810	10
2811	11
2812	19
2813	6
2814	9
2815	12
2816	15
2817	10
2818	8
2819	14
2820	7
2821	9
2822	14
2823	13
2824	6
2825	5
2826	6
2827	8
2828	16
2829	11
2830	9
2831	6
2832	12
2833	10
2834	14
2835	14
2836	11
2837	9
2838	11
2839	7
2840	10
2841	13
2842	10
2843	19
2844	15
2845	8
2846	16
2847	7
2848	12
2849	10
2850	9
2851	7
2852	17
2853	12
2854	17
2855	12
2856	7
2857	12
2858	13
2859	17
2860	13
2861	19
2862	11
2863	10
2864	8
2865	13
2866	10
2867	12
2868	8
2869	10
2870	11
2871	8
2872	13
2873	8
2874	17
2875	13
2876	15
2877	14
2878	7
2879	5
2880	7
2881	5
2882	6
2883	12
2884	7
2885	8
2886	9
2887	5
2888	20
2889	11
2890	4
2891	18
2892	7
2893	7
2894	8
2895	12
2896	8
2897	11
2898	16
2899	13
2900	14
2901	13
2902	15
2903	12
2904	14
2905	20
2906	8
2907	10
2908	6
2909	5
2910	10
2911	8
2912	13
2913	12
2914	10
2915	12
2916	8
2917	13
2918	16
2919	10
2920	14
2921	9
2922	8
2923	8
2924	4
2925	17
2926	17
2927	11
2928	15
2929	8
2930	12
2931	8
2932	11
2933	4
2934	16
2935	9
2936	13
2937	2
2938	8
2939	16
2940	6
2941	9
2942	9
2943	8
2944	6
2945	5
2946	5
2947	11
2948	6
2949	3
2950	9
2951	6
2952	13
2953	12
2954	2
2955	1
2956	14
2957	8
2958	6
2959	6
2960	8
2961	6
2962	11
2963	4
2964	11
2965	5
2966	7
2967	2
2968	11
2969	11
2970	7
2971	8
2972	8
2973	8
2974	10
2975	4
2976	5
2977	9
2978	5
2979	7
2980	11
2981	4
2982	15
2983	11
2984	6
2985	8
2986	8
2987	9
2988	10
2989	14
2990	8
2991	5
2992	9
2993	7
2994	10
2995	7
2996	8
2997	7
2998	17
2999	6
3000	4
3001	9
3002	6
3003	7
3004	6
3005	5
3006	7
3007	6
3008	8
3009	2
3010	5
3011	4
3012	11
3013	7
3014	7
3015	8
3016	9
3017	12
3018	7
3019	7
3020	12
3021	14
3022	6
3023	6
3024	9
3025	5
3026	7
3027	10
3028	7
3029	6
3030	12
3031	4
3032	9
3033	7
3034	4
3035	10
3036	8
3037	7
3038	4
3039	10
3040	7
3041	11
3042	5
3043	3
3044	10
3045	8
3046	6
3047	5
3048	3
3049	6
3050	4
3051	3
3052	9
3053	3
3054	11
3055	5
3056	5
3057	2
3058	4
3059	5
3060	8
3061	5
3062	15
3063	2
3064	7
3065	5
3066	5
3067	5
3068	8
3069	8
3070	6
3071	3
3072	15
3073	7
3074	4
3075	6
3076	13
3077	10
3078	7
3079	6
3080	3
3081	10
3082	4
3083	8
3084	8
3085	9
3086	4
3087	4
3088	7
3089	6
3090	5
3091	13
3092	4
3093	5
3094	7
3095	8
3096	6
3097	3
3098	10
3099	6
3100	14
3101	8
3102	7
3103	6
3104	4
3105	8
3106	13
3107	7
3108	10
3109	7
3110	12
3111	9
3112	5
3113	11
3114	4
3115	4
3116	8
3117	8
3118	6
3119	9
3120	10
3121	6
3122	4
3123	7
3124	13
3125	6
3126	9
3127	6
3128	2
3129	9
3130	3
3131	7
3132	3
3133	7
3134	1
3135	3
3136	4
3137	4
3138	10
3139	10
3140	11
3141	3
3142	7
3143	6
3144	6
3145	5
3146	5
3147	8
3148	9
3149	7
3150	9
3151	1
3152	3
3153	8
3154	6
3155	10
3156	3
3157	3
3158	13
3159	6
3160	6
3161	7
3162	10
3163	7
3164	8
3165	7
3166	7
3167	3
3168	5
3169	4
3170	3
3171	7
3172	7
3173	9
3174	8
3175	5
3176	3
3177	6
3178	8
3179	3
3180	3
3181	7
3182	5
3183	4
3184	2
3185	5
3186	7
3187	4
3188	3
3189	3
3190	13
3191	6
3192	4
3193	5
3194	5
3195	9
3196	11
3197	4
3198	4
3199	6
3200	5
3201	8
3202	5
3203	9
3204	9
3205	7
3206	9
3207	6
3208	6
3209	3
3210	3
3211	5
3212	3
3213	4
3214	9
3215	1
3216	3
3217	3
3218	4
3219	13
3220	4
3221	5
3222	6
3223	3
3224	3
3225	13
3226	3
3227	6
3228	10
3229	6
3230	2
3231	5
3232	8
3233	6
3234	3
3235	4
3236	4
3237	6
3238	7
3239	8
3240	5
3241	6
3242	5
3243	5
3244	7
3245	3
3246	7
3247	4
3248	7
3249	3
3250	8
3251	10
3252	3
3253	3
3254	9
3255	5
3256	3
3257	5
3258	3
3259	10
3260	4
3261	3
3262	7
3263	5
3264	5
3265	4
3266	5
3267	2
3268	7
3269	4
3270	5
3271	3
3272	8
3273	4
3274	3
3275	7
3276	6
3277	4
3278	11
3279	3
3280	8
3281	8
3282	5
3283	7
3284	7
3285	5
3286	4
3287	2
3288	6
3289	6
3290	3
3291	6
3292	11
3293	3
3294	3
3295	3
3296	7
3297	11
3298	7
3299	0
3300	3
3301	2
3302	7
3303	2
3304	4
3305	5
3306	5
3307	4
3308	5
3309	5
3310	5
3311	3
3312	3
3313	6
3314	4
3315	2
3316	3
3317	8
3318	11
3319	2
3320	5
3321	9
3322	7
3323	6
3324	3
3325	0
3326	3
3327	3
3328	3
3329	6
3330	3
3331	6
3332	6
3333	4
3334	3
3335	8
3336	3
3337	3
3338	4
3339	5
3340	9
3341	5
3342	4
3343	4
3344	4
3345	5
3346	5
3347	8
3348	3
3349	3
3350	4
3351	2
3352	5
3353	4
3354	3
3355	4
3356	3
3357	3
3358	6
3359	3
3360	5
3361	7
3362	4
3363	6
3364	3
3365	2
3366	4
3367	7
3368	2
3369	6
3370	4
3371	6
3372	5
3373	5
3374	5
3375	1
3376	4
3377	4
3378	3
3379	5
3380	4
3381	1
3382	5
3383	4
3384	3
3385	2
3386	3
3387	3
3388	9
3389	7
3390	2
3391	3
3392	5
3393	5
3394	1
3395	7
3396	9
3397	4
3398	4
3399	3
3400	6
3401	4
3402	4
3403	1
3404	4
3405	1
3406	3
3407	5
3408	3
3409	2
3410	5
3411	6
3412	5
3413	7
3414	1
3415	2
3416	5
3417	8
3418	4
3419	4
3420	5
3421	4
3422	2
3423	1
3424	4
3425	1
3426	4
3427	6
3428	12
3429	0
3430	3
3431	6
3432	2
3433	4
3434	4
3435	7
3436	4
3437	5
3438	3
3439	1
3440	3
3441	1
3442	2
3443	6
3444	5
3445	1
3446	3
3447	5
3448	5
3449	4
3450	4
3451	4
3452	4
3453	2
3454	1
3455	0
3456	5
3457	1
3458	5
3459	4
3460	8
3461	4
3462	4
3463	4
3464	5
3465	2
3466	1
3467	2
3468	3
3469	2
3470	8
3471	5
3472	2
3473	2
3474	2
3475	6
3476	1
3477	4
3478	5
3479	4
3480	4
3481	5
3482	1
3483	10
3484	1
3485	6
3486	4
3487	5
3488	2
3489	9
3490	5
3491	1
3492	8
3493	3
3494	4
3495	5
3496	3
3497	1
3498	3
3499	2
3500	4
3501	4
3502	3
3503	1
3504	6
3505	2
3506	2
3507	0
3508	4
3509	2
3510	2
3511	4
3512	1
3513	4
3514	0
3515	5
3516	3
3517	3
3518	3
3519	2
3520	1
3521	3
3522	2
3523	0
3524	1
3525	1
3526	1
3527	2
3528	5
3529	4
3530	2
3531	3
3532	4
3533	2
3534	4
3535	1
3536	3
3537	2
3538	3
3539	5
3540	4
3541	2
3542	2
3543	0
3544	2
3545	4
3546	4
3547	7
3548	3
3549	3
3550	2
3551	5
3552	1
3553	1
3554	6
3555	1
3556	4
3557	3
3558	3
3559	1
3560	2
3561	5
3562	2
3563	0
3564	2
3565	1
3566	3
3567	3
3568	1
3569	3
3570	0
3571	1
3572	3
3573	0
3574	6
3575	2
3576	3
3577	0
3578	2
3579	2
3580	3
3581	5
3582	3
3583	1
3584	5
3585	1
3586	2
3587	2
3588	1
3589	2
3590	3
3591	2
3592	1
3593	4
3594	0
3595	5
3596	3
3597	3
3598	2
3599	1
3600	2
3601	1
3602	2
3603	0
3604	3
3605	4
3606	1
3607	4
3608	2
3609	2
3610	1
3611	2
3612	3
3613	0
3614	3
3615	1
3616	3
3617	4
3618	3
3619	2
3620	2
3621	0
3622	0
3623	2
3624	2
3625	2
3626	2
3627	3
3628	4
3629	3
3630	1
3631	5
3632	4
3633	3
3634	0
3635	2
3636	6
3637	2
3638	3
3639	1
3640	0
3641	1
3642	1
3643	3
3644	4
3645	0
3646	2
3647	1
3648	5
3649	3
3650	1
3651	2
3652	4
3653	1
3654	3
3655	2
3656	1
3657	1
3658	3
3659	3
3660	3
3661	0
3662	0
3663	2
3664	2
3665	1
3666	5
3667	1
3668	3
3669	3
3670	1
3671	0
3672	2
3673	1
3674	2
3675	0
3676	5
3677	2
3678	1
3679	0
3680	2
3681	2
3682	0
3683	2
3684	1
3685	3
3686	1
3687	1
3688	3
3689	3
3690	1
3691	1
3692	1
3693	5
3694	1
3695	2
3696	1
3697	0
3698	1
3699	2
3700	0
3701	1
3702	2
3703	0
3704	1
3705	1
3706	1
3707	2
3708	2
3709	3
3710	5
3711	2
3712	2
3713	4
3714	0
3715	1
3716	1
3717	2
3718	1
3719	1
3720	2
3721	4
3722	1
3723	1
3724	4
3725	5
3726	1
3727	0
3728	3
3729	1
3730	3
3731	0
3732	1
3733	1
3734	1
3735	0
3736	1
3737	4
3738	2
3739	0
3740	3
3741	0
3742	1
3743	6
3744	1
3745	1
3746	3
3747	3
3748	1
3749	2
3750	4
3751	0
3752	2
3753	1
3754	1
3755	2
3756	0
3757	0
3758	3
3759	1
3760	2
3761	3
3762	3
3763	4
3764	3
3765	0
3766	2
3767	1
3768	0
3769	4
3770	1
3771	0
3772	1
3773	2
3774	2
3775	0
3776	1
3777	0
3778	3
3779	2
3780	1
3781	2
3782	1
3783	2
3784	0
3785	0
3786	1
3787	0
3788	4
3789	1
3790	1
3791	1
3792	0
3793	0
3794	1
3795	2
3796	1
3797	1
3798	1
3799	1
3800	0
3801	2
3802	3
3803	1
3804	1
3805	1
3806	1
3807	2
3808	1
3809	1
3810	0
3811	1
3812	1
3813	1
3814	1
3815	1
3816	5
3817	2
3818	2
3819	3
3820	2
3821	1
3822	3
3823	1
3824	1
3825	0
3826	0
3827	1
3828	2
3829	1
3830	4
3831	1
3832	0
3833	1
3834	1
3835	1
3836	0
3837	2
3838	0
3839	0
3840	1
3841	0
3842	0
3843	0
3844	1
3845	1
3846	1
3847	2
3848	2
3849	2
3850	0
3851	2
3852	1
3853	2
3854	1
3855	1
3856	3
3857	1
3858	1
3859	3
3860	0
3861	0
3862	0
3863	0
3864	0
3865	0
3866	0
3867	0
3868	0
3869	0
3870	1
3871	0
3872	1
3873	0
3874	0
3875	1
3876	0
3877	1
3878	1
3879	1
3880	0
3881	1
3882	1
3883	1
3884	0
3885	3
3886	1
3887	0
3888	2
3889	0
3890	1
3891	0
3892	0
3893	0
3894	1
3895	1
3896	1
3897	0
3898	3
3899	1
3900	0
3901	2
3902	0
3903	0
3904	1
3905	3
3906	0
3907	1
3908	0
3909	0
3910	0
3911	0
3912	1
3913	0
3914	0
3915	0
3916	0
3917	0
3918	1
3919	0
3920	0
3921	2
3922	0
3923	2
3924	1
3925	0
3926	1
3927	0
3928	0
3929	0
3930	0
3931	2
3932	1
3933	1
3934	1
3935	0
3936	0
3937	0
3938	0
3939	0
3940	0
3941	0
3942	1
3943	0
3944	0
3945	0
3946	0
3947	0
3948	1
3949	0
3950	0
3951	1
3952	0
3953	1
3954	0
3955	0
3956	0
3957	1
3958	0
3959	0
3960	0
3961	0
3962	1
3963	0
3964	0
3965	1
3966	0
3967	0
3968	0
3969	0
3970	0
3971	0
3972	1
3973	0
3974	0
3975	0
3976	0
3977	1
3978	0
3979	0
3980	0
3981	0
3982	0
3983	0
3984	0
3985	0
3986	0
3987	1
3988	0
3989	2
3990	1
3991	0
3992	0
3993	1
3994	0
3995	0
3996	0
3997	0
3998	0
3999	0
4000	0
