Channel number	Impulses
Channel/#	Impulses/#

0	0
1	0
2	0
3	0
4	0
5	0
6	0
7	0
8	0
9	0
10	0
11	0
12	0
13	0
14	0
15	0
16	0
17	0
18	0
19	0
20	0
21	0
22	0
23	0
24	0
25	0
26	0
27	0
28	0
29	0
30	0
31	0
32	0
33	0
34	0
35	0
36	0
37	0
38	0
39	0
40	0
41	0
42	0
43	0
44	0
45	2
46	1
47	4
48	3
49	5
50	11
51	11
52	10
53	12
54	8
55	23
56	11
57	12
58	16
59	18
60	17
61	17
62	13
63	23
64	13
65	12
66	16
67	15
68	11
69	15
70	20
71	17
72	12
73	15
74	15
75	14
76	13
77	17
78	13
79	22
80	5
81	23
82	17
83	11
84	15
85	14
86	11
87	17
88	12
89	10
90	11
91	15
92	12
93	11
94	15
95	20
96	11
97	19
98	15
99	13
100	14
101	9
102	22
103	12
104	18
105	14
106	13
107	12
108	15
109	12
110	13
111	8
112	7
113	9
114	13
115	13
116	9
117	5
118	14
119	8
120	11
121	12
122	9
123	13
124	10
125	10
126	12
127	20
128	2
129	6
130	12
131	12
132	12
133	12
134	14
135	18
136	10
137	10
138	5
139	16
140	15
141	10
142	13
143	6
144	8
145	14
146	6
147	14
148	8
149	6
150	15
151	13
152	5
153	12
154	7
155	15
156	8
157	9
158	7
159	10
160	5
161	7
162	5
163	11
164	9
165	14
166	11
167	16
168	5
169	14
170	7
171	11
172	14
173	12
174	10
175	12
176	6
177	11
178	14
179	8
180	7
181	9
182	4
183	10
184	9
185	5
186	10
187	14
188	10
189	11
190	9
191	10
192	4
193	9
194	4
195	19
196	9
197	9
198	12
199	11
200	10
201	8
202	5
203	13
204	8
205	8
206	8
207	14
208	2
209	7
210	4
211	13
212	6
213	5
214	10
215	6
216	3
217	6
218	6
219	4
220	10
221	5
222	1
223	7
224	6
225	2
226	9
227	10
228	13
229	7
230	11
231	2
232	8
233	10
234	8
235	8
236	5
237	6
238	6
239	15
240	6
241	5
242	10
243	6
244	9
245	9
246	4
247	5
248	7
249	8
250	12
251	7
252	6
253	5
254	9
255	13
256	2
257	6
258	7
259	12
260	2
261	8
262	7
263	12
264	9
265	13
266	4
267	4
268	9
269	6
270	7
271	15
272	4
273	11
274	9
275	6
276	2
277	12
278	5
279	5
280	5
281	9
282	3
283	9
284	4
285	5
286	10
287	15
288	4
289	11
290	7
291	2
292	9
293	8
294	7
295	4
296	5
297	12
298	7
299	8
300	9
301	5
302	8
303	5
304	4
305	11
306	7
307	8
308	5
309	9
310	6
311	12
312	4
313	7
314	3
315	5
316	4
317	8
318	4
319	9
320	1
321	11
322	1
323	3
324	7
325	11
326	3
327	6
328	5
329	7
330	3
331	1
332	6
333	7
334	4
335	8
336	3
337	4
338	4
339	5
340	8
341	8
342	8
343	5
344	5
345	5
346	9
347	5
348	6
349	2
350	9
351	7
352	4
353	4
354	3
355	3
356	5
357	6
358	10
359	9
360	3
361	8
362	5
363	7
364	6
365	5
366	5
367	4
368	4
369	5
370	13
371	8
372	7
373	4
374	5
375	3
376	6
377	6
378	4
379	6
380	1
381	3
382	4
383	16
384	3
385	9
386	7
387	4
388	7
389	4
390	6
391	7
392	3
393	6
394	5
395	8
396	7
397	5
398	6
399	11
400	4
401	8
402	7
403	6
404	5
405	7
406	6
407	2
408	5
409	7
410	3
411	2
412	5
413	5
414	5
415	8
416	4
417	5
418	7
419	2
420	5
421	4
422	8
423	8
424	6
425	2
426	7
427	4
428	2
429	5
430	7
431	5
432	3
433	6
434	4
435	4
436	3
437	3
438	4
439	9
440	7
441	4
442	7
443	10
444	5
445	3
446	6
447	8
448	4
449	5
450	3
451	7
452	5
453	3
454	2
455	7
456	2
457	4
458	1
459	7
460	7
461	4
462	7
463	4
464	6
465	2
466	9
467	6
468	3
469	3
470	5
471	6
472	6
473	8
474	3
475	7
476	9
477	7
478	7
479	3
480	9
481	3
482	6
483	2
484	5
485	4
486	6
487	6
488	5
489	7
490	2
491	3
492	5
493	4
494	4
495	7
496	3
497	7
498	4
499	5
500	9
501	2
502	2
503	4
504	8
505	5
506	6
507	7
508	6
509	4
510	4
511	12
512	1
513	6
514	3
515	4
516	6
517	2
518	8
519	3
520	6
521	9
522	7
523	2
524	4
525	2
526	7
527	7
528	3
529	6
530	9
531	4
532	2
533	3
534	4
535	7
536	2
537	6
538	5
539	3
540	4
541	5
542	4
543	8
544	4
545	7
546	6
547	7
548	2
549	2
550	6
551	5
552	4
553	7
554	7
555	4
556	8
557	12
558	7
559	7
560	4
561	4
562	8
563	3
564	4
565	1
566	3
567	6
568	3
569	5
570	2
571	2
572	6
573	6
574	2
575	10
576	1
577	4
578	9
579	3
580	5
581	5
582	7
583	5
584	3
585	5
586	8
587	1
588	5
589	2
590	8
591	6
592	4
593	5
594	5
595	9
596	2
597	5
598	3
599	2
600	4
601	4
602	1
603	6
604	5
605	9
606	0
607	1
608	3
609	3
610	0
611	5
612	6
613	8
614	5
615	6
616	4
617	0
618	5
619	3
620	8
621	7
622	1
623	3
624	3
625	5
626	3
627	3
628	4
629	5
630	4
631	6
632	1
633	4
634	4
635	6
636	3
637	3
638	3
639	9
640	3
641	6
642	6
643	7
644	4
645	7
646	8
647	5
648	2
649	5
650	1
651	4
652	4
653	3
654	4
655	1
656	3
657	5
658	4
659	4
660	1
661	2
662	8
663	6
664	6
665	5
666	8
667	7
668	6
669	1
670	2
671	5
672	4
673	6
674	7
675	3
676	4
677	2
678	3
679	3
680	5
681	5
682	4
683	5
684	7
685	4
686	4
687	6
688	2
689	8
690	7
691	4
692	8
693	3
694	4
695	3
696	7
697	3
698	4
699	10
700	6
701	8
702	8
703	7
704	3
705	8
706	3
707	5
708	5
709	3
710	2
711	4
712	4
713	7
714	1
715	7
716	8
717	6
718	5
719	5
720	6
721	6
722	2
723	4
724	7
725	6
726	5
727	4
728	6
729	5
730	4
731	1
732	1
733	7
734	8
735	5
736	1
737	5
738	6
739	4
740	2
741	4
742	4
743	4
744	5
745	7
746	8
747	4
748	6
749	8
750	4
751	2
752	5
753	4
754	5
755	6
756	4
757	4
758	6
759	5
760	3
761	6
762	4
763	8
764	6
765	4
766	5
767	11
768	1
769	4
770	3
771	3
772	6
773	4
774	5
775	4
776	5
777	8
778	4
779	4
780	6
781	8
782	2
783	5
784	3
785	4
786	4
787	5
788	9
789	3
790	5
791	4
792	6
793	7
794	7
795	6
796	3
797	10
798	5
799	4
800	5
801	8
802	3
803	12
804	9
805	12
806	5
807	5
808	11
809	5
810	2
811	4
812	7
813	8
814	7
815	7
816	4
817	7
818	3
819	8
820	9
821	4
822	7
823	13
824	6
825	4
826	5
827	7
828	6
829	5
830	4
831	5
832	9
833	8
834	6
835	5
836	11
837	13
838	10
839	9
840	9
841	11
842	6
843	10
844	6
845	12
846	10
847	6
848	4
849	7
850	7
851	11
852	7
853	6
854	14
855	10
856	5
857	9
858	6
859	9
860	12
861	6
862	5
863	8
864	7
865	5
866	6
867	4
868	9
869	10
870	16
871	9
872	7
873	11
874	7
875	6
876	11
877	12
878	10
879	14
880	5
881	7
882	11
883	7
884	9
885	3
886	9
887	6
888	10
889	10
890	10
891	13
892	9
893	10
894	14
895	6
896	6
897	5
898	5
899	4
900	10
901	6
902	4
903	2
904	5
905	7
906	6
907	8
908	8
909	7
910	6
911	11
912	6
913	10
914	10
915	8
916	10
917	6
918	2
919	1
920	8
921	10
922	4
923	4
924	6
925	6
926	7
927	8
928	5
929	4
930	8
931	4
932	9
933	4
934	8
935	9
936	4
937	6
938	12
939	10
940	5
941	4
942	9
943	9
944	8
945	10
946	13
947	4
948	9
949	10
950	7
951	7
952	6
953	7
954	6
955	7
956	6
957	7
958	3
959	6
960	5
961	7
962	10
963	7
964	11
965	6
966	7
967	3
968	9
969	2
970	8
971	4
972	7
973	12
974	7
975	7
976	11
977	11
978	6
979	4
980	16
981	6
982	8
983	7
984	8
985	19
986	4
987	9
988	7
989	7
990	6
991	14
992	4
993	7
994	8
995	8
996	10
997	4
998	13
999	6
1000	9
1001	10
1002	4
1003	6
1004	11
1005	11
1006	7
1007	3
1008	6
1009	10
1010	8
1011	10
1012	7
1013	9
1014	11
1015	8
1016	5
1017	8
1018	8
1019	15
1020	10
1021	5
1022	11
1023	15
1024	3
1025	8
1026	6
1027	9
1028	11
1029	9
1030	13
1031	11
1032	6
1033	9
1034	5
1035	12
1036	10
1037	10
1038	5
1039	9
1040	5
1041	10
1042	12
1043	11
1044	14
1045	9
1046	8
1047	2
1048	2
1049	11
1050	10
1051	12
1052	9
1053	10
1054	10
1055	22
1056	6
1057	7
1058	16
1059	10
1060	9
1061	8
1062	11
1063	7
1064	6
1065	4
1066	9
1067	15
1068	10
1069	12
1070	13
1071	10
1072	5
1073	20
1074	6
1075	9
1076	8
1077	7
1078	9
1079	11
1080	4
1081	9
1082	8
1083	10
1084	9
1085	8
1086	9
1087	9
1088	5
1089	10
1090	8
1091	11
1092	11
1093	4
1094	13
1095	12
1096	8
1097	12
1098	9
1099	8
1100	6
1101	9
1102	8
1103	9
1104	10
1105	12
1106	9
1107	9
1108	6
1109	11
1110	16
1111	8
1112	6
1113	9
1114	8
1115	8
1116	9
1117	9
1118	14
1119	9
1120	5
1121	5
1122	11
1123	11
1124	10
1125	11
1126	17
1127	11
1128	10
1129	21
1130	8
1131	8
1132	10
1133	15
1134	8
1135	12
1136	10
1137	9
1138	10
1139	4
1140	8
1141	5
1142	9
1143	5
1144	7
1145	7
1146	13
1147	11
1148	11
1149	11
1150	7
1151	13
1152	4
1153	8
1154	6
1155	14
1156	8
1157	9
1158	11
1159	9
1160	8
1161	11
1162	7
1163	14
1164	12
1165	8
1166	6
1167	11
1168	8
1169	11
1170	13
1171	13
1172	12
1173	9
1174	14
1175	10
1176	9
1177	19
1178	8
1179	16
1180	11
1181	10
1182	7
1183	21
1184	10
1185	7
1186	13
1187	6
1188	12
1189	15
1190	13
1191	16
1192	9
1193	16
1194	10
1195	8
1196	13
1197	20
1198	17
1199	8
1200	11
1201	9
1202	16
1203	10
1204	19
1205	13
1206	11
1207	14
1208	15
1209	17
1210	14
1211	10
1212	16
1213	9
1214	10
1215	18
1216	4
1217	12
1218	11
1219	14
1220	9
1221	9
1222	18
1223	8
1224	19
1225	14
1226	12
1227	21
1228	22
1229	15
1230	14
1231	22
1232	10
1233	18
1234	16
1235	10
1236	16
1237	8
1238	21
1239	12
1240	14
1241	22
1242	13
1243	22
1244	11
1245	18
1246	12
1247	28
1248	12
1249	15
1250	14
1251	20
1252	15
1253	13
1254	23
1255	13
1256	9
1257	13
1258	16
1259	15
1260	18
1261	11
1262	12
1263	19
1264	11
1265	13
1266	11
1267	12
1268	10
1269	20
1270	18
1271	15
1272	15
1273	22
1274	12
1275	21
1276	18
1277	26
1278	18
1279	30
1280	9
1281	10
1282	15
1283	21
1284	7
1285	14
1286	18
1287	20
1288	12
1289	17
1290	11
1291	19
1292	11
1293	12
1294	19
1295	13
1296	9
1297	19
1298	15
1299	22
1300	19
1301	12
1302	16
1303	18
1304	15
1305	14
1306	14
1307	14
1308	14
1309	19
1310	15
1311	20
1312	9
1313	14
1314	16
1315	5
1316	20
1317	10
1318	16
1319	16
1320	13
1321	18
1322	21
1323	14
1324	16
1325	21
1326	15
1327	20
1328	14
1329	14
1330	22
1331	15
1332	13
1333	17
1334	28
1335	20
1336	18
1337	18
1338	14
1339	24
1340	16
1341	21
1342	19
1343	19
1344	15
1345	19
1346	16
1347	17
1348	18
1349	19
1350	21
1351	12
1352	14
1353	33
1354	17
1355	17
1356	17
1357	25
1358	13
1359	15
1360	10
1361	16
1362	15
1363	20
1364	11
1365	17
1366	25
1367	19
1368	7
1369	19
1370	20
1371	20
1372	19
1373	25
1374	16
1375	25
1376	15
1377	15
1378	24
1379	20
1380	19
1381	19
1382	26
1383	27
1384	12
1385	21
1386	10
1387	20
1388	19
1389	20
1390	12
1391	20
1392	16
1393	13
1394	14
1395	24
1396	19
1397	19
1398	15
1399	25
1400	11
1401	14
1402	18
1403	18
1404	19
1405	24
1406	27
1407	24
1408	8
1409	29
1410	15
1411	23
1412	21
1413	16
1414	21
1415	16
1416	11
1417	31
1418	27
1419	17
1420	31
1421	23
1422	17
1423	18
1424	19
1425	33
1426	18
1427	23
1428	25
1429	26
1430	18
1431	27
1432	18
1433	25
1434	19
1435	22
1436	18
1437	27
1438	30
1439	35
1440	12
1441	22
1442	30
1443	24
1444	34
1445	20
1446	15
1447	27
1448	20
1449	20
1450	23
1451	19
1452	37
1453	24
1454	24
1455	20
1456	21
1457	19
1458	23
1459	22
1460	23
1461	21
1462	28
1463	21
1464	13
1465	16
1466	18
1467	28
1468	27
1469	20
1470	21
1471	29
1472	18
1473	19
1474	29
1475	19
1476	28
1477	21
1478	23
1479	17
1480	12
1481	22
1482	14
1483	23
1484	24
1485	24
1486	14
1487	17
1488	19
1489	20
1490	19
1491	23
1492	27
1493	23
1494	17
1495	18
1496	35
1497	26
1498	15
1499	32
1500	22
1501	15
1502	31
1503	31
1504	19
1505	31
1506	26
1507	20
1508	24
1509	14
1510	33
1511	25
1512	20
1513	35
1514	17
1515	24
1516	33
1517	24
1518	28
1519	13
1520	19
1521	32
1522	23
1523	27
1524	27
1525	13
1526	27
1527	21
1528	17
1529	36
1530	17
1531	37
1532	29
1533	27
1534	18
1535	28
1536	10
1537	20
1538	20
1539	28
1540	23
1541	25
1542	35
1543	28
1544	19
1545	43
1546	24
1547	21
1548	22
1549	28
1550	24
1551	32
1552	18
1553	22
1554	23
1555	25
1556	20
1557	19
1558	28
1559	30
1560	25
1561	29
1562	19
1563	30
1564	22
1565	29
1566	28
1567	26
1568	23
1569	26
1570	22
1571	20
1572	44
1573	16
1574	23
1575	23
1576	23
1577	27
1578	16
1579	20
1580	32
1581	27
1582	18
1583	27
1584	24
1585	30
1586	24
1587	36
1588	24
1589	17
1590	25
1591	24
1592	20
1593	24
1594	22
1595	22
1596	25
1597	31
1598	28
1599	28
1600	15
1601	27
1602	21
1603	23
1604	30
1605	23
1606	30
1607	32
1608	20
1609	30
1610	21
1611	27
1612	35
1613	29
1614	30
1615	32
1616	19
1617	29
1618	26
1619	44
1620	24
1621	24
1622	21
1623	17
1624	27
1625	33
1626	21
1627	32
1628	25
1629	27
1630	33
1631	24
1632	26
1633	34
1634	32
1635	25
1636	33
1637	21
1638	28
1639	21
1640	32
1641	32
1642	29
1643	35
1644	34
1645	25
1646	30
1647	26
1648	18
1649	32
1650	43
1651	32
1652	25
1653	22
1654	38
1655	25
1656	16
1657	34
1658	23
1659	33
1660	28
1661	23
1662	36
1663	24
1664	21
1665	32
1666	26
1667	31
1668	28
1669	23
1670	38
1671	18
1672	22
1673	38
1674	29
1675	35
1676	26
1677	31
1678	32
1679	21
1680	29
1681	29
1682	25
1683	28
1684	21
1685	26
1686	30
1687	29
1688	31
1689	44
1690	23
1691	42
1692	27
1693	30
1694	33
1695	37
1696	19
1697	41
1698	24
1699	22
1700	35
1701	26
1702	41
1703	27
1704	23
1705	43
1706	22
1707	32
1708	37
1709	39
1710	29
1711	15
1712	28
1713	19
1714	33
1715	31
1716	26
1717	26
1718	33
1719	47
1720	27
1721	31
1722	29
1723	39
1724	31
1725	27
1726	30
1727	40
1728	22
1729	23
1730	29
1731	39
1732	32
1733	26
1734	44
1735	15
1736	20
1737	31
1738	21
1739	35
1740	27
1741	33
1742	35
1743	31
1744	24
1745	25
1746	39
1747	30
1748	37
1749	19
1750	31
1751	19
1752	31
1753	26
1754	27
1755	35
1756	34
1757	37
1758	27
1759	30
1760	24
1761	25
1762	33
1763	30
1764	38
1765	27
1766	41
1767	29
1768	31
1769	35
1770	33
1771	35
1772	48
1773	36
1774	30
1775	28
1776	24
1777	32
1778	34
1779	30
1780	38
1781	25
1782	42
1783	33
1784	24
1785	42
1786	24
1787	28
1788	29
1789	37
1790	37
1791	35
1792	27
1793	31
1794	45
1795	42
1796	35
1797	29
1798	40
1799	24
1800	32
1801	45
1802	27
1803	34
1804	38
1805	34
1806	14
1807	32
1808	41
1809	28
1810	30
1811	29
1812	24
1813	26
1814	30
1815	19
1816	32
1817	42
1818	27
1819	45
1820	31
1821	34
1822	27
1823	32
1824	33
1825	37
1826	37
1827	31
1828	36
1829	28
1830	46
1831	38
1832	25
1833	44
1834	29
1835	22
1836	34
1837	43
1838	40
1839	33
1840	38
1841	33
1842	31
1843	49
1844	32
1845	30
1846	37
1847	34
1848	29
1849	51
1850	39
1851	41
1852	40
1853	34
1854	47
1855	45
1856	34
1857	39
1858	44
1859	34
1860	45
1861	23
1862	49
1863	32
1864	34
1865	49
1866	29
1867	44
1868	37
1869	50
1870	48
1871	40
1872	32
1873	46
1874	44
1875	52
1876	35
1877	30
1878	38
1879	30
1880	48
1881	53
1882	36
1883	48
1884	57
1885	43
1886	35
1887	49
1888	57
1889	55
1890	53
1891	43
1892	54
1893	45
1894	65
1895	52
1896	44
1897	67
1898	40
1899	52
1900	61
1901	54
1902	63
1903	54
1904	51
1905	61
1906	67
1907	65
1908	61
1909	49
1910	62
1911	64
1912	57
1913	84
1914	55
1915	87
1916	86
1917	77
1918	89
1919	83
1920	69
1921	81
1922	94
1923	82
1924	109
1925	70
1926	117
1927	66
1928	114
1929	135
1930	76
1931	108
1932	135
1933	118
1934	139
1935	94
1936	104
1937	106
1938	138
1939	133
1940	136
1941	113
1942	165
1943	96
1944	180
1945	172
1946	110
1947	139
1948	173
1949	150
1950	174
1951	164
1952	156
1953	166
1954	169
1955	160
1956	208
1957	154
1958	223
1959	134
1960	159
1961	206
1962	159
1963	169
1964	239
1965	163
1966	217
1967	141
1968	205
1969	171
1970	172
1971	199
1972	195
1973	152
1974	250
1975	172
1976	164
1977	225
1978	158
1979	213
1980	200
1981	162
1982	180
1983	156
1984	187
1985	153
1986	187
1987	149
1988	207
1989	152
1990	203
1991	118
1992	156
1993	173
1994	126
1995	141
1996	187
1997	134
1998	148
1999	135
2000	126
2001	119
2002	136
2003	145
2004	127
2005	105
2006	129
2007	79
2008	114
2009	118
2010	109
2011	112
2012	108
2013	83
2014	97
2015	84
2016	84
2017	89
2018	86
2019	62
2020	101
2021	47
2022	76
2023	59
2024	62
2025	77
2026	54
2027	69
2028	80
2029	55
2030	68
2031	55
2032	51
2033	56
2034	51
2035	50
2036	46
2037	27
2038	56
2039	39
2040	38
2041	31
2042	35
2043	40
2044	37
2045	36
2046	32
2047	45
2048	24
2049	33
2050	23
2051	42
2052	39
2053	22
2054	35
2055	22
2056	22
2057	46
2058	20
2059	31
2060	28
2061	25
2062	23
2063	23
2064	25
2065	24
2066	37
2067	22
2068	18
2069	25
2070	30
2071	30
2072	28
2073	39
2074	19
2075	33
2076	24
2077	29
2078	14
2079	25
2080	21
2081	20
2082	23
2083	26
2084	30
2085	23
2086	35
2087	25
2088	20
2089	22
2090	21
2091	26
2092	25
2093	32
2094	28
2095	23
2096	21
2097	26
2098	27
2099	22
2100	22
2101	27
2102	33
2103	28
2104	29
2105	30
2106	22
2107	43
2108	19
2109	25
2110	29
2111	27
2112	20
2113	23
2114	29
2115	21
2116	34
2117	13
2118	27
2119	30
2120	28
2121	23
2122	17
2123	28
2124	23
2125	26
2126	26
2127	28
2128	12
2129	32
2130	24
2131	30
2132	27
2133	15
2134	30
2135	33
2136	25
2137	23
2138	24
2139	46
2140	26
2141	38
2142	15
2143	41
2144	15
2145	25
2146	30
2147	19
2148	29
2149	17
2150	30
2151	17
2152	18
2153	30
2154	24
2155	25
2156	43
2157	27
2158	28
2159	31
2160	24
2161	32
2162	34
2163	42
2164	33
2165	11
2166	33
2167	32
2168	21
2169	37
2170	18
2171	30
2172	26
2173	32
2174	32
2175	41
2176	24
2177	39
2178	26
2179	37
2180	40
2181	38
2182	37
2183	35
2184	21
2185	51
2186	30
2187	43
2188	49
2189	33
2190	37
2191	39
2192	37
2193	35
2194	36
2195	66
2196	45
2197	42
2198	48
2199	36
2200	45
2201	49
2202	37
2203	59
2204	35
2205	37
2206	41
2207	52
2208	29
2209	39
2210	48
2211	36
2212	71
2213	39
2214	53
2215	56
2216	36
2217	59
2218	45
2219	52
2220	62
2221	44
2222	46
2223	36
2224	39
2225	58
2226	59
2227	57
2228	47
2229	40
2230	58
2231	52
2232	42
2233	62
2234	46
2235	69
2236	53
2237	46
2238	54
2239	35
2240	43
2241	46
2242	59
2243	50
2244	55
2245	38
2246	61
2247	43
2248	55
2249	50
2250	35
2251	35
2252	51
2253	49
2254	55
2255	42
2256	26
2257	37
2258	40
2259	46
2260	55
2261	36
2262	47
2263	32
2264	43
2265	44
2266	32
2267	63
2268	36
2269	37
2270	47
2271	47
2272	31
2273	36
2274	39
2275	41
2276	37
2277	24
2278	45
2279	32
2280	26
2281	40
2282	20
2283	30
2284	28
2285	31
2286	23
2287	32
2288	24
2289	24
2290	26
2291	35
2292	26
2293	26
2294	27
2295	20
2296	17
2297	31
2298	18
2299	33
2300	22
2301	24
2302	17
2303	15
2304	29
2305	20
2306	28
2307	20
2308	16
2309	14
2310	32
2311	23
2312	20
2313	20
2314	20
2315	22
2316	18
2317	17
2318	20
2319	13
2320	23
2321	12
2322	13
2323	16
2324	19
2325	17
2326	21
2327	22
2328	24
2329	31
2330	12
2331	26
2332	16
2333	16
2334	18
2335	16
2336	17
2337	13
2338	14
2339	14
2340	22
2341	21
2342	20
2343	16
2344	10
2345	16
2346	16
2347	11
2348	29
2349	14
2350	10
2351	21
2352	19
2353	14
2354	16
2355	22
2356	13
2357	11
2358	17
2359	24
2360	13
2361	19
2362	19
2363	16
2364	17
2365	15
2366	9
2367	12
2368	12
2369	16
2370	15
2371	23
2372	26
2373	13
2374	16
2375	15
2376	13
2377	18
2378	13
2379	21
2380	26
2381	17
2382	19
2383	14
2384	10
2385	14
2386	20
2387	15
2388	10
2389	6
2390	21
2391	13
2392	17
2393	10
2394	13
2395	22
2396	17
2397	22
2398	14
2399	20
2400	13
2401	23
2402	11
2403	20
2404	18
2405	12
2406	20
2407	17
2408	10
2409	22
2410	12
2411	15
2412	19
2413	15
2414	22
2415	17
2416	18
2417	12
2418	20
2419	14
2420	12
2421	16
2422	15
2423	13
2424	18
2425	21
2426	10
2427	19
2428	8
2429	11
2430	20
2431	9
2432	16
2433	19
2434	15
2435	5
2436	23
2437	15
2438	17
2439	9
2440	12
2441	18
2442	11
2443	9
2444	22
2445	16
2446	10
2447	10
2448	12
2449	11
2450	12
2451	12
2452	15
2453	10
2454	14
2455	14
2456	20
2457	19
2458	5
2459	21
2460	19
2461	12
2462	16
2463	12
2464	11
2465	11
2466	18
2467	8
2468	19
2469	13
2470	21
2471	11
2472	12
2473	18
2474	13
2475	13
2476	14
2477	9
2478	17
2479	10
2480	17
2481	22
2482	13
2483	10
2484	28
2485	8
2486	25
2487	11
2488	14
2489	19
2490	9
2491	17
2492	18
2493	15
2494	11
2495	14
2496	20
2497	17
2498	19
2499	19
2500	23
2501	8
2502	20
2503	11
2504	12
2505	13
2506	18
2507	18
2508	15
2509	17
2510	19
2511	9
2512	8
2513	9
2514	15
2515	16
2516	14
2517	15
2518	17
2519	8
2520	17
2521	20
2522	16
2523	18
2524	17
2525	22
2526	12
2527	17
2528	13
2529	13
2530	21
2531	20
2532	21
2533	13
2534	22
2535	15
2536	16
2537	27
2538	17
2539	23
2540	23
2541	18
2542	16
2543	17
2544	14
2545	19
2546	13
2547	22
2548	16
2549	16
2550	27
2551	14
2552	17
2553	18
2554	15
2555	13
2556	25
2557	18
2558	14
2559	16
2560	19
2561	19
2562	17
2563	23
2564	23
2565	18
2566	27
2567	14
2568	18
2569	26
2570	18
2571	8
2572	16
2573	13
2574	16
2575	20
2576	19
2577	11
2578	23
2579	25
2580	15
2581	10
2582	22
2583	17
2584	13
2585	23
2586	7
2587	11
2588	13
2589	15
2590	18
2591	19
2592	12
2593	16
2594	19
2595	13
2596	21
2597	8
2598	13
2599	16
2600	9
2601	18
2602	17
2603	23
2604	18
2605	9
2606	13
2607	14
2608	16
2609	17
2610	12
2611	19
2612	12
2613	12
2614	19
2615	18
2616	6
2617	13
2618	14
2619	15
2620	11
2621	14
2622	7
2623	7
2624	18
2625	11
2626	12
2627	11
2628	19
2629	8
2630	17
2631	9
2632	12
2633	20
2634	8
2635	8
2636	15
2637	18
2638	12
2639	11
2640	9
2641	14
2642	8
2643	14
2644	12
2645	7
2646	14
2647	11
2648	20
2649	9
2650	10
2651	12
2652	9
2653	17
2654	19
2655	9
2656	22
2657	16
2658	15
2659	9
2660	15
2661	9
2662	22
2663	10
2664	11
2665	12
2666	8
2667	11
2668	15
2669	2
2670	14
2671	10
2672	10
2673	13
2674	21
2675	14
2676	13
2677	13
2678	12
2679	10
2680	13
2681	11
2682	6
2683	6
2684	15
2685	12
2686	9
2687	19
2688	7
2689	10
2690	10
2691	12
2692	15
2693	10
2694	18
2695	6
2696	13
2697	26
2698	8
2699	19
2700	11
2701	7
2702	10
2703	5
2704	15
2705	10
2706	7
2707	11
2708	11
2709	6
2710	14
2711	10
2712	8
2713	19
2714	5
2715	13
2716	7
2717	13
2718	5
2719	14
2720	14
2721	9
2722	10
2723	14
2724	11
2725	7
2726	14
2727	16
2728	6
2729	10
2730	14
2731	10
2732	7
2733	14
2734	11
2735	7
2736	6
2737	12
2738	8
2739	9
2740	13
2741	10
2742	15
2743	4
2744	8
2745	7
2746	9
2747	10
2748	9
2749	10
2750	9
2751	9
2752	15
2753	6
2754	4
2755	11
2756	14
2757	8
2758	9
2759	10
2760	9
2761	12
2762	8
2763	10
2764	14
2765	11
2766	7
2767	10
2768	7
2769	12
2770	10
2771	16
2772	6
2773	3
2774	12
2775	5
2776	9
2777	14
2778	2
2779	15
2780	11
2781	10
2782	10
2783	9
2784	7
2785	9
2786	6
2787	13
2788	7
2789	5
2790	12
2791	8
2792	5
2793	9
2794	6
2795	7
2796	13
2797	10
2798	8
2799	7
2800	5
2801	7
2802	9
2803	9
2804	16
2805	8
2806	16
2807	7
2808	6
2809	14
2810	2
2811	5
2812	13
2813	12
2814	9
2815	10
2816	7
2817	3
2818	7
2819	4
2820	11
2821	10
2822	13
2823	8
2824	8
2825	10
2826	7
2827	5
2828	13
2829	5
2830	9
2831	10
2832	9
2833	12
2834	10
2835	12
2836	10
2837	9
2838	6
2839	7
2840	7
2841	13
2842	10
2843	6
2844	8
2845	12
2846	8
2847	10
2848	10
2849	5
2850	8
2851	8
2852	12
2853	8
2854	8
2855	7
2856	6
2857	9
2858	8
2859	6
2860	10
2861	9
2862	6
2863	9
2864	12
2865	9
2866	7
2867	7
2868	7
2869	8
2870	7
2871	4
2872	7
2873	12
2874	6
2875	2
2876	4
2877	9
2878	12
2879	11
2880	11
2881	3
2882	12
2883	9
2884	14
2885	7
2886	9
2887	7
2888	8
2889	10
2890	9
2891	12
2892	13
2893	7
2894	8
2895	7
2896	7
2897	5
2898	14
2899	11
2900	9
2901	9
2902	12
2903	5
2904	16
2905	9
2906	12
2907	9
2908	12
2909	6
2910	10
2911	7
2912	11
2913	10
2914	7
2915	4
2916	8
2917	7
2918	10
2919	9
2920	2
2921	14
2922	6
2923	6
2924	9
2925	10
2926	4
2927	6
2928	5
2929	7
2930	9
2931	11
2932	9
2933	7
2934	10
2935	6
2936	5
2937	13
2938	2
2939	10
2940	8
2941	10
2942	7
2943	6
2944	9
2945	6
2946	10
2947	7
2948	12
2949	6
2950	9
2951	5
2952	12
2953	13
2954	3
2955	8
2956	11
2957	6
2958	6
2959	6
2960	10
2961	7
2962	12
2963	13
2964	8
2965	7
2966	5
2967	6
2968	8
2969	13
2970	9
2971	8
2972	9
2973	6
2974	4
2975	10
2976	4
2977	3
2978	11
2979	7
2980	6
2981	3
2982	11
2983	4
2984	7
2985	3
2986	4
2987	5
2988	8
2989	3
2990	5
2991	3
2992	4
2993	5
2994	8
2995	7
2996	10
2997	7
2998	13
2999	6
3000	12
3001	8
3002	4
3003	10
3004	12
3005	3
3006	11
3007	7
3008	8
3009	4
3010	8
3011	7
3012	10
3013	3
3014	1
3015	3
3016	7
3017	11
3018	5
3019	8
3020	11
3021	7
3022	5
3023	3
3024	3
3025	7
3026	11
3027	6
3028	4
3029	2
3030	5
3031	7
3032	11
3033	4
3034	3
3035	3
3036	4
3037	5
3038	6
3039	1
3040	5
3041	4
3042	8
3043	7
3044	7
3045	2
3046	10
3047	5
3048	6
3049	9
3050	6
3051	6
3052	6
3053	4
3054	4
3055	3
3056	7
3057	6
3058	7
3059	8
3060	8
3061	10
3062	8
3063	4
3064	6
3065	5
3066	3
3067	4
3068	4
3069	3
3070	6
3071	3
3072	7
3073	6
3074	3
3075	4
3076	6
3077	3
3078	8
3079	8
3080	3
3081	4
3082	2
3083	7
3084	4
3085	12
3086	9
3087	3
3088	3
3089	0
3090	8
3091	5
3092	3
3093	2
3094	5
3095	5
3096	5
3097	9
3098	6
3099	8
3100	7
3101	4
3102	4
3103	5
3104	1
3105	2
3106	9
3107	10
3108	2
3109	6
3110	7
3111	5
3112	5
3113	7
3114	4
3115	8
3116	8
3117	5
3118	4
3119	5
3120	1
3121	5
3122	9
3123	9
3124	12
3125	4
3126	7
3127	3
3128	4
3129	4
3130	6
3131	6
3132	3
3133	9
3134	4
3135	3
3136	6
3137	6
3138	5
3139	5
3140	4
3141	4
3142	6
3143	2
3144	4
3145	1
3146	5
3147	2
3148	4
3149	6
3150	3
3151	5
3152	2
3153	4
3154	5
3155	6
3156	4
3157	3
3158	5
3159	3
3160	6
3161	5
3162	5
3163	4
3164	4
3165	5
3166	6
3167	3
3168	5
3169	2
3170	5
3171	3
3172	3
3173	8
3174	9
3175	6
3176	4
3177	6
3178	3
3179	3
3180	8
3181	8
3182	1
3183	4
3184	3
3185	9
3186	8
3187	4
3188	5
3189	1
3190	2
3191	2
3192	1
3193	8
3194	0
3195	3
3196	5
3197	8
3198	2
3199	0
3200	5
3201	4
3202	6
3203	5
3204	5
3205	4
3206	4
3207	4
3208	8
3209	8
3210	7
3211	8
3212	1
3213	1
3214	1
3215	3
3216	4
3217	4
3218	3
3219	8
3220	4
3221	3
3222	5
3223	2
3224	3
3225	6
3226	4
3227	3
3228	4
3229	4
3230	4
3231	8
3232	4
3233	6
3234	5
3235	1
3236	4
3237	3
3238	2
3239	2
3240	4
3241	10
3242	1
3243	5
3244	6
3245	3
3246	2
3247	2
3248	3
3249	2
3250	6
3251	5
3252	3
3253	4
3254	3
3255	2
3256	5
3257	10
3258	1
3259	6
3260	6
3261	4
3262	4
3263	3
3264	4
3265	6
3266	2
3267	5
3268	2
3269	2
3270	5
3271	4
3272	7
3273	8
3274	3
3275	4
3276	3
3277	2
3278	1
3279	4
3280	3
3281	1
3282	2
3283	1
3284	4
3285	1
3286	3
3287	2
3288	3
3289	4
3290	1
3291	6
3292	1
3293	2
3294	3
3295	5
3296	3
3297	5
3298	5
3299	1
3300	5
3301	2
3302	3
3303	1
3304	5
3305	6
3306	6
3307	3
3308	3
3309	7
3310	2
3311	4
3312	5
3313	1
3314	4
3315	6
3316	5
3317	3
3318	3
3319	2
3320	0
3321	4
3322	1
3323	3
3324	6
3325	5
3326	6
3327	2
3328	2
3329	3
3330	6
3331	0
3332	4
3333	1
3334	4
3335	1
3336	3
3337	6
3338	1
3339	0
3340	2
3341	6
3342	2
3343	4
3344	3
3345	4
3346	3
3347	2
3348	1
3349	3
3350	5
3351	3
3352	2
3353	7
3354	1
3355	3
3356	3
3357	4
3358	1
3359	2
3360	1
3361	6
3362	3
3363	5
3364	3
3365	1
3366	4
3367	3
3368	3
3369	3
3370	2
3371	1
3372	5
3373	2
3374	3
3375	3
3376	3
3377	1
3378	2
3379	2
3380	7
3381	2
3382	0
3383	0
3384	4
3385	7
3386	0
3387	3
3388	4
3389	1
3390	0
3391	2
3392	2
3393	3
3394	5
3395	3
3396	3
3397	2
3398	1
3399	3
3400	3
3401	5
3402	4
3403	2
3404	5
3405	4
3406	2
3407	1
3408	2
3409	3
3410	1
3411	2
3412	3
3413	4
3414	4
3415	3
3416	5
3417	5
3418	2
3419	6
3420	1
3421	0
3422	1
3423	2
3424	1
3425	0
3426	4
3427	1
3428	1
3429	3
3430	2
3431	5
3432	0
3433	3
3434	3
3435	0
3436	1
3437	3
3438	3
3439	3
3440	2
3441	2
3442	3
3443	4
3444	4
3445	2
3446	1
3447	2
3448	1
3449	2
3450	2
3451	3
3452	3
3453	4
3454	4
3455	1
3456	3
3457	6
3458	5
3459	0
3460	5
3461	3
3462	4
3463	1
3464	0
3465	3
3466	1
3467	0
3468	2
3469	2
3470	0
3471	2
3472	6
3473	2
3474	4
3475	2
3476	0
3477	2
3478	0
3479	3
3480	4
3481	1
3482	0
3483	4
3484	2
3485	0
3486	1
3487	5
3488	1
3489	4
3490	4
3491	2
3492	2
3493	2
3494	5
3495	5
3496	0
3497	2
3498	0
3499	0
3500	4
3501	3
3502	1
3503	2
3504	3
3505	4
3506	4
3507	2
3508	2
3509	0
3510	1
3511	3
3512	0
3513	2
3514	5
3515	1
3516	3
3517	1
3518	2
3519	1
3520	4
3521	0
3522	5
3523	1
3524	4
3525	1
3526	3
3527	3
3528	0
3529	3
3530	2
3531	2
3532	0
3533	5
3534	4
3535	0
3536	2
3537	4
3538	4
3539	5
3540	1
3541	0
3542	1
3543	1
3544	4
3545	2
3546	2
3547	2
3548	3
3549	2
3550	0
3551	1
3552	0
3553	3
3554	0
3555	3
3556	3
3557	3
3558	0
3559	0
3560	2
3561	1
3562	0
3563	1
3564	4
3565	3
3566	0
3567	0
3568	2
3569	0
3570	3
3571	1
3572	2
3573	0
3574	2
3575	2
3576	2
3577	2
3578	3
3579	2
3580	7
3581	2
3582	1
3583	1
3584	3
3585	4
3586	1
3587	0
3588	0
3589	3
3590	4
3591	5
3592	2
3593	1
3594	1
3595	1
3596	3
3597	2
3598	0
3599	1
3600	0
3601	0
3602	1
3603	1
3604	2
3605	1
3606	0
3607	2
3608	0
3609	1
3610	0
3611	2
3612	1
3613	3
3614	0
3615	0
3616	3
3617	1
3618	3
3619	1
3620	6
3621	0
3622	4
3623	1
3624	1
3625	2
3626	0
3627	0
3628	3
3629	2
3630	1
3631	2
3632	2
3633	1
3634	4
3635	3
3636	1
3637	3
3638	1
3639	2
3640	2
3641	2
3642	2
3643	2
3644	1
3645	3
3646	3
3647	0
3648	0
3649	1
3650	0
3651	0
3652	3
3653	0
3654	2
3655	1
3656	2
3657	0
3658	1
3659	1
3660	2
3661	0
3662	2
3663	1
3664	1
3665	1
3666	1
3667	2
3668	3
3669	1
3670	1
3671	2
3672	1
3673	0
3674	0
3675	3
3676	4
3677	1
3678	0
3679	0
3680	1
3681	4
3682	0
3683	0
3684	4
3685	1
3686	1
3687	0
3688	0
3689	1
3690	1
3691	1
3692	1
3693	0
3694	1
3695	1
3696	1
3697	0
3698	4
3699	1
3700	1
3701	0
3702	2
3703	1
3704	0
3705	2
3706	2
3707	0
3708	3
3709	1
3710	1
3711	0
3712	0
3713	0
3714	0
3715	1
3716	1
3717	0
3718	4
3719	1
3720	1
3721	3
3722	1
3723	0
3724	0
3725	0
3726	0
3727	2
3728	1
3729	1
3730	2
3731	0
3732	1
3733	1
3734	1
3735	3
3736	0
3737	1
3738	0
3739	0
3740	1
3741	0
3742	0
3743	2
3744	0
3745	0
3746	3
3747	0
3748	1
3749	0
3750	0
3751	2
3752	0
3753	4
3754	0
3755	0
3756	1
3757	0
3758	0
3759	1
3760	1
3761	1
3762	1
3763	0
3764	1
3765	0
3766	0
3767	2
3768	0
3769	0
3770	1
3771	3
3772	1
3773	3
3774	1
3775	0
3776	0
3777	0
3778	0
3779	2
3780	0
3781	0
3782	1
3783	1
3784	0
3785	1
3786	1
3787	1
3788	0
3789	1
3790	1
3791	1
3792	0
3793	1
3794	1
3795	0
3796	0
3797	1
3798	1
3799	0
3800	1
3801	1
3802	1
3803	0
3804	3
3805	0
3806	0
3807	1
3808	2
3809	1
3810	0
3811	0
3812	1
3813	1
3814	0
3815	1
3816	2
3817	0
3818	0
3819	1
3820	2
3821	1
3822	1
3823	0
3824	1
3825	0
3826	0
3827	1
3828	0
3829	0
3830	1
3831	0
3832	0
3833	0
3834	0
3835	0
3836	0
3837	1
3838	2
3839	0
3840	1
3841	1
3842	0
3843	0
3844	2
3845	1
3846	0
3847	0
3848	1
3849	0
3850	1
3851	1
3852	0
3853	1
3854	0
3855	1
3856	0
3857	2
3858	0
3859	2
3860	0
3861	1
3862	1
3863	0
3864	0
3865	0
3866	0
3867	0
3868	1
3869	0
3870	0
3871	0
3872	0
3873	0
3874	0
3875	0
3876	0
3877	0
3878	0
3879	0
3880	0
3881	1
3882	0
3883	0
3884	1
3885	0
3886	0
3887	0
3888	0
3889	1
3890	0
3891	1
3892	0
3893	0
3894	2
3895	0
3896	0
3897	0
3898	0
3899	0
3900	0
3901	1
3902	0
3903	1
3904	0
3905	2
3906	0
3907	0
3908	0
3909	0
3910	0
3911	0
3912	0
3913	0
3914	0
3915	0
3916	0
3917	0
3918	0
3919	0
3920	0
3921	0
3922	0
3923	0
3924	0
3925	0
3926	0
3927	0
3928	0
3929	0
3930	0
3931	1
3932	0
3933	0
3934	0
3935	0
3936	0
3937	0
3938	0
3939	0
3940	0
3941	0
3942	0
3943	0
3944	0
3945	1
3946	0
3947	0
3948	1
3949	1
3950	0
3951	0
3952	0
3953	0
3954	0
3955	0
3956	0
3957	0
3958	0
3959	0
3960	0
3961	0
3962	0
3963	1
3964	0
3965	1
3966	2
3967	0
3968	0
3969	0
3970	2
3971	0
3972	0
3973	0
3974	0
3975	0
3976	0
3977	0
3978	0
3979	0
3980	0
3981	0
3982	0
3983	0
3984	0
3985	0
3986	0
3987	0
3988	0
3989	0
3990	0
3991	0
3992	0
3993	0
3994	0
3995	0
3996	0
3997	0
3998	0
3999	0
4000	0
