Channel number	Impulses
Channel/#	Impulses/#

0	0
1	0
2	0
3	0
4	0
5	0
6	0
7	0
8	0
9	0
10	0
11	0
12	0
13	0
14	0
15	0
16	0
17	0
18	0
19	0
20	0
21	0
22	0
23	0
24	0
25	0
26	0
27	0
28	0
29	0
30	0
31	0
32	0
33	0
34	0
35	0
36	0
37	0
38	0
39	0
40	0
41	0
42	0
43	0
44	0
45	1
46	0
47	0
48	0
49	0
50	0
51	1
52	2
53	1
54	2
55	6
56	3
57	8
58	10
59	12
60	9
61	11
62	7
63	17
64	2
65	11
66	7
67	6
68	10
69	10
70	7
71	14
72	10
73	11
74	8
75	4
76	11
77	12
78	8
79	14
80	9
81	10
82	9
83	9
84	9
85	7
86	6
87	16
88	6
89	11
90	9
91	9
92	8
93	10
94	11
95	11
96	4
97	8
98	13
99	12
100	4
101	7
102	8
103	9
104	8
105	6
106	9
107	11
108	17
109	6
110	6
111	18
112	2
113	15
114	9
115	9
116	6
117	6
118	9
119	8
120	6
121	6
122	7
123	9
124	12
125	7
126	12
127	16
128	5
129	7
130	8
131	10
132	12
133	8
134	7
135	7
136	9
137	15
138	6
139	10
140	10
141	8
142	8
143	9
144	5
145	6
146	7
147	16
148	9
149	12
150	7
151	12
152	3
153	9
154	6
155	4
156	12
157	5
158	10
159	11
160	2
161	13
162	7
163	10
164	4
165	10
166	5
167	11
168	4
169	10
170	8
171	4
172	6
173	15
174	8
175	8
176	5
177	11
178	9
179	12
180	8
181	7
182	7
183	8
184	8
185	8
186	6
187	8
188	7
189	16
190	3
191	19
192	4
193	8
194	9
195	14
196	8
197	4
198	12
199	4
200	6
201	10
202	5
203	9
204	9
205	10
206	8
207	14
208	5
209	9
210	4
211	8
212	9
213	16
214	8
215	6
216	8
217	7
218	10
219	13
220	5
221	7
222	10
223	14
224	8
225	15
226	8
227	3
228	11
229	13
230	13
231	18
232	9
233	15
234	7
235	11
236	12
237	15
238	12
239	9
240	10
241	7
242	5
243	7
244	12
245	11
246	9
247	10
248	5
249	8
250	8
251	15
252	7
253	11
254	5
255	18
256	1
257	10
258	9
259	11
260	9
261	9
262	10
263	9
264	7
265	14
266	12
267	12
268	13
269	10
270	9
271	13
272	8
273	10
274	11
275	11
276	12
277	12
278	6
279	20
280	4
281	12
282	9
283	16
284	12
285	12
286	14
287	18
288	7
289	18
290	10
291	15
292	10
293	11
294	16
295	19
296	11
297	19
298	10
299	11
300	12
301	20
302	16
303	31
304	8
305	13
306	7
307	10
308	16
309	10
310	13
311	14
312	4
313	14
314	13
315	23
316	15
317	22
318	12
319	16
320	4
321	16
322	17
323	17
324	11
325	17
326	11
327	25
328	10
329	15
330	9
331	6
332	16
333	20
334	14
335	24
336	14
337	10
338	16
339	18
340	14
341	10
342	22
343	14
344	11
345	15
346	9
347	14
348	14
349	16
350	12
351	17
352	10
353	8
354	13
355	17
356	11
357	14
358	10
359	9
360	11
361	9
362	9
363	15
364	20
365	11
366	12
367	14
368	12
369	13
370	15
371	12
372	11
373	9
374	12
375	15
376	10
377	16
378	12
379	17
380	11
381	12
382	13
383	27
384	6
385	13
386	12
387	16
388	11
389	5
390	11
391	14
392	13
393	12
394	12
395	2
396	14
397	9
398	8
399	13
400	12
401	9
402	20
403	11
404	7
405	9
406	8
407	9
408	4
409	10
410	17
411	11
412	9
413	15
414	6
415	17
416	5
417	8
418	9
419	11
420	14
421	15
422	16
423	7
424	11
425	20
426	13
427	5
428	7
429	10
430	12
431	8
432	6
433	12
434	11
435	12
436	14
437	12
438	9
439	13
440	7
441	9
442	4
443	9
444	16
445	17
446	11
447	23
448	5
449	8
450	6
451	9
452	17
453	13
454	8
455	10
456	10
457	13
458	8
459	12
460	8
461	4
462	10
463	17
464	11
465	12
466	8
467	9
468	11
469	6
470	13
471	6
472	12
473	12
474	16
475	18
476	12
477	9
478	16
479	14
480	7
481	11
482	10
483	9
484	14
485	9
486	14
487	7
488	5
489	13
490	14
491	8
492	10
493	14
494	14
495	14
496	12
497	11
498	13
499	15
500	13
501	12
502	17
503	9
504	10
505	9
506	11
507	14
508	17
509	10
510	15
511	24
512	3
513	12
514	11
515	16
516	15
517	14
518	15
519	14
520	8
521	17
522	10
523	16
524	15
525	15
526	31
527	11
528	9
529	18
530	14
531	18
532	16
533	11
534	18
535	18
536	13
537	18
538	16
539	19
540	18
541	16
542	7
543	25
544	11
545	24
546	18
547	15
548	10
549	17
550	14
551	20
552	12
553	15
554	12
555	29
556	22
557	21
558	22
559	24
560	14
561	18
562	21
563	21
564	18
565	10
566	23
567	22
568	9
569	15
570	18
571	23
572	12
573	19
574	21
575	21
576	10
577	17
578	23
579	22
580	25
581	19
582	18
583	16
584	7
585	22
586	15
587	13
588	21
589	22
590	15
591	29
592	8
593	15
594	14
595	19
596	18
597	21
598	17
599	13
600	11
601	20
602	22
603	14
604	11
605	14
606	19
607	18
608	11
609	9
610	22
611	20
612	17
613	17
614	20
615	12
616	15
617	25
618	12
619	10
620	19
621	23
622	14
623	24
624	12
625	13
626	17
627	16
628	23
629	23
630	23
631	24
632	16
633	14
634	19
635	23
636	18
637	25
638	22
639	30
640	8
641	15
642	21
643	16
644	19
645	17
646	27
647	13
648	15
649	24
650	16
651	15
652	21
653	30
654	22
655	26
656	19
657	23
658	34
659	20
660	23
661	16
662	22
663	19
664	22
665	25
666	26
667	31
668	21
669	38
670	30
671	42
672	19
673	37
674	35
675	41
676	36
677	29
678	48
679	46
680	32
681	44
682	38
683	53
684	63
685	52
686	65
687	71
688	52
689	88
690	81
691	81
692	69
693	69
694	100
695	90
696	87
697	124
698	82
699	142
700	124
701	122
702	110
703	168
704	106
705	172
706	189
707	209
708	218
709	160
710	271
711	218
712	209
713	282
714	250
715	293
716	335
717	342
718	334
719	453
720	256
721	407
722	434
723	497
724	482
725	400
726	569
727	533
728	499
729	711
730	589
731	658
732	619
733	678
734	739
735	1051
736	557
737	791
738	840
739	839
740	1001
741	864
742	1153
743	1087
744	928
745	1220
746	964
747	1184
748	1293
749	1233
750	1262
751	1463
752	958
753	1247
754	1371
755	1467
756	1351
757	1250
758	1659
759	1561
760	1210
761	1674
762	1370
763	1615
764	1554
765	1549
766	1669
767	2294
768	716
769	1378
770	1609
771	1668
772	1693
773	1487
774	1759
775	1549
776	1423
777	1765
778	1338
779	1608
780	1596
781	1511
782	1495
783	1596
784	1192
785	1540
786	1465
787	1655
788	1305
789	1210
790	1468
791	1198
792	1116
793	1299
794	1041
795	1290
796	1069
797	1052
798	1025
799	1297
800	699
801	923
802	883
803	900
804	878
805	696
806	895
807	711
808	565
809	761
810	524
811	592
812	588
813	558
814	526
815	518
816	399
817	472
818	476
819	431
820	409
821	333
822	433
823	338
824	251
825	357
826	270
827	338
828	258
829	284
830	273
831	335
832	165
833	217
834	247
835	248
836	240
837	190
838	262
839	215
840	212
841	268
842	204
843	231
844	226
845	220
846	191
847	243
848	158
849	208
850	250
851	263
852	250
853	189
854	263
855	221
856	218
857	295
858	242
859	266
860	282
861	247
862	223
863	330
864	185
865	269
866	297
867	271
868	305
869	209
870	290
871	305
872	238
873	322
874	244
875	248
876	283
877	271
878	273
879	305
880	219
881	242
882	283
883	283
884	248
885	233
886	277
887	206
888	200
889	285
890	189
891	258
892	206
893	182
894	211
895	302
896	145
897	162
898	176
899	170
900	193
901	142
902	169
903	130
904	140
905	168
906	113
907	129
908	135
909	128
910	111
911	111
912	91
913	102
914	93
915	110
916	76
917	80
918	74
919	56
920	57
921	77
922	53
923	54
924	44
925	48
926	52
927	64
928	33
929	40
930	45
931	25
932	40
933	14
934	37
935	27
936	27
937	26
938	20
939	18
940	25
941	6
942	22
943	20
944	11
945	23
946	16
947	8
948	11
949	14
950	6
951	11
952	8
953	9
954	11
955	6
956	4
957	1
958	4
959	7
960	4
961	6
962	12
963	6
964	2
965	9
966	7
967	9
968	5
969	6
970	4
971	3
972	12
973	7
974	11
975	9
976	1
977	6
978	5
979	6
980	4
981	4
982	5
983	1
984	5
985	4
986	9
987	6
988	5
989	11
990	5
991	7
992	5
993	3
994	7
995	4
996	6
997	5
998	7
999	4
1000	7
1001	8
1002	9
1003	6
1004	4
1005	5
1006	8
1007	13
1008	3
1009	9
1010	3
1011	7
1012	7
1013	3
1014	6
1015	0
1016	5
1017	12
1018	9
1019	3
1020	4
1021	6
1022	6
1023	8
1024	0
1025	1
1026	3
1027	5
1028	3
1029	1
1030	4
1031	4
1032	5
1033	4
1034	3
1035	3
1036	1
1037	2
1038	3
1039	8
1040	2
1041	2
1042	1
1043	2
1044	1
1045	4
1046	3
1047	1
1048	3
1049	3
1050	1
1051	6
1052	3
1053	4
1054	2
1055	3
1056	1
1057	3
1058	2
1059	4
1060	5
1061	1
1062	6
1063	6
1064	5
1065	4
1066	4
1067	6
1068	3
1069	4
1070	1
1071	3
1072	1
1073	2
1074	4
1075	7
1076	5
1077	2
1078	2
1079	3
1080	4
1081	2
1082	2
1083	2
1084	6
1085	2
1086	2
1087	2
1088	0
1089	6
1090	7
1091	3
1092	6
1093	2
1094	2
1095	2
1096	4
1097	3
1098	6
1099	2
1100	2
1101	1
1102	5
1103	8
1104	1
1105	3
1106	1
1107	4
1108	4
1109	2
1110	2
1111	8
1112	4
1113	7
1114	3
1115	7
1116	5
1117	4
1118	9
1119	8
1120	3
1121	2
1122	2
1123	2
1124	5
1125	4
1126	4
1127	2
1128	2
1129	8
1130	4
1131	3
1132	5
1133	4
1134	3
1135	5
1136	2
1137	4
1138	1
1139	1
1140	1
1141	3
1142	4
1143	4
1144	2
1145	6
1146	1
1147	8
1148	5
1149	3
1150	1
1151	4
1152	3
1153	1
1154	4
1155	4
1156	3
1157	4
1158	8
1159	3
1160	6
1161	3
1162	1
1163	3
1164	3
1165	1
1166	5
1167	5
1168	4
1169	4
1170	6
1171	5
1172	2
1173	2
1174	7
1175	1
1176	4
1177	4
1178	3
1179	4
1180	2
1181	1
1182	5
1183	8
1184	1
1185	3
1186	6
1187	6
1188	4
1189	5
1190	8
1191	3
1192	5
1193	1
1194	2
1195	0
1196	1
1197	6
1198	1
1199	2
1200	4
1201	3
1202	3
1203	5
1204	5
1205	3
1206	4
1207	2
1208	1
1209	3
1210	7
1211	3
1212	5
1213	4
1214	0
1215	6
1216	5
1217	3
1218	3
1219	1
1220	6
1221	4
1222	4
1223	3
1224	1
1225	2
1226	5
1227	9
1228	6
1229	2
1230	3
1231	3
1232	3
1233	6
1234	2
1235	0
1236	2
1237	1
1238	4
1239	1
1240	3
1241	7
1242	2
1243	2
1244	1
1245	4
1246	2
1247	3
1248	2
1249	2
1250	2
1251	5
1252	6
1253	1
1254	9
1255	6
1256	2
1257	3
1258	0
1259	5
1260	5
1261	3
1262	11
1263	2
1264	5
1265	3
1266	4
1267	3
1268	2
1269	3
1270	5
1271	2
1272	2
1273	2
1274	1
1275	1
1276	4
1277	3
1278	3
1279	4
1280	2
1281	3
1282	3
1283	3
1284	1
1285	7
1286	4
1287	9
1288	2
1289	5
1290	1
1291	5
1292	6
1293	6
1294	4
1295	4
1296	3
1297	2
1298	5
1299	8
1300	3
1301	2
1302	5
1303	4
1304	4
1305	1
1306	2
1307	6
1308	1
1309	4
1310	1
1311	9
1312	1
1313	3
1314	3
1315	5
1316	4
1317	3
1318	4
1319	7
1320	5
1321	3
1322	4
1323	7
1324	2
1325	5
1326	5
1327	5
1328	1
1329	2
1330	2
1331	4
1332	3
1333	3
1334	6
1335	2
1336	3
1337	6
1338	1
1339	5
1340	4
1341	6
1342	5
1343	6
1344	1
1345	3
1346	3
1347	3
1348	3
1349	4
1350	3
1351	4
1352	3
1353	6
1354	1
1355	4
1356	6
1357	7
1358	1
1359	6
1360	2
1361	5
1362	3
1363	2
1364	3
1365	2
1366	2
1367	1
1368	6
1369	4
1370	4
1371	3
1372	4
1373	4
1374	4
1375	5
1376	2
1377	7
1378	4
1379	1
1380	9
1381	4
1382	4
1383	2
1384	3
1385	4
1386	4
1387	0
1388	5
1389	1
1390	3
1391	6
1392	2
1393	3
1394	2
1395	3
1396	3
1397	4
1398	6
1399	1
1400	1
1401	5
1402	3
1403	6
1404	6
1405	6
1406	5
1407	1
1408	3
1409	3
1410	5
1411	3
1412	3
1413	7
1414	3
1415	2
1416	3
1417	6
1418	4
1419	2
1420	2
1421	2
1422	0
1423	3
1424	7
1425	3
1426	3
1427	3
1428	6
1429	7
1430	3
1431	5
1432	6
1433	6
1434	3
1435	4
1436	4
1437	1
1438	1
1439	5
1440	2
1441	4
1442	4
1443	4
1444	6
1445	2
1446	5
1447	2
1448	2
1449	7
1450	4
1451	1
1452	4
1453	4
1454	4
1455	2
1456	2
1457	2
1458	3
1459	4
1460	6
1461	4
1462	4
1463	4
1464	4
1465	4
1466	1
1467	10
1468	7
1469	4
1470	3
1471	6
1472	3
1473	4
1474	1
1475	3
1476	5
1477	3
1478	2
1479	1
1480	1
1481	2
1482	2
1483	2
1484	4
1485	2
1486	2
1487	3
1488	4
1489	7
1490	6
1491	8
1492	2
1493	2
1494	4
1495	1
1496	3
1497	1
1498	4
1499	5
1500	8
1501	5
1502	6
1503	6
1504	4
1505	3
1506	1
1507	4
1508	1
1509	6
1510	8
1511	7
1512	1
1513	4
1514	4
1515	4
1516	1
1517	3
1518	5
1519	10
1520	2
1521	5
1522	3
1523	6
1524	5
1525	1
1526	4
1527	6
1528	3
1529	8
1530	5
1531	1
1532	5
1533	6
1534	3
1535	7
1536	3
1537	0
1538	4
1539	6
1540	10
1541	3
1542	7
1543	7
1544	5
1545	7
1546	7
1547	5
1548	2
1549	7
1550	1
1551	5
1552	3
1553	6
1554	4
1555	7
1556	4
1557	3
1558	6
1559	4
1560	3
1561	2
1562	4
1563	6
1564	4
1565	3
1566	6
1567	4
1568	3
1569	5
1570	5
1571	3
1572	5
1573	3
1574	5
1575	4
1576	4
1577	6
1578	5
1579	2
1580	4
1581	9
1582	7
1583	7
1584	3
1585	7
1586	3
1587	3
1588	3
1589	3
1590	5
1591	8
1592	4
1593	2
1594	3
1595	7
1596	4
1597	1
1598	4
1599	4
1600	4
1601	2
1602	2
1603	2
1604	11
1605	7
1606	9
1607	4
1608	3
1609	3
1610	5
1611	3
1612	5
1613	5
1614	5
1615	5
1616	4
1617	4
1618	1
1619	4
1620	2
1621	4
1622	4
1623	1
1624	4
1625	5
1626	3
1627	5
1628	4
1629	7
1630	4
1631	5
1632	5
1633	7
1634	7
1635	9
1636	5
1637	5
1638	9
1639	7
1640	4
1641	8
1642	2
1643	5
1644	5
1645	5
1646	2
1647	4
1648	2
1649	4
1650	7
1651	6
1652	6
1653	6
1654	9
1655	4
1656	5
1657	6
1658	4
1659	2
1660	2
1661	9
1662	3
1663	10
1664	4
1665	3
1666	9
1667	4
1668	2
1669	4
1670	6
1671	5
1672	2
1673	6
1674	2
1675	5
1676	9
1677	5
1678	6
1679	7
1680	2
1681	5
1682	5
1683	11
1684	7
1685	7
1686	8
1687	3
1688	2
1689	2
1690	4
1691	11
1692	3
1693	5
1694	8
1695	2
1696	2
1697	4
1698	4
1699	3
1700	12
1701	6
1702	10
1703	7
1704	4
1705	8
1706	5
1707	13
1708	8
1709	6
1710	6
1711	6
1712	5
1713	7
1714	4
1715	10
1716	10
1717	12
1718	4
1719	6
1720	3
1721	11
1722	5
1723	9
1724	10
1725	5
1726	4
1727	5
1728	2
1729	7
1730	5
1731	4
1732	11
1733	4
1734	9
1735	4
1736	6
1737	5
1738	4
1739	5
1740	4
1741	9
1742	7
1743	4
1744	4
1745	6
1746	8
1747	5
1748	2
1749	5
1750	7
1751	3
1752	7
1753	6
1754	3
1755	5
1756	4
1757	11
1758	8
1759	5
1760	3
1761	7
1762	6
1763	2
1764	9
1765	1
1766	12
1767	4
1768	3
1769	5
1770	3
1771	9
1772	5
1773	4
1774	2
1775	9
1776	5
1777	5
1778	7
1779	10
1780	9
1781	5
1782	3
1783	4
1784	3
1785	12
1786	5
1787	4
1788	3
1789	1
1790	6
1791	8
1792	5
1793	5
1794	5
1795	5
1796	7
1797	4
1798	5
1799	6
1800	5
1801	6
1802	9
1803	10
1804	10
1805	5
1806	4
1807	9
1808	4
1809	5
1810	12
1811	5
1812	8
1813	2
1814	11
1815	2
1816	4
1817	8
1818	2
1819	6
1820	11
1821	14
1822	7
1823	13
1824	5
1825	6
1826	7
1827	4
1828	9
1829	5
1830	12
1831	8
1832	6
1833	12
1834	7
1835	10
1836	15
1837	12
1838	7
1839	3
1840	10
1841	9
1842	14
1843	5
1844	7
1845	6
1846	6
1847	10
1848	8
1849	14
1850	10
1851	15
1852	14
1853	6
1854	12
1855	9
1856	7
1857	11
1858	13
1859	11
1860	12
1861	12
1862	10
1863	10
1864	17
1865	5
1866	7
1867	9
1868	15
1869	12
1870	13
1871	13
1872	14
1873	9
1874	5
1875	19
1876	6
1877	14
1878	14
1879	17
1880	9
1881	12
1882	9
1883	16
1884	16
1885	18
1886	16
1887	11
1888	11
1889	10
1890	11
1891	10
1892	18
1893	10
1894	22
1895	10
1896	11
1897	17
1898	6
1899	8
1900	12
1901	14
1902	11
1903	12
1904	14
1905	14
1906	12
1907	16
1908	19
1909	13
1910	18
1911	13
1912	10
1913	12
1914	8
1915	13
1916	14
1917	11
1918	6
1919	19
1920	6
1921	9
1922	11
1923	11
1924	11
1925	9
1926	7
1927	8
1928	8
1929	10
1930	11
1931	8
1932	5
1933	10
1934	4
1935	4
1936	10
1937	3
1938	8
1939	11
1940	5
1941	5
1942	6
1943	3
1944	3
1945	4
1946	3
1947	3
1948	6
1949	1
1950	3
1951	6
1952	4
1953	1
1954	7
1955	5
1956	9
1957	1
1958	2
1959	2
1960	1
1961	5
1962	1
1963	0
1964	6
1965	3
1966	4
1967	0
1968	4
1969	6
1970	4
1971	5
1972	4
1973	1
1974	3
1975	0
1976	2
1977	2
1978	1
1979	1
1980	2
1981	1
1982	2
1983	2
1984	0
1985	2
1986	5
1987	3
1988	3
1989	3
1990	5
1991	2
1992	2
1993	2
1994	2
1995	4
1996	1
1997	1
1998	3
1999	3
2000	4
2001	4
2002	4
2003	3
2004	2
2005	3
2006	1
2007	2
2008	1
2009	3
2010	4
2011	5
2012	7
2013	2
2014	6
2015	1
2016	1
2017	2
2018	4
2019	1
2020	3
2021	1
2022	4
2023	1
2024	3
2025	1
2026	7
2027	4
2028	1
2029	5
2030	3
2031	1
2032	1
2033	3
2034	1
2035	1
2036	3
2037	2
2038	4
2039	3
2040	2
2041	2
2042	3
2043	3
2044	1
2045	0
2046	0
2047	5
2048	3
2049	1
2050	2
2051	4
2052	3
2053	1
2054	3
2055	4
2056	2
2057	1
2058	3
2059	1
2060	5
2061	2
2062	3
2063	3
2064	2
2065	3
2066	3
2067	6
2068	2
2069	2
2070	7
2071	3
2072	3
2073	0
2074	3
2075	5
2076	4
2077	1
2078	2
2079	3
2080	2
2081	2
2082	4
2083	2
2084	6
2085	4
2086	2
2087	1
2088	1
2089	1
2090	3
2091	2
2092	6
2093	3
2094	2
2095	2
2096	1
2097	1
2098	1
2099	5
2100	4
2101	2
2102	2
2103	3
2104	0
2105	3
2106	2
2107	4
2108	2
2109	4
2110	2
2111	1
2112	2
2113	3
2114	0
2115	2
2116	3
2117	5
2118	2
2119	1
2120	2
2121	2
2122	1
2123	4
2124	1
2125	4
2126	3
2127	3
2128	1
2129	5
2130	2
2131	7
2132	4
2133	2
2134	2
2135	4
2136	3
2137	3
2138	3
2139	3
2140	2
2141	2
2142	2
2143	2
2144	3
2145	3
2146	2
2147	2
2148	4
2149	1
2150	1
2151	2
2152	0
2153	5
2154	3
2155	4
2156	3
2157	4
2158	3
2159	2
2160	0
2161	3
2162	3
2163	5
2164	2
2165	1
2166	3
2167	1
2168	2
2169	5
2170	4
2171	3
2172	0
2173	1
2174	1
2175	6
2176	2
2177	2
2178	3
2179	5
2180	5
2181	1
2182	4
2183	3
2184	1
2185	2
2186	3
2187	1
2188	1
2189	5
2190	3
2191	2
2192	0
2193	4
2194	1
2195	3
2196	1
2197	1
2198	1
2199	2
2200	4
2201	5
2202	1
2203	2
2204	1
2205	2
2206	4
2207	2
2208	1
2209	1
2210	1
2211	2
2212	0
2213	1
2214	0
2215	0
2216	3
2217	2
2218	3
2219	4
2220	0
2221	2
2222	2
2223	1
2224	1
2225	0
2226	4
2227	0
2228	0
2229	1
2230	3
2231	1
2232	1
2233	0
2234	2
2235	2
2236	2
2237	0
2238	1
2239	1
2240	3
2241	1
2242	2
2243	0
2244	0
2245	1
2246	1
2247	0
2248	1
2249	1
2250	2
2251	2
2252	1
2253	2
2254	0
2255	1
2256	1
2257	1
2258	2
2259	1
2260	1
2261	2
2262	1
2263	0
2264	1
2265	0
2266	0
2267	2
2268	1
2269	1
2270	2
2271	2
2272	0
2273	1
2274	1
2275	0
2276	4
2277	1
2278	1
2279	2
2280	4
2281	1
2282	1
2283	0
2284	4
2285	0
2286	1
2287	1
2288	1
2289	1
2290	0
2291	2
2292	1
2293	0
2294	1
2295	1
2296	0
2297	0
2298	4
2299	3
2300	0
2301	1
2302	0
2303	0
2304	1
2305	1
2306	0
2307	1
2308	0
2309	1
2310	1
2311	0
2312	1
2313	2
2314	1
2315	1
2316	2
2317	2
2318	0
2319	0
2320	0
2321	1
2322	1
2323	3
2324	1
2325	0
2326	2
2327	1
2328	1
2329	1
2330	1
2331	1
2332	2
2333	1
2334	0
2335	0
2336	1
2337	1
2338	1
2339	1
2340	1
2341	0
2342	2
2343	1
2344	0
2345	1
2346	1
2347	2
2348	2
2349	1
2350	3
2351	0
2352	0
2353	1
2354	1
2355	1
2356	2
2357	0
2358	1
2359	1
2360	1
2361	2
2362	0
2363	1
2364	1
2365	1
2366	2
2367	0
2368	0
2369	2
2370	2
2371	2
2372	0
2373	0
2374	0
2375	1
2376	1
2377	0
2378	0
2379	2
2380	2
2381	1
2382	1
2383	3
2384	1
2385	0
2386	2
2387	3
2388	2
2389	0
2390	3
2391	0
2392	1
2393	0
2394	1
2395	1
2396	1
2397	0
2398	2
2399	0
2400	2
2401	0
2402	1
2403	1
2404	0
2405	0
2406	1
2407	2
2408	0
2409	0
2410	1
2411	0
2412	3
2413	3
2414	2
2415	3
2416	1
2417	0
2418	1
2419	0
2420	0
2421	1
2422	1
2423	1
2424	0
2425	2
2426	3
2427	3
2428	5
2429	3
2430	0
2431	1
2432	2
2433	1
2434	3
2435	3
2436	3
2437	1
2438	2
2439	0
2440	2
2441	0
2442	0
2443	1
2444	2
2445	0
2446	0
2447	2
2448	1
2449	0
2450	4
2451	3
2452	1
2453	0
2454	2
2455	1
2456	3
2457	1
2458	1
2459	1
2460	0
2461	0
2462	2
2463	2
2464	2
2465	3
2466	1
2467	3
2468	2
2469	4
2470	1
2471	1
2472	0
2473	3
2474	0
2475	2
2476	1
2477	1
2478	1
2479	1
2480	3
2481	3
2482	0
2483	2
2484	4
2485	0
2486	0
2487	1
2488	2
2489	1
2490	1
2491	1
2492	2
2493	0
2494	1
2495	3
2496	1
2497	1
2498	1
2499	0
2500	1
2501	0
2502	2
2503	0
2504	1
2505	0
2506	0
2507	1
2508	4
2509	0
2510	1
2511	2
2512	1
2513	0
2514	0
2515	1
2516	0
2517	0
2518	3
2519	0
2520	1
2521	2
2522	1
2523	0
2524	0
2525	1
2526	3
2527	0
2528	0
2529	0
2530	0
2531	0
2532	1
2533	2
2534	0
2535	0
2536	1
2537	0
2538	0
2539	2
2540	1
2541	0
2542	0
2543	1
2544	2
2545	4
2546	1
2547	0
2548	1
2549	0
2550	0
2551	2
2552	1
2553	0
2554	1
2555	1
2556	3
2557	1
2558	1
2559	0
2560	3
2561	0
2562	2
2563	2
2564	1
2565	3
2566	2
2567	1
2568	2
2569	3
2570	1
2571	1
2572	0
2573	2
2574	0
2575	2
2576	0
2577	0
2578	1
2579	2
2580	0
2581	1
2582	0
2583	0
2584	1
2585	1
2586	2
2587	0
2588	0
2589	0
2590	0
2591	1
2592	0
2593	1
2594	1
2595	0
2596	0
2597	0
2598	2
2599	1
2600	0
2601	0
2602	0
2603	0
2604	0
2605	1
2606	1
2607	0
2608	2
2609	1
2610	0
2611	0
2612	1
2613	1
2614	0
2615	1
2616	0
2617	2
2618	1
2619	0
2620	0
2621	0
2622	1
2623	1
2624	2
2625	2
2626	0
2627	1
2628	2
2629	0
2630	1
2631	2
2632	0
2633	1
2634	0
2635	0
2636	0
2637	2
2638	1
2639	2
2640	1
2641	1
2642	0
2643	1
2644	0
2645	0
2646	1
2647	0
2648	0
2649	0
2650	0
2651	1
2652	0
2653	0
2654	0
2655	0
2656	4
2657	1
2658	0
2659	1
2660	0
2661	1
2662	0
2663	0
2664	1
2665	0
2666	1
2667	0
2668	0
2669	4
2670	3
2671	0
2672	1
2673	3
2674	0
2675	0
2676	0
2677	0
2678	0
2679	0
2680	2
2681	1
2682	0
2683	2
2684	1
2685	3
2686	0
2687	1
2688	1
2689	2
2690	1
2691	2
2692	0
2693	1
2694	2
2695	0
2696	1
2697	0
2698	0
2699	0
2700	0
2701	1
2702	1
2703	1
2704	1
2705	1
2706	1
2707	0
2708	0
2709	1
2710	1
2711	1
2712	1
2713	3
2714	1
2715	0
2716	2
2717	0
2718	1
2719	1
2720	0
2721	0
2722	0
2723	2
2724	1
2725	2
2726	2
2727	1
2728	0
2729	0
2730	1
2731	1
2732	1
2733	0
2734	1
2735	0
2736	0
2737	1
2738	3
2739	0
2740	1
2741	0
2742	4
2743	0
2744	1
2745	2
2746	0
2747	1
2748	0
2749	2
2750	0
2751	0
2752	4
2753	2
2754	0
2755	1
2756	2
2757	0
2758	0
2759	0
2760	0
2761	1
2762	1
2763	2
2764	1
2765	3
2766	1
2767	0
2768	0
2769	1
2770	0
2771	0
2772	2
2773	3
2774	2
2775	0
2776	2
2777	0
2778	3
2779	1
2780	1
2781	1
2782	0
2783	3
2784	2
2785	0
2786	1
2787	1
2788	1
2789	1
2790	1
2791	2
2792	2
2793	0
2794	1
2795	1
2796	2
2797	1
2798	1
2799	0
2800	1
2801	0
2802	0
2803	0
2804	0
2805	1
2806	3
2807	1
2808	1
2809	4
2810	0
2811	0
2812	2
2813	0
2814	0
2815	1
2816	0
2817	2
2818	0
2819	0
2820	0
2821	0
2822	1
2823	1
2824	1
2825	2
2826	2
2827	1
2828	2
2829	1
2830	0
2831	0
2832	1
2833	2
2834	0
2835	0
2836	1
2837	0
2838	0
2839	2
2840	0
2841	1
2842	1
2843	0
2844	0
2845	0
2846	1
2847	0
2848	2
2849	0
2850	0
2851	0
2852	0
2853	0
2854	0
2855	1
2856	0
2857	0
2858	0
2859	0
2860	2
2861	0
2862	0
2863	1
2864	1
2865	0
2866	0
2867	0
2868	1
2869	0
2870	1
2871	0
2872	1
2873	0
2874	1
2875	1
2876	0
2877	0
2878	1
2879	0
2880	0
2881	1
2882	1
2883	0
2884	1
2885	0
2886	1
2887	0
2888	0
2889	1
2890	0
2891	1
2892	1
2893	1
2894	2
2895	0
2896	1
2897	2
2898	2
2899	3
2900	0
2901	1
2902	0
2903	0
2904	0
2905	1
2906	0
2907	1
2908	0
2909	1
2910	0
2911	0
2912	1
2913	3
2914	0
2915	0
2916	1
2917	0
2918	1
2919	0
2920	2
2921	0
2922	0
2923	0
2924	0
2925	3
2926	0
2927	0
2928	1
2929	0
2930	0
2931	0
2932	1
2933	2
2934	0
2935	2
2936	0
2937	0
2938	1
2939	0
2940	1
2941	1
2942	0
2943	1
2944	1
2945	0
2946	0
2947	0
2948	0
2949	0
2950	1
2951	0
2952	1
2953	0
2954	0
2955	0
2956	0
2957	1
2958	0
2959	0
2960	1
2961	0
2962	0
2963	0
2964	0
2965	0
2966	1
2967	0
2968	0
2969	0
2970	0
2971	0
2972	2
2973	1
2974	1
2975	0
2976	0
2977	1
2978	2
2979	0
2980	0
2981	0
2982	0
2983	1
2984	0
2985	2
2986	0
2987	0
2988	0
2989	0
2990	0
2991	0
2992	0
2993	0
2994	0
2995	0
2996	2
2997	0
2998	0
2999	0
3000	0
3001	1
3002	0
3003	0
3004	0
3005	0
3006	0
3007	0
3008	0
3009	0
3010	0
3011	2
3012	1
3013	0
3014	0
3015	0
3016	2
3017	0
3018	0
3019	0
3020	0
3021	0
3022	1
3023	2
3024	0
3025	0
3026	2
3027	0
3028	0
3029	0
3030	1
3031	0
3032	0
3033	1
3034	1
3035	2
3036	3
3037	1
3038	0
3039	1
3040	1
3041	1
3042	0
3043	0
3044	0
3045	0
3046	1
3047	0
3048	0
3049	0
3050	0
3051	1
3052	2
3053	1
3054	0
3055	1
3056	0
3057	1
3058	0
3059	0
3060	0
3061	1
3062	0
3063	0
3064	1
3065	0
3066	1
3067	0
3068	1
3069	1
3070	0
3071	0
3072	0
3073	2
3074	0
3075	2
3076	1
3077	0
3078	0
3079	0
3080	0
3081	0
3082	0
3083	0
3084	0
3085	0
3086	0
3087	0
3088	1
3089	0
3090	0
3091	0
3092	0
3093	0
3094	0
3095	0
3096	0
3097	0
3098	0
3099	0
3100	1
3101	0
3102	0
3103	0
3104	3
3105	0
3106	1
3107	0
3108	0
3109	1
3110	0
3111	0
3112	0
3113	0
3114	0
3115	0
3116	0
3117	2
3118	1
3119	1
3120	0
3121	1
3122	0
3123	0
3124	0
3125	1
3126	0
3127	0
3128	1
3129	1
3130	1
3131	0
3132	0
3133	0
3134	0
3135	1
3136	1
3137	0
3138	0
3139	0
3140	1
3141	0
3142	0
3143	0
3144	2
3145	0
3146	0
3147	1
3148	0
3149	0
3150	0
3151	0
3152	0
3153	2
3154	0
3155	0
3156	0
3157	1
3158	0
3159	0
3160	0
3161	0
3162	0
3163	0
3164	1
3165	1
3166	1
3167	0
3168	0
3169	2
3170	0
3171	0
3172	1
3173	0
3174	0
3175	0
3176	0
3177	0
3178	1
3179	0
3180	0
3181	0
3182	0
3183	1
3184	0
3185	0
3186	0
3187	1
3188	0
3189	0
3190	0
3191	0
3192	0
3193	1
3194	1
3195	0
3196	0
3197	1
3198	0
3199	0
3200	0
3201	1
3202	0
3203	1
3204	0
3205	0
3206	0
3207	1
3208	1
3209	1
3210	1
3211	0
3212	1
3213	0
3214	1
3215	0
3216	0
3217	1
3218	0
3219	0
3220	1
3221	0
3222	1
3223	0
3224	0
3225	0
3226	2
3227	1
3228	1
3229	0
3230	1
3231	0
3232	1
3233	0
3234	0
3235	0
3236	0
3237	0
3238	2
3239	0
3240	0
3241	0
3242	0
3243	0
3244	1
3245	0
3246	1
3247	0
3248	0
3249	0
3250	0
3251	0
3252	1
3253	0
3254	1
3255	1
3256	0
3257	1
3258	1
3259	0
3260	0
3261	0
3262	0
3263	1
3264	0
3265	0
3266	1
3267	0
3268	1
3269	0
3270	0
3271	0
3272	0
3273	0
3274	0
3275	0
3276	0
3277	1
3278	0
3279	0
3280	1
3281	0
3282	0
3283	0
3284	0
3285	0
3286	2
3287	0
3288	2
3289	0
3290	0
3291	1
3292	0
3293	0
3294	0
3295	1
3296	0
3297	0
3298	1
3299	0
3300	0
3301	0
3302	0
3303	0
3304	0
3305	0
3306	1
3307	0
3308	0
3309	0
3310	0
3311	1
3312	0
3313	1
3314	0
3315	0
3316	0
3317	0
3318	0
3319	0
3320	0
3321	0
3322	0
3323	0
3324	0
3325	3
3326	0
3327	0
3328	0
3329	0
3330	1
3331	0
3332	0
3333	0
3334	0
3335	1
3336	0
3337	2
3338	1
3339	1
3340	0
3341	0
3342	0
3343	0
3344	0
3345	0
3346	0
3347	1
3348	1
3349	0
3350	0
3351	0
3352	0
3353	0
3354	0
3355	0
3356	0
3357	0
3358	0
3359	1
3360	1
3361	0
3362	1
3363	0
3364	1
3365	0
3366	0
3367	0
3368	0
3369	0
3370	0
3371	0
3372	0
3373	1
3374	0
3375	0
3376	0
3377	0
3378	0
3379	2
3380	0
3381	0
3382	0
3383	0
3384	0
3385	1
3386	0
3387	0
3388	0
3389	2
3390	0
3391	0
3392	1
3393	1
3394	0
3395	0
3396	0
3397	0
3398	1
3399	0
3400	1
3401	0
3402	0
3403	0
3404	0
3405	0
3406	0
3407	0
3408	0
3409	0
3410	0
3411	0
3412	0
3413	0
3414	1
3415	0
3416	0
3417	0
3418	1
3419	0
3420	1
3421	0
3422	1
3423	0
3424	0
3425	0
3426	0
3427	0
3428	0
3429	0
3430	0
3431	0
3432	0
3433	0
3434	0
3435	0
3436	0
3437	1
3438	0
3439	0
3440	0
3441	0
3442	0
3443	0
3444	0
3445	0
3446	1
3447	0
3448	0
3449	0
3450	0
3451	0
3452	0
3453	0
3454	1
3455	0
3456	0
3457	0
3458	0
3459	0
3460	0
3461	0
3462	0
3463	0
3464	0
3465	1
3466	0
3467	0
3468	1
3469	0
3470	0
3471	0
3472	0
3473	0
3474	0
3475	0
3476	0
3477	0
3478	0
3479	0
3480	1
3481	0
3482	0
3483	0
3484	0
3485	0
3486	0
3487	0
3488	1
3489	1
3490	0
3491	0
3492	0
3493	0
3494	0
3495	0
3496	0
3497	0
3498	0
3499	0
3500	0
3501	0
3502	0
3503	0
3504	1
3505	0
3506	1
3507	0
3508	0
3509	1
3510	0
3511	0
3512	0
3513	2
3514	0
3515	1
3516	1
3517	0
3518	1
3519	0
3520	0
3521	0
3522	0
3523	0
3524	0
3525	0
3526	0
3527	0
3528	0
3529	0
3530	0
3531	0
3532	0
3533	0
3534	1
3535	0
3536	0
3537	0
3538	0
3539	0
3540	0
3541	1
3542	1
3543	0
3544	0
3545	0
3546	0
3547	0
3548	0
3549	0
3550	0
3551	0
3552	0
3553	0
3554	0
3555	0
3556	1
3557	0
3558	0
3559	0
3560	1
3561	0
3562	0
3563	0
3564	1
3565	1
3566	1
3567	0
3568	0
3569	0
3570	0
3571	0
3572	0
3573	0
3574	0
3575	0
3576	0
3577	0
3578	0
3579	1
3580	0
3581	0
3582	1
3583	0
3584	0
3585	0
3586	0
3587	0
3588	0
3589	0
3590	0
3591	0
3592	0
3593	0
3594	0
3595	0
3596	0
3597	0
3598	0
3599	0
3600	0
3601	0
3602	0
3603	0
3604	1
3605	0
3606	0
3607	0
3608	0
3609	0
3610	0
3611	0
3612	0
3613	0
3614	0
3615	0
3616	0
3617	0
3618	0
3619	1
3620	0
3621	0
3622	1
3623	0
3624	0
3625	0
3626	0
3627	1
3628	0
3629	0
3630	0
3631	1
3632	0
3633	0
3634	0
3635	0
3636	0
3637	0
3638	0
3639	0
3640	1
3641	0
3642	0
3643	0
3644	0
3645	0
3646	0
3647	0
3648	0
3649	0
3650	0
3651	0
3652	0
3653	0
3654	0
3655	0
3656	1
3657	0
3658	0
3659	0
3660	0
3661	0
3662	0
3663	0
3664	0
3665	0
3666	0
3667	0
3668	0
3669	0
3670	0
3671	0
3672	0
3673	0
3674	0
3675	0
3676	0
3677	0
3678	0
3679	0
3680	0
3681	0
3682	0
3683	0
3684	1
3685	0
3686	0
3687	0
3688	0
3689	0
3690	0
3691	0
3692	0
3693	0
3694	1
3695	0
3696	0
3697	0
3698	0
3699	0
3700	0
3701	0
3702	0
3703	1
3704	0
3705	0
3706	0
3707	0
3708	0
3709	0
3710	0
3711	0
3712	0
3713	0
3714	0
3715	0
3716	1
3717	0
3718	0
3719	0
3720	0
3721	0
3722	1
3723	0
3724	0
3725	0
3726	0
3727	0
3728	0
3729	0
3730	0
3731	0
3732	0
3733	0
3734	0
3735	0
3736	1
3737	0
3738	0
3739	0
3740	0
3741	0
3742	0
3743	0
3744	0
3745	0
3746	0
3747	0
3748	0
3749	0
3750	0
3751	0
3752	0
3753	0
3754	0
3755	1
3756	0
3757	0
3758	0
3759	0
3760	0
3761	0
3762	0
3763	0
3764	0
3765	0
3766	0
3767	0
3768	0
3769	0
3770	0
3771	0
3772	0
3773	0
3774	0
3775	0
3776	0
3777	0
3778	0
3779	0
3780	0
3781	0
3782	0
3783	0
3784	0
3785	0
3786	0
3787	0
3788	1
3789	0
3790	0
3791	0
3792	0
3793	0
3794	0
3795	1
3796	0
3797	0
3798	0
3799	0
3800	0
3801	0
3802	0
3803	0
3804	0
3805	0
3806	0
3807	0
3808	0
3809	0
3810	0
3811	0
3812	0
3813	0
3814	0
3815	0
3816	0
3817	0
3818	0
3819	0
3820	0
3821	0
3822	0
3823	0
3824	0
3825	0
3826	0
3827	0
3828	0
3829	0
3830	0
3831	0
3832	0
3833	0
3834	0
3835	0
3836	0
3837	0
3838	0
3839	0
3840	0
3841	0
3842	0
3843	0
3844	0
3845	0
3846	0
3847	0
3848	0
3849	0
3850	0
3851	0
3852	0
3853	0
3854	0
3855	0
3856	0
3857	0
3858	0
3859	0
3860	0
3861	0
3862	0
3863	0
3864	0
3865	0
3866	0
3867	0
3868	0
3869	0
3870	0
3871	0
3872	0
3873	0
3874	0
3875	0
3876	0
3877	0
3878	0
3879	0
3880	0
3881	0
3882	0
3883	0
3884	0
3885	0
3886	0
3887	0
3888	0
3889	0
3890	0
3891	0
3892	0
3893	0
3894	0
3895	0
3896	0
3897	0
3898	0
3899	0
3900	0
3901	0
3902	0
3903	0
3904	1
3905	0
3906	0
3907	0
3908	0
3909	0
3910	0
3911	0
3912	0
3913	0
3914	0
3915	0
3916	0
3917	0
3918	0
3919	0
3920	0
3921	0
3922	0
3923	0
3924	0
3925	0
3926	0
3927	0
3928	0
3929	0
3930	0
3931	0
3932	0
3933	0
3934	0
3935	0
3936	0
3937	0
3938	0
3939	0
3940	0
3941	0
3942	1
3943	0
3944	0
3945	0
3946	0
3947	0
3948	0
3949	0
3950	0
3951	0
3952	0
3953	0
3954	0
3955	0
3956	0
3957	0
3958	0
3959	0
3960	0
3961	0
3962	0
3963	0
3964	0
3965	0
3966	0
3967	0
3968	0
3969	0
3970	0
3971	0
3972	0
3973	0
3974	0
3975	0
3976	0
3977	0
3978	0
3979	0
3980	0
3981	0
3982	0
3983	0
3984	0
3985	0
3986	0
3987	0
3988	0
3989	0
3990	0
3991	0
3992	0
3993	0
3994	0
3995	0
3996	0
3997	0
3998	0
3999	0
4000	0
