Channel number	Impulses
Channel/#	Impulses/#

0	0
1	0
2	0
3	0
4	0
5	0
6	0
7	0
8	0
9	0
10	0
11	0
12	0
13	0
14	0
15	0
16	0
17	0
18	0
19	0
20	0
21	0
22	0
23	0
24	0
25	0
26	0
27	0
28	0
29	0
30	0
31	0
32	0
33	0
34	0
35	0
36	0
37	0
38	0
39	0
40	0
41	0
42	0
43	0
44	0
45	0
46	0
47	1
48	0
49	0
50	0
51	1
52	1
53	0
54	1
55	0
56	1
57	2
58	2
59	7
60	9
61	3
62	5
63	11
64	1
65	6
66	3
67	8
68	6
69	2
70	6
71	4
72	1
73	6
74	3
75	4
76	5
77	7
78	4
79	5
80	4
81	12
82	10
83	7
84	3
85	4
86	7
87	6
88	3
89	2
90	8
91	9
92	11
93	8
94	7
95	9
96	3
97	5
98	7
99	8
100	4
101	4
102	6
103	2
104	1
105	9
106	5
107	2
108	1
109	5
110	3
111	6
112	4
113	5
114	5
115	4
116	5
117	3
118	6
119	6
120	5
121	4
122	6
123	4
124	1
125	4
126	2
127	11
128	3
129	7
130	5
131	6
132	2
133	2
134	7
135	3
136	5
137	6
138	6
139	9
140	2
141	4
142	3
143	4
144	1
145	6
146	5
147	4
148	6
149	3
150	9
151	6
152	5
153	7
154	3
155	7
156	6
157	6
158	3
159	7
160	1
161	9
162	4
163	3
164	4
165	8
166	5
167	5
168	4
169	6
170	4
171	5
172	3
173	4
174	4
175	6
176	1
177	7
178	5
179	7
180	4
181	7
182	7
183	6
184	1
185	9
186	3
187	8
188	6
189	9
190	3
191	4
192	2
193	5
194	6
195	4
196	2
197	3
198	7
199	4
200	5
201	10
202	6
203	2
204	5
205	4
206	2
207	4
208	4
209	6
210	8
211	5
212	7
213	8
214	3
215	5
216	4
217	8
218	5
219	6
220	2
221	4
222	6
223	6
224	1
225	6
226	3
227	7
228	5
229	3
230	2
231	5
232	3
233	3
234	8
235	5
236	7
237	3
238	7
239	5
240	2
241	5
242	4
243	5
244	5
245	2
246	4
247	9
248	1
249	5
250	4
251	4
252	6
253	6
254	5
255	9
256	1
257	5
258	2
259	3
260	1
261	4
262	3
263	4
264	4
265	5
266	4
267	7
268	3
269	8
270	3
271	6
272	3
273	8
274	5
275	6
276	4
277	2
278	4
279	1
280	2
281	1
282	2
283	4
284	2
285	6
286	2
287	3
288	5
289	4
290	2
291	2
292	6
293	5
294	7
295	4
296	2
297	10
298	4
299	9
300	2
301	4
302	4
303	8
304	4
305	9
306	5
307	8
308	4
309	2
310	4
311	6
312	6
313	6
314	4
315	3
316	4
317	6
318	5
319	8
320	2
321	3
322	3
323	11
324	3
325	8
326	2
327	2
328	4
329	8
330	8
331	4
332	1
333	4
334	4
335	6
336	3
337	4
338	3
339	3
340	1
341	6
342	5
343	4
344	6
345	4
346	4
347	3
348	4
349	6
350	7
351	6
352	3
353	3
354	5
355	9
356	5
357	5
358	7
359	4
360	7
361	4
362	1
363	4
364	5
365	2
366	2
367	7
368	5
369	5
370	2
371	2
372	4
373	7
374	8
375	7
376	5
377	5
378	3
379	2
380	6
381	2
382	2
383	6
384	3
385	2
386	4
387	5
388	6
389	4
390	2
391	1
392	2
393	7
394	10
395	4
396	5
397	5
398	2
399	2
400	1
401	4
402	5
403	3
404	8
405	6
406	6
407	4
408	5
409	5
410	1
411	1
412	5
413	3
414	1
415	4
416	3
417	4
418	5
419	5
420	3
421	2
422	5
423	4
424	3
425	7
426	3
427	3
428	7
429	11
430	6
431	1
432	4
433	5
434	1
435	6
436	4
437	5
438	3
439	2
440	3
441	3
442	6
443	4
444	2
445	4
446	3
447	9
448	4
449	1
450	6
451	6
452	6
453	5
454	7
455	3
456	2
457	7
458	6
459	4
460	4
461	3
462	2
463	6
464	5
465	2
466	4
467	1
468	3
469	8
470	5
471	0
472	7
473	8
474	5
475	4
476	5
477	4
478	4
479	5
480	3
481	4
482	4
483	6
484	6
485	3
486	4
487	4
488	7
489	4
490	4
491	5
492	2
493	5
494	4
495	4
496	2
497	2
498	4
499	4
500	4
501	1
502	4
503	3
504	2
505	1
506	3
507	11
508	7
509	3
510	5
511	3
512	0
513	5
514	1
515	4
516	4
517	0
518	3
519	4
520	3
521	5
522	1
523	6
524	5
525	1
526	1
527	7
528	4
529	4
530	4
531	6
532	5
533	6
534	5
535	6
536	2
537	11
538	5
539	8
540	2
541	6
542	3
543	4
544	3
545	8
546	5
547	5
548	7
549	5
550	4
551	8
552	6
553	8
554	6
555	7
556	6
557	4
558	3
559	4
560	7
561	6
562	3
563	5
564	3
565	8
566	7
567	7
568	4
569	7
570	7
571	6
572	5
573	7
574	5
575	11
576	2
577	5
578	5
579	7
580	4
581	3
582	6
583	6
584	3
585	10
586	6
587	9
588	7
589	9
590	5
591	7
592	2
593	3
594	3
595	11
596	7
597	4
598	4
599	4
600	5
601	10
602	5
603	10
604	7
605	8
606	9
607	14
608	4
609	4
610	7
611	6
612	5
613	6
614	6
615	6
616	4
617	7
618	4
619	10
620	9
621	6
622	6
623	11
624	4
625	10
626	6
627	6
628	7
629	5
630	12
631	5
632	3
633	10
634	7
635	6
636	7
637	7
638	14
639	13
640	2
641	9
642	9
643	2
644	7
645	7
646	3
647	11
648	3
649	9
650	11
651	8
652	10
653	9
654	8
655	9
656	7
657	5
658	9
659	5
660	12
661	7
662	15
663	6
664	11
665	16
666	12
667	9
668	6
669	13
670	9
671	8
672	3
673	8
674	8
675	9
676	5
677	11
678	5
679	8
680	6
681	7
682	8
683	10
684	5
685	12
686	15
687	13
688	6
689	7
690	8
691	12
692	11
693	8
694	16
695	16
696	4
697	13
698	12
699	11
700	14
701	7
702	14
703	11
704	13
705	13
706	15
707	12
708	13
709	14
710	24
711	21
712	26
713	23
714	19
715	21
716	33
717	21
718	13
719	25
720	13
721	20
722	27
723	33
724	30
725	26
726	41
727	33
728	33
729	57
730	29
731	49
732	31
733	51
734	54
735	73
736	27
737	40
738	50
739	64
740	77
741	66
742	79
743	79
744	68
745	107
746	97
747	103
748	99
749	99
750	110
751	104
752	90
753	127
754	114
755	156
756	140
757	134
758	165
759	165
760	99
761	171
762	139
763	182
764	167
765	196
766	173
767	265
768	109
769	174
770	187
771	213
772	195
773	193
774	224
775	183
776	176
777	237
778	180
779	211
780	219
781	213
782	211
783	245
784	161
785	224
786	209
787	252
788	176
789	194
790	209
791	214
792	179
793	223
794	177
795	222
796	174
797	210
798	169
799	233
800	114
801	168
802	148
803	156
804	185
805	114
806	174
807	158
808	123
809	138
810	112
811	125
812	117
813	112
814	94
815	112
816	86
817	106
818	95
819	95
820	78
821	82
822	105
823	80
824	66
825	83
826	58
827	69
828	70
829	57
830	64
831	86
832	34
833	47
834	48
835	55
836	62
837	58
838	59
839	37
840	50
841	60
842	51
843	44
844	67
845	54
846	40
847	48
848	23
849	47
850	54
851	77
852	55
853	40
854	63
855	53
856	59
857	55
858	48
859	59
860	58
861	53
862	66
863	78
864	41
865	70
866	62
867	73
868	86
869	59
870	76
871	65
872	60
873	77
874	57
875	75
876	86
877	77
878	71
879	70
880	46
881	74
882	64
883	74
884	75
885	63
886	87
887	61
888	48
889	82
890	63
891	64
892	71
893	72
894	84
895	86
896	47
897	62
898	61
899	61
900	69
901	63
902	74
903	65
904	43
905	63
906	61
907	50
908	58
909	49
910	46
911	59
912	40
913	36
914	45
915	47
916	37
917	37
918	35
919	37
920	22
921	42
922	23
923	37
924	22
925	32
926	30
927	48
928	17
929	28
930	28
931	37
932	21
933	27
934	26
935	26
936	15
937	25
938	17
939	27
940	17
941	26
942	14
943	23
944	13
945	18
946	20
947	28
948	16
949	20
950	23
951	27
952	6
953	28
954	10
955	20
956	10
957	16
958	23
959	19
960	13
961	18
962	15
963	22
964	19
965	6
966	20
967	14
968	10
969	16
970	17
971	20
972	20
973	21
974	23
975	25
976	10
977	20
978	17
979	24
980	11
981	13
982	25
983	16
984	21
985	20
986	14
987	9
988	16
989	23
990	19
991	31
992	9
993	25
994	17
995	20
996	24
997	13
998	22
999	13
1000	14
1001	14
1002	10
1003	16
1004	22
1005	11
1006	20
1007	17
1008	13
1009	11
1010	19
1011	20
1012	13
1013	17
1014	18
1015	16
1016	15
1017	18
1018	14
1019	25
1020	13
1021	19
1022	14
1023	34
1024	5
1025	11
1026	16
1027	21
1028	15
1029	10
1030	25
1031	18
1032	5
1033	15
1034	10
1035	16
1036	16
1037	20
1038	16
1039	26
1040	6
1041	13
1042	16
1043	20
1044	21
1045	22
1046	24
1047	13
1048	9
1049	22
1050	17
1051	14
1052	14
1053	23
1054	16
1055	26
1056	10
1057	21
1058	20
1059	33
1060	25
1061	14
1062	21
1063	22
1064	14
1065	26
1066	14
1067	18
1068	27
1069	19
1070	18
1071	21
1072	12
1073	19
1074	22
1075	21
1076	14
1077	19
1078	14
1079	27
1080	12
1081	23
1082	17
1083	25
1084	16
1085	19
1086	13
1087	28
1088	10
1089	19
1090	22
1091	17
1092	25
1093	21
1094	28
1095	20
1096	20
1097	30
1098	17
1099	19
1100	12
1101	16
1102	17
1103	24
1104	15
1105	12
1106	24
1107	29
1108	15
1109	14
1110	19
1111	22
1112	16
1113	30
1114	9
1115	24
1116	15
1117	19
1118	16
1119	41
1120	8
1121	20
1122	21
1123	21
1124	27
1125	23
1126	21
1127	20
1128	18
1129	12
1130	17
1131	20
1132	23
1133	27
1134	13
1135	20
1136	13
1137	18
1138	15
1139	18
1140	14
1141	16
1142	15
1143	22
1144	15
1145	14
1146	17
1147	17
1148	19
1149	25
1150	20
1151	35
1152	6
1153	19
1154	17
1155	16
1156	23
1157	16
1158	27
1159	23
1160	12
1161	28
1162	13
1163	20
1164	22
1165	16
1166	16
1167	24
1168	13
1169	17
1170	26
1171	23
1172	26
1173	17
1174	33
1175	20
1176	21
1177	20
1178	25
1179	27
1180	12
1181	21
1182	19
1183	38
1184	11
1185	24
1186	25
1187	27
1188	16
1189	13
1190	29
1191	24
1192	11
1193	22
1194	27
1195	24
1196	19
1197	24
1198	21
1199	28
1200	16
1201	22
1202	23
1203	29
1204	21
1205	16
1206	19
1207	30
1208	13
1209	23
1210	22
1211	27
1212	12
1213	18
1214	23
1215	27
1216	11
1217	19
1218	32
1219	24
1220	24
1221	11
1222	21
1223	27
1224	13
1225	28
1226	17
1227	22
1228	17
1229	27
1230	28
1231	28
1232	17
1233	18
1234	17
1235	28
1236	17
1237	18
1238	17
1239	19
1240	17
1241	19
1242	19
1243	14
1244	23
1245	22
1246	22
1247	23
1248	12
1249	9
1250	20
1251	27
1252	25
1253	22
1254	20
1255	21
1256	22
1257	34
1258	14
1259	9
1260	26
1261	15
1262	18
1263	21
1264	15
1265	17
1266	18
1267	19
1268	28
1269	11
1270	20
1271	18
1272	15
1273	30
1274	14
1275	23
1276	18
1277	23
1278	20
1279	26
1280	6
1281	25
1282	20
1283	25
1284	19
1285	17
1286	23
1287	20
1288	15
1289	19
1290	16
1291	15
1292	19
1293	13
1294	10
1295	19
1296	11
1297	16
1298	17
1299	22
1300	14
1301	19
1302	18
1303	14
1304	20
1305	24
1306	18
1307	23
1308	20
1309	24
1310	17
1311	18
1312	16
1313	21
1314	15
1315	19
1316	24
1317	23
1318	13
1319	22
1320	17
1321	26
1322	11
1323	22
1324	23
1325	13
1326	20
1327	16
1328	12
1329	13
1330	29
1331	34
1332	20
1333	14
1334	19
1335	23
1336	22
1337	21
1338	22
1339	24
1340	20
1341	11
1342	14
1343	19
1344	9
1345	22
1346	26
1347	15
1348	29
1349	21
1350	26
1351	20
1352	18
1353	30
1354	17
1355	20
1356	13
1357	16
1358	15
1359	19
1360	13
1361	17
1362	23
1363	27
1364	19
1365	18
1366	16
1367	17
1368	21
1369	21
1370	19
1371	22
1372	13
1373	22
1374	24
1375	30
1376	13
1377	19
1378	22
1379	18
1380	21
1381	16
1382	17
1383	16
1384	9
1385	22
1386	13
1387	31
1388	30
1389	17
1390	23
1391	20
1392	17
1393	16
1394	21
1395	28
1396	18
1397	14
1398	22
1399	17
1400	12
1401	21
1402	12
1403	17
1404	8
1405	20
1406	13
1407	30
1408	5
1409	19
1410	24
1411	21
1412	21
1413	18
1414	18
1415	17
1416	19
1417	18
1418	12
1419	26
1420	24
1421	13
1422	19
1423	17
1424	19
1425	19
1426	21
1427	26
1428	20
1429	22
1430	26
1431	17
1432	14
1433	25
1434	16
1435	25
1436	23
1437	25
1438	17
1439	26
1440	12
1441	21
1442	24
1443	21
1444	23
1445	15
1446	22
1447	18
1448	15
1449	23
1450	17
1451	24
1452	21
1453	14
1454	22
1455	24
1456	16
1457	17
1458	14
1459	25
1460	17
1461	19
1462	19
1463	10
1464	16
1465	23
1466	14
1467	17
1468	14
1469	21
1470	17
1471	26
1472	15
1473	21
1474	23
1475	21
1476	21
1477	17
1478	21
1479	15
1480	18
1481	20
1482	16
1483	24
1484	28
1485	21
1486	15
1487	10
1488	15
1489	14
1490	24
1491	14
1492	23
1493	11
1494	23
1495	26
1496	18
1497	25
1498	13
1499	19
1500	18
1501	24
1502	20
1503	26
1504	8
1505	23
1506	14
1507	18
1508	26
1509	20
1510	26
1511	20
1512	14
1513	20
1514	30
1515	20
1516	23
1517	21
1518	21
1519	11
1520	15
1521	14
1522	19
1523	15
1524	17
1525	14
1526	24
1527	16
1528	13
1529	19
1530	17
1531	16
1532	14
1533	19
1534	19
1535	34
1536	8
1537	10
1538	19
1539	22
1540	16
1541	16
1542	16
1543	19
1544	12
1545	18
1546	18
1547	15
1548	20
1549	15
1550	18
1551	15
1552	15
1553	18
1554	22
1555	20
1556	14
1557	13
1558	20
1559	20
1560	14
1561	27
1562	17
1563	24
1564	22
1565	27
1566	9
1567	20
1568	13
1569	16
1570	24
1571	20
1572	24
1573	7
1574	18
1575	13
1576	11
1577	16
1578	11
1579	12
1580	20
1581	16
1582	11
1583	10
1584	14
1585	17
1586	23
1587	16
1588	18
1589	8
1590	18
1591	15
1592	12
1593	12
1594	16
1595	19
1596	13
1597	17
1598	16
1599	16
1600	14
1601	10
1602	11
1603	12
1604	16
1605	14
1606	23
1607	11
1608	16
1609	15
1610	9
1611	17
1612	16
1613	22
1614	25
1615	18
1616	5
1617	16
1618	16
1619	22
1620	15
1621	14
1622	13
1623	9
1624	14
1625	18
1626	8
1627	17
1628	16
1629	14
1630	19
1631	28
1632	11
1633	18
1634	13
1635	19
1636	15
1637	15
1638	14
1639	15
1640	16
1641	17
1642	10
1643	19
1644	22
1645	15
1646	20
1647	13
1648	10
1649	17
1650	13
1651	20
1652	10
1653	13
1654	20
1655	15
1656	8
1657	11
1658	8
1659	13
1660	18
1661	9
1662	10
1663	22
1664	10
1665	14
1666	12
1667	14
1668	20
1669	13
1670	10
1671	17
1672	11
1673	25
1674	11
1675	15
1676	18
1677	19
1678	16
1679	18
1680	13
1681	14
1682	15
1683	15
1684	10
1685	14
1686	11
1687	17
1688	11
1689	14
1690	6
1691	16
1692	13
1693	11
1694	15
1695	7
1696	8
1697	12
1698	10
1699	15
1700	10
1701	9
1702	12
1703	24
1704	11
1705	10
1706	15
1707	14
1708	15
1709	6
1710	11
1711	15
1712	10
1713	13
1714	20
1715	14
1716	14
1717	13
1718	14
1719	11
1720	13
1721	16
1722	15
1723	13
1724	10
1725	14
1726	17
1727	14
1728	9
1729	14
1730	15
1731	14
1732	12
1733	12
1734	16
1735	11
1736	7
1737	12
1738	16
1739	14
1740	12
1741	9
1742	19
1743	12
1744	6
1745	14
1746	19
1747	15
1748	10
1749	9
1750	10
1751	7
1752	11
1753	10
1754	13
1755	14
1756	13
1757	11
1758	11
1759	16
1760	9
1761	7
1762	16
1763	10
1764	23
1765	6
1766	13
1767	10
1768	6
1769	16
1770	11
1771	10
1772	9
1773	11
1774	9
1775	13
1776	12
1777	6
1778	12
1779	17
1780	11
1781	8
1782	11
1783	16
1784	7
1785	21
1786	13
1787	17
1788	13
1789	8
1790	17
1791	17
1792	4
1793	10
1794	10
1795	6
1796	8
1797	18
1798	9
1799	8
1800	13
1801	16
1802	11
1803	6
1804	21
1805	16
1806	14
1807	18
1808	18
1809	12
1810	7
1811	10
1812	12
1813	8
1814	18
1815	6
1816	9
1817	9
1818	9
1819	13
1820	8
1821	7
1822	9
1823	15
1824	7
1825	13
1826	13
1827	10
1828	12
1829	10
1830	14
1831	13
1832	6
1833	15
1834	6
1835	13
1836	10
1837	9
1838	17
1839	11
1840	10
1841	18
1842	11
1843	13
1844	9
1845	7
1846	19
1847	9
1848	17
1849	11
1850	15
1851	15
1852	16
1853	16
1854	15
1855	16
1856	9
1857	16
1858	13
1859	15
1860	20
1861	12
1862	16
1863	14
1864	11
1865	16
1866	10
1867	17
1868	12
1869	15
1870	18
1871	20
1872	17
1873	15
1874	23
1875	27
1876	21
1877	18
1878	23
1879	11
1880	27
1881	25
1882	20
1883	26
1884	16
1885	24
1886	18
1887	22
1888	17
1889	16
1890	26
1891	21
1892	41
1893	12
1894	32
1895	42
1896	22
1897	32
1898	19
1899	24
1900	39
1901	27
1902	23
1903	28
1904	18
1905	19
1906	19
1907	22
1908	23
1909	19
1910	31
1911	23
1912	22
1913	33
1914	32
1915	33
1916	36
1917	34
1918	22
1919	28
1920	22
1921	19
1922	21
1923	16
1924	28
1925	18
1926	23
1927	13
1928	21
1929	21
1930	13
1931	23
1932	31
1933	17
1934	20
1935	16
1936	13
1937	19
1938	22
1939	31
1940	19
1941	14
1942	21
1943	6
1944	8
1945	24
1946	14
1947	22
1948	10
1949	13
1950	11
1951	6
1952	11
1953	8
1954	18
1955	6
1956	13
1957	8
1958	12
1959	11
1960	6
1961	9
1962	12
1963	11
1964	17
1965	7
1966	9
1967	6
1968	7
1969	4
1970	6
1971	13
1972	14
1973	9
1974	16
1975	6
1976	4
1977	10
1978	6
1979	9
1980	13
1981	12
1982	7
1983	9
1984	7
1985	8
1986	9
1987	4
1988	7
1989	8
1990	2
1991	9
1992	9
1993	9
1994	2
1995	4
1996	8
1997	14
1998	11
1999	4
2000	9
2001	5
2002	9
2003	6
2004	10
2005	4
2006	9
2007	4
2008	10
2009	14
2010	11
2011	10
2012	6
2013	10
2014	5
2015	8
2016	7
2017	3
2018	5
2019	8
2020	17
2021	3
2022	8
2023	2
2024	9
2025	7
2026	4
2027	4
2028	6
2029	9
2030	6
2031	2
2032	7
2033	6
2034	2
2035	3
2036	6
2037	4
2038	11
2039	7
2040	8
2041	7
2042	8
2043	7
2044	11
2045	7
2046	7
2047	8
2048	6
2049	11
2050	4
2051	8
2052	12
2053	8
2054	7
2055	5
2056	6
2057	7
2058	5
2059	4
2060	9
2061	7
2062	4
2063	8
2064	7
2065	7
2066	9
2067	6
2068	9
2069	6
2070	8
2071	3
2072	5
2073	6
2074	5
2075	8
2076	5
2077	7
2078	5
2079	5
2080	4
2081	9
2082	8
2083	6
2084	4
2085	3
2086	13
2087	8
2088	2
2089	6
2090	3
2091	11
2092	12
2093	5
2094	9
2095	5
2096	8
2097	8
2098	4
2099	8
2100	6
2101	4
2102	11
2103	4
2104	5
2105	9
2106	4
2107	7
2108	11
2109	9
2110	6
2111	11
2112	7
2113	5
2114	6
2115	6
2116	10
2117	7
2118	6
2119	4
2120	10
2121	11
2122	4
2123	1
2124	8
2125	9
2126	8
2127	4
2128	9
2129	1
2130	9
2131	11
2132	6
2133	6
2134	13
2135	7
2136	9
2137	7
2138	5
2139	6
2140	7
2141	4
2142	10
2143	3
2144	8
2145	5
2146	8
2147	9
2148	7
2149	7
2150	6
2151	7
2152	8
2153	11
2154	7
2155	4
2156	10
2157	12
2158	6
2159	8
2160	8
2161	6
2162	11
2163	5
2164	4
2165	5
2166	13
2167	7
2168	9
2169	11
2170	3
2171	9
2172	8
2173	9
2174	8
2175	14
2176	8
2177	5
2178	10
2179	6
2180	9
2181	8
2182	11
2183	10
2184	4
2185	4
2186	4
2187	4
2188	4
2189	11
2190	7
2191	3
2192	11
2193	11
2194	6
2195	13
2196	8
2197	5
2198	9
2199	11
2200	5
2201	13
2202	5
2203	7
2204	6
2205	8
2206	6
2207	11
2208	12
2209	5
2210	6
2211	3
2212	2
2213	10
2214	7
2215	8
2216	6
2217	7
2218	5
2219	4
2220	10
2221	3
2222	2
2223	3
2224	7
2225	7
2226	5
2227	5
2228	8
2229	2
2230	6
2231	2
2232	3
2233	10
2234	1
2235	7
2236	7
2237	5
2238	7
2239	7
2240	5
2241	4
2242	3
2243	2
2244	1
2245	5
2246	8
2247	3
2248	1
2249	3
2250	8
2251	3
2252	7
2253	1
2254	2
2255	4
2256	1
2257	1
2258	6
2259	1
2260	2
2261	4
2262	5
2263	3
2264	5
2265	3
2266	3
2267	2
2268	5
2269	6
2270	0
2271	6
2272	4
2273	8
2274	7
2275	4
2276	4
2277	5
2278	4
2279	3
2280	2
2281	9
2282	1
2283	4
2284	5
2285	3
2286	4
2287	5
2288	4
2289	4
2290	6
2291	4
2292	0
2293	2
2294	4
2295	5
2296	3
2297	3
2298	2
2299	5
2300	5
2301	5
2302	2
2303	5
2304	6
2305	1
2306	2
2307	4
2308	8
2309	2
2310	3
2311	4
2312	6
2313	6
2314	9
2315	3
2316	5
2317	1
2318	3
2319	7
2320	6
2321	5
2322	2
2323	3
2324	3
2325	3
2326	9
2327	4
2328	2
2329	1
2330	1
2331	6
2332	4
2333	7
2334	3
2335	4
2336	3
2337	3
2338	5
2339	3
2340	1
2341	4
2342	5
2343	2
2344	3
2345	4
2346	0
2347	4
2348	3
2349	9
2350	5
2351	6
2352	5
2353	3
2354	4
2355	6
2356	5
2357	5
2358	2
2359	1
2360	3
2361	5
2362	2
2363	3
2364	4
2365	6
2366	3
2367	4
2368	2
2369	3
2370	3
2371	5
2372	2
2373	3
2374	4
2375	1
2376	6
2377	3
2378	1
2379	5
2380	2
2381	0
2382	4
2383	3
2384	2
2385	7
2386	5
2387	1
2388	3
2389	3
2390	3
2391	3
2392	4
2393	2
2394	4
2395	0
2396	3
2397	0
2398	3
2399	3
2400	2
2401	0
2402	4
2403	1
2404	0
2405	5
2406	6
2407	0
2408	0
2409	2
2410	4
2411	1
2412	5
2413	0
2414	2
2415	3
2416	3
2417	5
2418	1
2419	3
2420	1
2421	5
2422	5
2423	0
2424	0
2425	2
2426	6
2427	6
2428	3
2429	5
2430	3
2431	3
2432	3
2433	5
2434	1
2435	4
2436	6
2437	2
2438	2
2439	2
2440	1
2441	3
2442	1
2443	2
2444	3
2445	5
2446	4
2447	6
2448	2
2449	4
2450	4
2451	6
2452	3
2453	3
2454	1
2455	1
2456	4
2457	4
2458	2
2459	4
2460	2
2461	5
2462	3
2463	2
2464	1
2465	5
2466	3
2467	1
2468	4
2469	2
2470	2
2471	2
2472	5
2473	2
2474	3
2475	5
2476	2
2477	1
2478	0
2479	2
2480	4
2481	0
2482	6
2483	5
2484	3
2485	1
2486	5
2487	3
2488	1
2489	3
2490	1
2491	7
2492	4
2493	0
2494	4
2495	4
2496	3
2497	6
2498	4
2499	0
2500	2
2501	1
2502	1
2503	3
2504	3
2505	3
2506	1
2507	2
2508	5
2509	3
2510	5
2511	5
2512	4
2513	1
2514	2
2515	2
2516	1
2517	0
2518	4
2519	2
2520	3
2521	7
2522	1
2523	2
2524	7
2525	2
2526	3
2527	4
2528	3
2529	4
2530	3
2531	5
2532	3
2533	1
2534	3
2535	3
2536	2
2537	3
2538	2
2539	1
2540	2
2541	3
2542	5
2543	1
2544	0
2545	1
2546	3
2547	2
2548	2
2549	1
2550	1
2551	1
2552	0
2553	3
2554	2
2555	1
2556	2
2557	1
2558	1
2559	2
2560	1
2561	3
2562	3
2563	3
2564	0
2565	1
2566	0
2567	1
2568	0
2569	5
2570	1
2571	1
2572	2
2573	3
2574	0
2575	0
2576	2
2577	3
2578	2
2579	2
2580	1
2581	0
2582	1
2583	1
2584	2
2585	5
2586	2
2587	0
2588	3
2589	3
2590	2
2591	1
2592	0
2593	4
2594	3
2595	1
2596	3
2597	2
2598	0
2599	2
2600	0
2601	2
2602	0
2603	3
2604	4
2605	1
2606	1
2607	0
2608	0
2609	2
2610	0
2611	2
2612	3
2613	2
2614	1
2615	3
2616	2
2617	5
2618	1
2619	2
2620	3
2621	3
2622	0
2623	0
2624	2
2625	1
2626	3
2627	2
2628	1
2629	1
2630	0
2631	0
2632	0
2633	2
2634	1
2635	1
2636	2
2637	1
2638	3
2639	1
2640	4
2641	2
2642	3
2643	2
2644	2
2645	0
2646	1
2647	0
2648	1
2649	1
2650	1
2651	1
2652	3
2653	1
2654	0
2655	2
2656	2
2657	1
2658	2
2659	3
2660	3
2661	1
2662	2
2663	2
2664	0
2665	2
2666	0
2667	4
2668	6
2669	3
2670	2
2671	1
2672	1
2673	2
2674	1
2675	1
2676	1
2677	1
2678	3
2679	0
2680	0
2681	3
2682	0
2683	3
2684	2
2685	1
2686	2
2687	5
2688	1
2689	2
2690	4
2691	3
2692	1
2693	0
2694	1
2695	0
2696	1
2697	1
2698	1
2699	2
2700	2
2701	1
2702	1
2703	1
2704	2
2705	3
2706	4
2707	2
2708	1
2709	0
2710	1
2711	3
2712	3
2713	0
2714	0
2715	1
2716	2
2717	0
2718	1
2719	2
2720	2
2721	2
2722	1
2723	1
2724	0
2725	0
2726	0
2727	3
2728	2
2729	2
2730	0
2731	1
2732	2
2733	0
2734	1
2735	2
2736	1
2737	0
2738	2
2739	0
2740	1
2741	1
2742	0
2743	0
2744	0
2745	3
2746	0
2747	2
2748	2
2749	0
2750	2
2751	0
2752	0
2753	0
2754	1
2755	2
2756	0
2757	0
2758	2
2759	2
2760	2
2761	1
2762	1
2763	4
2764	1
2765	1
2766	1
2767	0
2768	2
2769	0
2770	0
2771	1
2772	1
2773	2
2774	2
2775	0
2776	1
2777	1
2778	1
2779	0
2780	1
2781	0
2782	2
2783	3
2784	1
2785	0
2786	1
2787	3
2788	0
2789	2
2790	1
2791	4
2792	1
2793	3
2794	1
2795	2
2796	0
2797	1
2798	1
2799	0
2800	2
2801	4
2802	3
2803	2
2804	1
2805	1
2806	2
2807	1
2808	0
2809	1
2810	0
2811	1
2812	1
2813	0
2814	1
2815	0
2816	4
2817	0
2818	0
2819	3
2820	2
2821	1
2822	2
2823	0
2824	2
2825	2
2826	0
2827	3
2828	3
2829	1
2830	1
2831	1
2832	1
2833	2
2834	2
2835	2
2836	1
2837	2
2838	0
2839	1
2840	0
2841	2
2842	1
2843	1
2844	1
2845	1
2846	0
2847	1
2848	0
2849	2
2850	0
2851	0
2852	0
2853	0
2854	1
2855	0
2856	0
2857	1
2858	0
2859	1
2860	2
2861	0
2862	0
2863	1
2864	1
2865	0
2866	3
2867	0
2868	3
2869	1
2870	1
2871	1
2872	3
2873	1
2874	1
2875	0
2876	1
2877	2
2878	0
2879	1
2880	0
2881	0
2882	2
2883	1
2884	1
2885	1
2886	1
2887	2
2888	2
2889	3
2890	0
2891	0
2892	0
2893	0
2894	0
2895	1
2896	0
2897	1
2898	1
2899	0
2900	1
2901	2
2902	2
2903	0
2904	0
2905	0
2906	0
2907	1
2908	1
2909	1
2910	0
2911	0
2912	0
2913	1
2914	1
2915	1
2916	0
2917	2
2918	4
2919	0
2920	0
2921	0
2922	2
2923	0
2924	1
2925	1
2926	1
2927	0
2928	0
2929	0
2930	0
2931	0
2932	1
2933	1
2934	2
2935	0
2936	0
2937	0
2938	1
2939	1
2940	0
2941	1
2942	0
2943	0
2944	0
2945	1
2946	0
2947	1
2948	0
2949	0
2950	1
2951	0
2952	1
2953	2
2954	0
2955	2
2956	0
2957	1
2958	1
2959	0
2960	1
2961	0
2962	1
2963	2
2964	0
2965	0
2966	2
2967	0
2968	1
2969	0
2970	0
2971	0
2972	0
2973	0
2974	1
2975	0
2976	0
2977	1
2978	2
2979	1
2980	2
2981	0
2982	0
2983	0
2984	0
2985	1
2986	1
2987	0
2988	0
2989	0
2990	1
2991	0
2992	0
2993	2
2994	1
2995	1
2996	1
2997	0
2998	0
2999	0
3000	1
3001	1
3002	0
3003	1
3004	1
3005	1
3006	0
3007	2
3008	1
3009	0
3010	0
3011	1
3012	1
3013	2
3014	0
3015	0
3016	1
3017	0
3018	0
3019	1
3020	0
3021	0
3022	0
3023	0
3024	1
3025	0
3026	0
3027	2
3028	1
3029	0
3030	1
3031	1
3032	2
3033	0
3034	0
3035	0
3036	1
3037	0
3038	1
3039	0
3040	0
3041	0
3042	0
3043	1
3044	0
3045	0
3046	0
3047	0
3048	0
3049	1
3050	0
3051	0
3052	1
3053	0
3054	0
3055	1
3056	0
3057	1
3058	1
3059	0
3060	0
3061	0
3062	0
3063	0
3064	0
3065	0
3066	1
3067	0
3068	0
3069	0
3070	0
3071	1
3072	0
3073	0
3074	0
3075	1
3076	5
3077	0
3078	1
3079	1
3080	0
3081	0
3082	0
3083	0
3084	0
3085	1
3086	1
3087	2
3088	0
3089	0
3090	0
3091	0
3092	0
3093	1
3094	1
3095	1
3096	3
3097	1
3098	0
3099	1
3100	0
3101	0
3102	0
3103	1
3104	1
3105	1
3106	0
3107	0
3108	0
3109	2
3110	2
3111	0
3112	0
3113	2
3114	0
3115	0
3116	0
3117	0
3118	0
3119	0
3120	0
3121	0
3122	0
3123	0
3124	0
3125	0
3126	0
3127	0
3128	0
3129	0
3130	0
3131	0
3132	1
3133	0
3134	0
3135	0
3136	0
3137	0
3138	0
3139	1
3140	0
3141	0
3142	1
3143	0
3144	2
3145	0
3146	0
3147	1
3148	1
3149	0
3150	0
3151	0
3152	0
3153	1
3154	0
3155	0
3156	0
3157	0
3158	1
3159	0
3160	0
3161	0
3162	1
3163	0
3164	0
3165	1
3166	2
3167	0
3168	0
3169	0
3170	1
3171	0
3172	2
3173	0
3174	0
3175	0
3176	0
3177	1
3178	0
3179	0
3180	0
3181	0
3182	0
3183	0
3184	0
3185	0
3186	0
3187	0
3188	0
3189	1
3190	0
3191	1
3192	0
3193	0
3194	0
3195	1
3196	0
3197	0
3198	0
3199	0
3200	0
3201	0
3202	0
3203	0
3204	0
3205	0
3206	0
3207	0
3208	0
3209	1
3210	0
3211	0
3212	0
3213	0
3214	0
3215	0
3216	0
3217	0
3218	1
3219	0
3220	0
3221	0
3222	0
3223	1
3224	0
3225	0
3226	0
3227	2
3228	0
3229	0
3230	0
3231	0
3232	0
3233	0
3234	0
3235	1
3236	0
3237	0
3238	1
3239	0
3240	0
3241	1
3242	0
3243	0
3244	0
3245	3
3246	0
3247	0
3248	0
3249	0
3250	0
3251	1
3252	0
3253	0
3254	1
3255	1
3256	0
3257	0
3258	0
3259	0
3260	1
3261	0
3262	0
3263	0
3264	0
3265	1
3266	0
3267	0
3268	0
3269	0
3270	0
3271	0
3272	1
3273	0
3274	0
3275	0
3276	0
3277	2
3278	0
3279	0
3280	1
3281	0
3282	0
3283	0
3284	0
3285	1
3286	1
3287	0
3288	0
3289	1
3290	1
3291	1
3292	0
3293	0
3294	0
3295	0
3296	0
3297	0
3298	0
3299	0
3300	0
3301	0
3302	0
3303	1
3304	0
3305	0
3306	1
3307	0
3308	0
3309	1
3310	1
3311	1
3312	0
3313	0
3314	0
3315	0
3316	1
3317	0
3318	0
3319	1
3320	0
3321	0
3322	1
3323	0
3324	0
3325	0
3326	0
3327	0
3328	0
3329	0
3330	0
3331	0
3332	0
3333	0
3334	0
3335	0
3336	0
3337	0
3338	0
3339	0
3340	1
3341	0
3342	1
3343	0
3344	0
3345	0
3346	1
3347	0
3348	0
3349	0
3350	0
3351	0
3352	0
3353	0
3354	0
3355	0
3356	0
3357	0
3358	0
3359	0
3360	0
3361	0
3362	1
3363	1
3364	0
3365	0
3366	1
3367	0
3368	0
3369	0
3370	1
3371	0
3372	0
3373	0
3374	1
3375	0
3376	0
3377	0
3378	0
3379	0
3380	0
3381	0
3382	0
3383	0
3384	0
3385	0
3386	0
3387	0
3388	0
3389	1
3390	0
3391	0
3392	0
3393	0
3394	0
3395	0
3396	0
3397	0
3398	0
3399	0
3400	1
3401	0
3402	0
3403	1
3404	0
3405	0
3406	0
3407	0
3408	0
3409	0
3410	0
3411	0
3412	0
3413	0
3414	0
3415	0
3416	0
3417	0
3418	0
3419	1
3420	0
3421	1
3422	0
3423	0
3424	0
3425	0
3426	0
3427	0
3428	0
3429	0
3430	0
3431	0
3432	0
3433	0
3434	1
3435	0
3436	0
3437	0
3438	0
3439	0
3440	0
3441	0
3442	0
3443	0
3444	0
3445	0
3446	0
3447	0
3448	0
3449	0
3450	0
3451	0
3452	0
3453	0
3454	1
3455	0
3456	0
3457	0
3458	0
3459	0
3460	1
3461	0
3462	0
3463	0
3464	0
3465	0
3466	0
3467	0
3468	0
3469	0
3470	0
3471	0
3472	0
3473	0
3474	0
3475	0
3476	0
3477	0
3478	0
3479	0
3480	1
3481	0
3482	0
3483	0
3484	0
3485	0
3486	1
3487	0
3488	0
3489	0
3490	0
3491	0
3492	0
3493	0
3494	0
3495	0
3496	0
3497	0
3498	1
3499	0
3500	0
3501	0
3502	0
3503	0
3504	0
3505	0
3506	1
3507	0
3508	0
3509	0
3510	0
3511	0
3512	0
3513	1
3514	0
3515	0
3516	1
3517	0
3518	0
3519	0
3520	0
3521	1
3522	0
3523	0
3524	0
3525	0
3526	0
3527	0
3528	0
3529	0
3530	0
3531	0
3532	0
3533	0
3534	0
3535	0
3536	0
3537	0
3538	0
3539	0
3540	0
3541	0
3542	0
3543	0
3544	0
3545	0
3546	0
3547	0
3548	0
3549	0
3550	0
3551	0
3552	0
3553	0
3554	0
3555	1
3556	0
3557	0
3558	0
3559	0
3560	0
3561	0
3562	1
3563	1
3564	0
3565	0
3566	0
3567	0
3568	0
3569	0
3570	0
3571	0
3572	1
3573	0
3574	0
3575	0
3576	0
3577	0
3578	0
3579	0
3580	0
3581	0
3582	0
3583	0
3584	0
3585	0
3586	0
3587	0
3588	1
3589	0
3590	0
3591	0
3592	0
3593	0
3594	1
3595	0
3596	0
3597	1
3598	0
3599	1
3600	0
3601	1
3602	0
3603	0
3604	0
3605	0
3606	1
3607	0
3608	0
3609	0
3610	0
3611	0
3612	1
3613	0
3614	0
3615	0
3616	0
3617	0
3618	0
3619	0
3620	0
3621	0
3622	0
3623	0
3624	0
3625	0
3626	0
3627	0
3628	0
3629	0
3630	0
3631	0
3632	0
3633	0
3634	0
3635	0
3636	0
3637	0
3638	0
3639	0
3640	0
3641	1
3642	0
3643	0
3644	0
3645	0
3646	0
3647	0
3648	0
3649	0
3650	0
3651	0
3652	0
3653	0
3654	0
3655	0
3656	0
3657	1
3658	0
3659	0
3660	0
3661	0
3662	0
3663	0
3664	0
3665	0
3666	0
3667	0
3668	0
3669	0
3670	0
3671	0
3672	0
3673	0
3674	0
3675	0
3676	0
3677	0
3678	0
3679	0
3680	0
3681	0
3682	0
3683	0
3684	0
3685	0
3686	0
3687	1
3688	0
3689	1
3690	0
3691	0
3692	0
3693	0
3694	0
3695	0
3696	0
3697	0
3698	0
3699	0
3700	1
3701	0
3702	1
3703	0
3704	0
3705	0
3706	0
3707	0
3708	0
3709	0
3710	0
3711	0
3712	0
3713	0
3714	0
3715	0
3716	0
3717	0
3718	0
3719	0
3720	0
3721	0
3722	0
3723	0
3724	0
3725	0
3726	0
3727	0
3728	0
3729	0
3730	0
3731	0
3732	0
3733	0
3734	0
3735	0
3736	0
3737	0
3738	0
3739	0
3740	1
3741	0
3742	0
3743	0
3744	0
3745	0
3746	0
3747	0
3748	0
3749	0
3750	0
3751	0
3752	0
3753	0
3754	0
3755	0
3756	0
3757	0
3758	0
3759	0
3760	0
3761	0
3762	0
3763	0
3764	0
3765	0
3766	0
3767	0
3768	0
3769	0
3770	0
3771	0
3772	0
3773	0
3774	0
3775	0
3776	0
3777	0
3778	0
3779	0
3780	0
3781	0
3782	0
3783	0
3784	0
3785	1
3786	0
3787	0
3788	0
3789	0
3790	0
3791	0
3792	0
3793	0
3794	0
3795	0
3796	0
3797	0
3798	0
3799	0
3800	0
3801	0
3802	0
3803	0
3804	0
3805	0
3806	0
3807	0
3808	0
3809	0
3810	0
3811	0
3812	1
3813	0
3814	0
3815	0
3816	0
3817	0
3818	0
3819	0
3820	0
3821	0
3822	0
3823	0
3824	0
3825	0
3826	0
3827	0
3828	0
3829	1
3830	0
3831	0
3832	0
3833	0
3834	0
3835	0
3836	0
3837	0
3838	0
3839	0
3840	0
3841	0
3842	0
3843	0
3844	0
3845	0
3846	0
3847	0
3848	0
3849	0
3850	0
3851	0
3852	0
3853	0
3854	0
3855	0
3856	0
3857	0
3858	0
3859	0
3860	0
3861	0
3862	0
3863	0
3864	0
3865	0
3866	0
3867	0
3868	0
3869	0
3870	0
3871	0
3872	0
3873	0
3874	0
3875	0
3876	0
3877	0
3878	0
3879	0
3880	0
3881	0
3882	0
3883	0
3884	0
3885	0
3886	0
3887	0
3888	0
3889	0
3890	0
3891	0
3892	0
3893	0
3894	0
3895	0
3896	0
3897	0
3898	0
3899	0
3900	0
3901	0
3902	0
3903	0
3904	0
3905	0
3906	0
3907	0
3908	0
3909	0
3910	0
3911	0
3912	0
3913	0
3914	0
3915	0
3916	0
3917	0
3918	0
3919	0
3920	0
3921	0
3922	0
3923	0
3924	0
3925	0
3926	0
3927	0
3928	0
3929	0
3930	0
3931	0
3932	0
3933	0
3934	0
3935	0
3936	0
3937	0
3938	0
3939	0
3940	0
3941	0
3942	0
3943	0
3944	0
3945	0
3946	0
3947	0
3948	0
3949	0
3950	0
3951	0
3952	0
3953	0
3954	0
3955	0
3956	0
3957	0
3958	0
3959	0
3960	0
3961	0
3962	0
3963	0
3964	0
3965	0
3966	0
3967	0
3968	0
3969	0
3970	0
3971	0
3972	0
3973	0
3974	0
3975	0
3976	0
3977	0
3978	0
3979	0
3980	0
3981	0
3982	0
3983	0
3984	0
3985	0
3986	0
3987	0
3988	0
3989	0
3990	0
3991	0
3992	0
3993	0
3994	0
3995	0
3996	0
3997	0
3998	0
3999	0
4000	0
