Channel number	Impulses
Channel/#	Impulses/#

0	0
1	0
2	0
3	0
4	0
5	0
6	0
7	0
8	0
9	0
10	0
11	0
12	0
13	0
14	0
15	0
16	0
17	0
18	0
19	0
20	0
21	0
22	0
23	0
24	0
25	0
26	0
27	0
28	0
29	0
30	0
31	0
32	0
33	0
34	0
35	0
36	0
37	0
38	0
39	0
40	0
41	0
42	0
43	0
44	0
45	0
46	0
47	0
48	0
49	0
50	0
51	1
52	0
53	0
54	0
55	1
56	1
57	0
58	3
59	3
60	3
61	3
62	6
63	5
64	1
65	3
66	3
67	1
68	2
69	3
70	0
71	2
72	3
73	1
74	1
75	1
76	1
77	2
78	2
79	1
80	1
81	4
82	1
83	0
84	3
85	4
86	3
87	2
88	0
89	4
90	0
91	3
92	4
93	4
94	6
95	8
96	0
97	0
98	1
99	4
100	3
101	1
102	3
103	2
104	1
105	1
106	5
107	5
108	6
109	3
110	4
111	6
112	2
113	2
114	5
115	3
116	1
117	3
118	0
119	0
120	4
121	3
122	0
123	2
124	1
125	4
126	4
127	2
128	1
129	1
130	1
131	4
132	2
133	3
134	2
135	2
136	3
137	4
138	4
139	6
140	0
141	2
142	4
143	3
144	1
145	1
146	1
147	6
148	3
149	2
150	0
151	3
152	2
153	1
154	4
155	3
156	2
157	4
158	2
159	3
160	1
161	1
162	1
163	0
164	5
165	4
166	3
167	1
168	1
169	0
170	3
171	2
172	0
173	6
174	4
175	3
176	3
177	3
178	1
179	0
180	1
181	2
182	1
183	7
184	0
185	3
186	2
187	2
188	1
189	1
190	4
191	6
192	2
193	3
194	2
195	3
196	4
197	3
198	0
199	1
200	5
201	1
202	3
203	4
204	3
205	2
206	3
207	5
208	1
209	4
210	2
211	3
212	1
213	4
214	3
215	1
216	1
217	2
218	5
219	5
220	0
221	2
222	3
223	2
224	2
225	3
226	1
227	2
228	0
229	1
230	3
231	2
232	4
233	3
234	2
235	4
236	0
237	2
238	5
239	3
240	1
241	1
242	4
243	2
244	3
245	0
246	2
247	3
248	5
249	3
250	4
251	2
252	4
253	5
254	5
255	5
256	0
257	6
258	1
259	2
260	3
261	2
262	7
263	5
264	4
265	3
266	6
267	2
268	7
269	5
270	4
271	8
272	0
273	5
274	3
275	4
276	1
277	4
278	2
279	4
280	3
281	7
282	5
283	7
284	3
285	6
286	2
287	2
288	2
289	2
290	7
291	4
292	3
293	3
294	4
295	3
296	4
297	3
298	2
299	3
300	4
301	7
302	5
303	6
304	5
305	4
306	6
307	5
308	6
309	4
310	5
311	7
312	4
313	3
314	7
315	4
316	6
317	4
318	1
319	7
320	1
321	3
322	5
323	2
324	3
325	3
326	0
327	5
328	3
329	3
330	6
331	4
332	3
333	0
334	6
335	5
336	0
337	2
338	5
339	8
340	5
341	5
342	3
343	3
344	3
345	3
346	6
347	0
348	4
349	1
350	0
351	2
352	1
353	3
354	4
355	3
356	4
357	2
358	3
359	5
360	3
361	2
362	0
363	1
364	4
365	7
366	2
367	4
368	1
369	5
370	3
371	2
372	1
373	6
374	3
375	2
376	2
377	3
378	4
379	3
380	0
381	3
382	1
383	2
384	0
385	5
386	3
387	3
388	1
389	7
390	1
391	2
392	1
393	1
394	1
395	3
396	0
397	2
398	5
399	5
400	3
401	3
402	5
403	4
404	6
405	2
406	3
407	4
408	0
409	5
410	3
411	5
412	3
413	4
414	2
415	3
416	1
417	0
418	2
419	3
420	1
421	1
422	3
423	2
424	2
425	5
426	5
427	5
428	3
429	3
430	1
431	4
432	1
433	1
434	3
435	4
436	2
437	8
438	1
439	3
440	3
441	4
442	3
443	2
444	5
445	4
446	2
447	2
448	1
449	5
450	4
451	2
452	1
453	2
454	5
455	3
456	4
457	5
458	2
459	3
460	2
461	3
462	4
463	6
464	3
465	3
466	2
467	5
468	5
469	5
470	6
471	6
472	1
473	4
474	3
475	5
476	2
477	4
478	5
479	3
480	6
481	3
482	4
483	2
484	5
485	2
486	4
487	9
488	4
489	5
490	8
491	2
492	3
493	3
494	4
495	4
496	5
497	6
498	3
499	3
500	6
501	4
502	4
503	3
504	2
505	6
506	1
507	5
508	7
509	1
510	3
511	4
512	0
513	4
514	6
515	4
516	3
517	3
518	4
519	4
520	1
521	4
522	4
523	7
524	8
525	6
526	2
527	1
528	5
529	2
530	7
531	3
532	5
533	4
534	3
535	5
536	4
537	4
538	1
539	8
540	7
541	3
542	3
543	6
544	3
545	2
546	7
547	7
548	7
549	3
550	5
551	2
552	5
553	7
554	7
555	3
556	4
557	3
558	4
559	8
560	3
561	8
562	2
563	11
564	3
565	2
566	3
567	8
568	4
569	6
570	5
571	5
572	3
573	6
574	3
575	9
576	1
577	3
578	4
579	3
580	4
581	7
582	5
583	7
584	7
585	6
586	7
587	4
588	12
589	6
590	8
591	2
592	6
593	6
594	6
595	2
596	6
597	5
598	12
599	8
600	1
601	2
602	4
603	5
604	8
605	8
606	6
607	4
608	4
609	9
610	10
611	10
612	14
613	9
614	5
615	6
616	5
617	11
618	7
619	4
620	7
621	12
622	6
623	15
624	4
625	6
626	18
627	15
628	22
629	8
630	15
631	12
632	15
633	25
634	19
635	16
636	18
637	29
638	29
639	32
640	9
641	24
642	19
643	34
644	39
645	29
646	47
647	31
648	30
649	69
650	51
651	59
652	63
653	66
654	58
655	75
656	58
657	79
658	90
659	80
660	86
661	98
662	124
663	136
664	104
665	169
666	114
667	158
668	138
669	170
670	155
671	277
672	116
673	186
674	191
675	223
676	231
677	203
678	279
679	260
680	198
681	307
682	238
683	312
684	315
685	314
686	305
687	331
688	246
689	332
690	328
691	346
692	379
693	306
694	425
695	411
696	315
697	423
698	386
699	427
700	377
701	378
702	398
703	532
704	279
705	402
706	420
707	389
708	454
709	345
710	461
711	392
712	374
713	456
714	335
715	429
716	410
717	388
718	393
719	436
720	287
721	361
722	359
723	380
724	338
725	310
726	376
727	302
728	330
729	335
730	257
731	312
732	264
733	288
734	273
735	361
736	187
737	222
738	236
739	206
740	253
741	193
742	234
743	195
744	141
745	199
746	147
747	122
748	174
749	160
750	136
751	130
752	79
753	119
754	118
755	123
756	110
757	86
758	105
759	84
760	81
761	124
762	78
763	59
764	66
765	60
766	68
767	112
768	47
769	65
770	68
771	71
772	66
773	68
774	61
775	50
776	69
777	76
778	53
779	84
780	61
781	60
782	77
783	80
784	48
785	62
786	73
787	65
788	52
789	42
790	77
791	65
792	58
793	87
794	55
795	85
796	72
797	74
798	68
799	81
800	45
801	69
802	54
803	75
804	86
805	59
806	73
807	63
808	54
809	77
810	58
811	72
812	71
813	72
814	74
815	68
816	50
817	76
818	64
819	59
820	61
821	51
822	62
823	58
824	40
825	63
826	39
827	57
828	38
829	43
830	38
831	50
832	15
833	36
834	36
835	27
836	33
837	29
838	22
839	34
840	19
841	31
842	18
843	25
844	27
845	24
846	19
847	21
848	12
849	9
850	8
851	11
852	10
853	8
854	23
855	7
856	14
857	11
858	13
859	10
860	8
861	8
862	7
863	9
864	5
865	8
866	7
867	4
868	7
869	8
870	0
871	1
872	3
873	4
874	1
875	4
876	3
877	1
878	4
879	2
880	1
881	2
882	0
883	1
884	1
885	2
886	2
887	0
888	1
889	2
890	1
891	3
892	0
893	2
894	1
895	3
896	0
897	3
898	0
899	0
900	0
901	1
902	1
903	1
904	0
905	0
906	1
907	1
908	0
909	0
910	0
911	0
912	0
913	0
914	2
915	2
916	0
917	0
918	1
919	0
920	1
921	0
922	2
923	1
924	0
925	0
926	1
927	0
928	1
929	1
930	0
931	0
932	3
933	0
934	0
935	2
936	0
937	0
938	0
939	2
940	0
941	1
942	2
943	0
944	0
945	0
946	0
947	1
948	0
949	0
950	0
951	0
952	0
953	0
954	2
955	1
956	0
957	0
958	1
959	0
960	2
961	0
962	0
963	0
964	1
965	1
966	1
967	1
968	0
969	1
970	0
971	0
972	1
973	1
974	1
975	1
976	0
977	0
978	1
979	2
980	1
981	1
982	0
983	1
984	0
985	1
986	1
987	3
988	0
989	4
990	0
991	0
992	1
993	0
994	2
995	2
996	0
997	0
998	0
999	0
1000	1
1001	2
1002	3
1003	0
1004	1
1005	0
1006	0
1007	1
1008	0
1009	0
1010	0
1011	2
1012	0
1013	1
1014	0
1015	1
1016	2
1017	1
1018	1
1019	0
1020	1
1021	0
1022	0
1023	4
1024	1
1025	0
1026	0
1027	2
1028	1
1029	0
1030	0
1031	0
1032	0
1033	0
1034	1
1035	0
1036	0
1037	0
1038	1
1039	0
1040	0
1041	0
1042	1
1043	0
1044	1
1045	0
1046	1
1047	1
1048	1
1049	1
1050	0
1051	2
1052	0
1053	2
1054	2
1055	0
1056	0
1057	0
1058	1
1059	0
1060	1
1061	0
1062	0
1063	0
1064	0
1065	0
1066	0
1067	0
1068	1
1069	0
1070	0
1071	0
1072	1
1073	2
1074	1
1075	0
1076	0
1077	0
1078	2
1079	0
1080	1
1081	1
1082	0
1083	0
1084	1
1085	0
1086	3
1087	0
1088	0
1089	1
1090	0
1091	0
1092	1
1093	2
1094	2
1095	1
1096	0
1097	1
1098	1
1099	1
1100	1
1101	0
1102	2
1103	0
1104	0
1105	0
1106	0
1107	2
1108	0
1109	1
1110	2
1111	0
1112	1
1113	0
1114	1
1115	1
1116	1
1117	0
1118	0
1119	2
1120	1
1121	0
1122	0
1123	5
1124	2
1125	0
1126	1
1127	1
1128	1
1129	1
1130	0
1131	1
1132	2
1133	0
1134	0
1135	0
1136	0
1137	0
1138	2
1139	1
1140	2
1141	0
1142	1
1143	1
1144	0
1145	0
1146	1
1147	3
1148	1
1149	1
1150	1
1151	1
1152	1
1153	1
1154	0
1155	1
1156	3
1157	0
1158	1
1159	1
1160	1
1161	1
1162	0
1163	0
1164	1
1165	0
1166	1
1167	1
1168	0
1169	0
1170	2
1171	0
1172	0
1173	0
1174	1
1175	1
1176	0
1177	0
1178	2
1179	1
1180	1
1181	0
1182	3
1183	2
1184	0
1185	1
1186	0
1187	0
1188	2
1189	1
1190	1
1191	1
1192	1
1193	1
1194	0
1195	0
1196	0
1197	0
1198	1
1199	0
1200	1
1201	2
1202	0
1203	1
1204	0
1205	0
1206	0
1207	1
1208	0
1209	1
1210	1
1211	0
1212	1
1213	3
1214	1
1215	0
1216	0
1217	1
1218	0
1219	0
1220	1
1221	1
1222	0
1223	0
1224	1
1225	2
1226	0
1227	1
1228	1
1229	1
1230	1
1231	0
1232	0
1233	1
1234	0
1235	0
1236	0
1237	0
1238	0
1239	1
1240	1
1241	1
1242	2
1243	2
1244	1
1245	1
1246	2
1247	1
1248	2
1249	2
1250	1
1251	2
1252	1
1253	3
1254	0
1255	1
1256	0
1257	0
1258	0
1259	1
1260	0
1261	4
1262	0
1263	0
1264	2
1265	1
1266	1
1267	1
1268	0
1269	0
1270	0
1271	0
1272	0
1273	1
1274	1
1275	2
1276	1
1277	0
1278	1
1279	1
1280	0
1281	0
1282	0
1283	1
1284	2
1285	0
1286	2
1287	0
1288	0
1289	0
1290	1
1291	0
1292	1
1293	1
1294	0
1295	1
1296	1
1297	2
1298	0
1299	0
1300	1
1301	1
1302	2
1303	1
1304	0
1305	1
1306	1
1307	0
1308	0
1309	1
1310	0
1311	1
1312	1
1313	0
1314	3
1315	3
1316	1
1317	1
1318	0
1319	0
1320	0
1321	1
1322	0
1323	0
1324	0
1325	0
1326	0
1327	1
1328	0
1329	0
1330	2
1331	0
1332	0
1333	1
1334	0
1335	0
1336	1
1337	0
1338	1
1339	1
1340	1
1341	2
1342	1
1343	2
1344	1
1345	1
1346	0
1347	1
1348	2
1349	3
1350	0
1351	0
1352	0
1353	0
1354	0
1355	1
1356	1
1357	1
1358	0
1359	3
1360	0
1361	0
1362	0
1363	2
1364	2
1365	2
1366	1
1367	1
1368	1
1369	1
1370	0
1371	1
1372	1
1373	2
1374	3
1375	3
1376	0
1377	2
1378	0
1379	1
1380	1
1381	3
1382	0
1383	0
1384	1
1385	0
1386	2
1387	1
1388	0
1389	0
1390	2
1391	3
1392	2
1393	1
1394	1
1395	1
1396	2
1397	0
1398	1
1399	2
1400	2
1401	0
1402	1
1403	1
1404	1
1405	0
1406	2
1407	2
1408	0
1409	4
1410	1
1411	0
1412	0
1413	3
1414	0
1415	1
1416	1
1417	1
1418	2
1419	0
1420	1
1421	1
1422	1
1423	1
1424	2
1425	0
1426	1
1427	1
1428	0
1429	2
1430	1
1431	0
1432	1
1433	1
1434	1
1435	3
1436	0
1437	0
1438	0
1439	1
1440	0
1441	1
1442	0
1443	3
1444	0
1445	0
1446	0
1447	2
1448	2
1449	1
1450	1
1451	2
1452	0
1453	0
1454	0
1455	1
1456	0
1457	1
1458	1
1459	1
1460	1
1461	0
1462	1
1463	0
1464	0
1465	1
1466	0
1467	1
1468	1
1469	0
1470	0
1471	2
1472	1
1473	2
1474	2
1475	0
1476	2
1477	1
1478	1
1479	0
1480	0
1481	0
1482	0
1483	0
1484	0
1485	0
1486	1
1487	0
1488	1
1489	1
1490	2
1491	0
1492	0
1493	0
1494	1
1495	1
1496	0
1497	0
1498	0
1499	1
1500	1
1501	1
1502	0
1503	2
1504	0
1505	1
1506	2
1507	0
1508	1
1509	1
1510	1
1511	0
1512	0
1513	2
1514	0
1515	0
1516	0
1517	1
1518	0
1519	0
1520	0
1521	0
1522	0
1523	3
1524	1
1525	0
1526	1
1527	1
1528	3
1529	0
1530	1
1531	0
1532	1
1533	0
1534	2
1535	2
1536	1
1537	0
1538	3
1539	1
1540	1
1541	1
1542	1
1543	0
1544	0
1545	2
1546	0
1547	0
1548	2
1549	1
1550	0
1551	1
1552	1
1553	0
1554	1
1555	0
1556	0
1557	1
1558	3
1559	1
1560	1
1561	2
1562	1
1563	1
1564	1
1565	0
1566	1
1567	2
1568	1
1569	2
1570	0
1571	1
1572	0
1573	1
1574	1
1575	0
1576	1
1577	1
1578	0
1579	0
1580	0
1581	1
1582	2
1583	3
1584	0
1585	1
1586	2
1587	4
1588	1
1589	0
1590	2
1591	1
1592	0
1593	0
1594	1
1595	2
1596	2
1597	0
1598	4
1599	1
1600	2
1601	1
1602	1
1603	0
1604	0
1605	0
1606	1
1607	2
1608	3
1609	5
1610	0
1611	2
1612	1
1613	1
1614	0
1615	2
1616	1
1617	4
1618	0
1619	2
1620	1
1621	1
1622	1
1623	0
1624	1
1625	2
1626	0
1627	2
1628	0
1629	0
1630	2
1631	2
1632	0
1633	1
1634	2
1635	3
1636	1
1637	0
1638	0
1639	0
1640	0
1641	0
1642	1
1643	1
1644	1
1645	0
1646	2
1647	0
1648	0
1649	2
1650	2
1651	0
1652	0
1653	0
1654	0
1655	2
1656	0
1657	0
1658	0
1659	0
1660	1
1661	1
1662	0
1663	0
1664	0
1665	3
1666	1
1667	0
1668	0
1669	1
1670	2
1671	0
1672	1
1673	2
1674	1
1675	0
1676	0
1677	1
1678	0
1679	0
1680	1
1681	2
1682	1
1683	1
1684	0
1685	1
1686	1
1687	1
1688	0
1689	0
1690	2
1691	2
1692	2
1693	0
1694	1
1695	2
1696	1
1697	1
1698	0
1699	2
1700	2
1701	1
1702	0
1703	1
1704	2
1705	1
1706	0
1707	0
1708	3
1709	1
1710	0
1711	1
1712	1
1713	2
1714	2
1715	3
1716	2
1717	3
1718	1
1719	1
1720	0
1721	3
1722	1
1723	2
1724	1
1725	3
1726	1
1727	0
1728	0
1729	0
1730	1
1731	0
1732	1
1733	1
1734	0
1735	1
1736	0
1737	1
1738	2
1739	1
1740	1
1741	0
1742	1
1743	2
1744	2
1745	0
1746	0
1747	3
1748	3
1749	0
1750	1
1751	0
1752	2
1753	3
1754	1
1755	1
1756	1
1757	1
1758	0
1759	3
1760	0
1761	1
1762	1
1763	1
1764	1
1765	1
1766	0
1767	0
1768	2
1769	3
1770	0
1771	3
1772	0
1773	0
1774	1
1775	1
1776	1
1777	4
1778	2
1779	4
1780	2
1781	2
1782	3
1783	1
1784	1
1785	3
1786	1
1787	2
1788	0
1789	1
1790	2
1791	1
1792	0
1793	0
1794	2
1795	0
1796	0
1797	1
1798	3
1799	0
1800	3
1801	1
1802	1
1803	1
1804	2
1805	4
1806	1
1807	4
1808	2
1809	1
1810	1
1811	2
1812	3
1813	0
1814	3
1815	1
1816	3
1817	2
1818	2
1819	4
1820	2
1821	2
1822	2
1823	1
1824	1
1825	1
1826	7
1827	2
1828	4
1829	1
1830	4
1831	0
1832	1
1833	1
1834	1
1835	1
1836	2
1837	1
1838	2
1839	0
1840	0
1841	4
1842	4
1843	4
1844	3
1845	0
1846	1
1847	2
1848	2
1849	3
1850	0
1851	4
1852	2
1853	6
1854	2
1855	6
1856	0
1857	0
1858	1
1859	7
1860	1
1861	3
1862	3
1863	1
1864	1
1865	2
1866	4
1867	1
1868	2
1869	1
1870	3
1871	1
1872	3
1873	2
1874	2
1875	9
1876	3
1877	4
1878	3
1879	5
1880	3
1881	6
1882	1
1883	3
1884	0
1885	2
1886	5
1887	2
1888	2
1889	1
1890	1
1891	2
1892	3
1893	1
1894	6
1895	1
1896	1
1897	6
1898	1
1899	4
1900	3
1901	5
1902	4
1903	1
1904	1
1905	0
1906	2
1907	0
1908	0
1909	3
1910	2
1911	1
1912	4
1913	6
1914	4
1915	4
1916	0
1917	3
1918	0
1919	1
1920	3
1921	3
1922	4
1923	0
1924	1
1925	1
1926	1
1927	1
1928	3
1929	2
1930	2
1931	2
1932	4
1933	2
1934	1
1935	1
1936	3
1937	1
1938	2
1939	1
1940	3
1941	2
1942	2
1943	1
1944	1
1945	3
1946	0
1947	2
1948	1
1949	0
1950	3
1951	1
1952	0
1953	1
1954	0
1955	2
1956	1
1957	0
1958	0
1959	0
1960	0
1961	2
1962	1
1963	0
1964	1
1965	0
1966	0
1967	0
1968	0
1969	1
1970	1
1971	2
1972	0
1973	1
1974	2
1975	1
1976	0
1977	4
1978	0
1979	0
1980	1
1981	0
1982	0
1983	0
1984	0
1985	2
1986	0
1987	2
1988	1
1989	0
1990	0
1991	0
1992	1
1993	0
1994	0
1995	1
1996	0
1997	0
1998	1
1999	1
2000	1
2001	2
2002	0
2003	1
2004	1
2005	2
2006	4
2007	0
2008	2
2009	0
2010	2
2011	0
2012	0
2013	1
2014	0
2015	2
2016	0
2017	0
2018	0
2019	1
2020	0
2021	0
2022	0
2023	0
2024	0
2025	1
2026	1
2027	1
2028	1
2029	0
2030	0
2031	1
2032	0
2033	0
2034	0
2035	2
2036	0
2037	0
2038	0
2039	0
2040	2
2041	0
2042	0
2043	1
2044	2
2045	1
2046	1
2047	0
2048	0
2049	0
2050	0
2051	2
2052	1
2053	1
2054	0
2055	0
2056	0
2057	0
2058	1
2059	1
2060	0
2061	1
2062	0
2063	1
2064	1
2065	0
2066	2
2067	0
2068	1
2069	3
2070	1
2071	1
2072	3
2073	1
2074	0
2075	0
2076	3
2077	0
2078	0
2079	2
2080	0
2081	0
2082	0
2083	0
2084	1
2085	2
2086	1
2087	1
2088	3
2089	0
2090	1
2091	0
2092	1
2093	3
2094	0
2095	0
2096	2
2097	0
2098	3
2099	1
2100	1
2101	1
2102	2
2103	2
2104	0
2105	2
2106	0
2107	1
2108	1
2109	1
2110	2
2111	3
2112	0
2113	0
2114	0
2115	0
2116	0
2117	2
2118	1
2119	1
2120	1
2121	1
2122	0
2123	0
2124	0
2125	0
2126	2
2127	0
2128	1
2129	0
2130	0
2131	1
2132	1
2133	0
2134	1
2135	0
2136	1
2137	0
2138	0
2139	0
2140	0
2141	0
2142	1
2143	0
2144	0
2145	1
2146	2
2147	2
2148	0
2149	0
2150	2
2151	1
2152	0
2153	0
2154	0
2155	0
2156	2
2157	1
2158	2
2159	1
2160	2
2161	1
2162	1
2163	0
2164	1
2165	1
2166	5
2167	0
2168	1
2169	0
2170	1
2171	0
2172	0
2173	1
2174	2
2175	1
2176	1
2177	2
2178	1
2179	3
2180	0
2181	1
2182	0
2183	1
2184	2
2185	0
2186	1
2187	0
2188	3
2189	1
2190	1
2191	0
2192	3
2193	1
2194	0
2195	0
2196	1
2197	1
2198	1
2199	1
2200	1
2201	2
2202	0
2203	0
2204	0
2205	0
2206	1
2207	1
2208	0
2209	0
2210	1
2211	1
2212	0
2213	0
2214	0
2215	1
2216	0
2217	0
2218	1
2219	0
2220	0
2221	1
2222	0
2223	0
2224	1
2225	0
2226	0
2227	0
2228	1
2229	0
2230	0
2231	0
2232	0
2233	0
2234	1
2235	0
2236	0
2237	1
2238	1
2239	1
2240	1
2241	0
2242	0
2243	0
2244	0
2245	1
2246	0
2247	1
2248	1
2249	1
2250	0
2251	0
2252	1
2253	1
2254	0
2255	0
2256	1
2257	1
2258	1
2259	0
2260	0
2261	0
2262	0
2263	0
2264	0
2265	0
2266	0
2267	0
2268	0
2269	1
2270	0
2271	0
2272	0
2273	0
2274	0
2275	0
2276	1
2277	0
2278	0
2279	0
2280	1
2281	0
2282	2
2283	0
2284	0
2285	0
2286	1
2287	0
2288	0
2289	0
2290	0
2291	0
2292	1
2293	0
2294	2
2295	0
2296	0
2297	0
2298	0
2299	0
2300	1
2301	0
2302	2
2303	0
2304	0
2305	1
2306	0
2307	0
2308	0
2309	0
2310	1
2311	1
2312	1
2313	0
2314	0
2315	0
2316	1
2317	0
2318	0
2319	0
2320	0
2321	0
2322	1
2323	0
2324	0
2325	0
2326	1
2327	0
2328	0
2329	0
2330	0
2331	0
2332	0
2333	0
2334	0
2335	2
2336	0
2337	0
2338	0
2339	0
2340	0
2341	1
2342	0
2343	1
2344	2
2345	0
2346	0
2347	1
2348	0
2349	1
2350	1
2351	0
2352	0
2353	1
2354	1
2355	0
2356	0
2357	0
2358	0
2359	1
2360	0
2361	1
2362	0
2363	0
2364	0
2365	1
2366	0
2367	0
2368	0
2369	0
2370	0
2371	0
2372	0
2373	2
2374	0
2375	0
2376	0
2377	0
2378	0
2379	0
2380	0
2381	1
2382	1
2383	0
2384	0
2385	2
2386	0
2387	0
2388	0
2389	1
2390	0
2391	0
2392	0
2393	1
2394	1
2395	3
2396	2
2397	0
2398	0
2399	0
2400	0
2401	0
2402	0
2403	0
2404	0
2405	0
2406	1
2407	0
2408	0
2409	0
2410	0
2411	0
2412	0
2413	0
2414	0
2415	1
2416	0
2417	0
2418	1
2419	1
2420	1
2421	0
2422	1
2423	0
2424	0
2425	1
2426	0
2427	0
2428	0
2429	1
2430	0
2431	0
2432	0
2433	0
2434	0
2435	0
2436	0
2437	0
2438	2
2439	0
2440	0
2441	0
2442	1
2443	0
2444	0
2445	0
2446	0
2447	0
2448	1
2449	0
2450	1
2451	1
2452	0
2453	0
2454	0
2455	0
2456	0
2457	1
2458	0
2459	0
2460	0
2461	1
2462	0
2463	0
2464	0
2465	0
2466	0
2467	2
2468	2
2469	0
2470	0
2471	0
2472	0
2473	0
2474	0
2475	1
2476	1
2477	1
2478	0
2479	0
2480	2
2481	0
2482	0
2483	0
2484	0
2485	1
2486	1
2487	1
2488	1
2489	1
2490	2
2491	0
2492	0
2493	1
2494	0
2495	0
2496	0
2497	0
2498	1
2499	0
2500	0
2501	1
2502	0
2503	1
2504	0
2505	0
2506	1
2507	0
2508	1
2509	0
2510	1
2511	0
2512	0
2513	0
2514	0
2515	1
2516	0
2517	1
2518	0
2519	0
2520	0
2521	0
2522	0
2523	0
2524	0
2525	0
2526	0
2527	0
2528	0
2529	0
2530	0
2531	0
2532	0
2533	0
2534	0
2535	0
2536	0
2537	0
2538	0
2539	0
2540	0
2541	0
2542	1
2543	2
2544	1
2545	0
2546	0
2547	0
2548	0
2549	0
2550	0
2551	1
2552	1
2553	1
2554	0
2555	0
2556	0
2557	1
2558	0
2559	1
2560	0
2561	0
2562	0
2563	0
2564	0
2565	0
2566	0
2567	1
2568	0
2569	0
2570	1
2571	0
2572	1
2573	0
2574	0
2575	0
2576	0
2577	0
2578	0
2579	0
2580	0
2581	0
2582	0
2583	2
2584	0
2585	0
2586	0
2587	0
2588	0
2589	0
2590	1
2591	0
2592	0
2593	1
2594	1
2595	0
2596	0
2597	0
2598	1
2599	2
2600	0
2601	1
2602	1
2603	0
2604	0
2605	0
2606	0
2607	1
2608	0
2609	1
2610	0
2611	0
2612	0
2613	0
2614	0
2615	0
2616	0
2617	1
2618	0
2619	0
2620	0
2621	0
2622	0
2623	0
2624	0
2625	0
2626	1
2627	0
2628	0
2629	0
2630	0
2631	0
2632	0
2633	0
2634	0
2635	0
2636	1
2637	0
2638	0
2639	1
2640	0
2641	0
2642	0
2643	0
2644	0
2645	0
2646	0
2647	0
2648	1
2649	1
2650	0
2651	0
2652	0
2653	1
2654	0
2655	2
2656	0
2657	0
2658	0
2659	0
2660	2
2661	0
2662	0
2663	0
2664	0
2665	0
2666	0
2667	0
2668	1
2669	0
2670	0
2671	0
2672	0
2673	0
2674	0
2675	0
2676	0
2677	0
2678	1
2679	0
2680	0
2681	1
2682	0
2683	0
2684	0
2685	0
2686	0
2687	0
2688	0
2689	1
2690	0
2691	0
2692	0
2693	0
2694	1
2695	0
2696	0
2697	0
2698	0
2699	0
2700	1
2701	1
2702	1
2703	0
2704	0
2705	1
2706	0
2707	1
2708	0
2709	0
2710	0
2711	1
2712	0
2713	0
2714	1
2715	0
2716	0
2717	0
2718	0
2719	1
2720	1
2721	0
2722	1
2723	0
2724	0
2725	0
2726	0
2727	0
2728	1
2729	1
2730	0
2731	0
2732	0
2733	1
2734	0
2735	0
2736	0
2737	1
2738	0
2739	0
2740	0
2741	0
2742	0
2743	1
2744	0
2745	0
2746	1
2747	1
2748	0
2749	0
2750	0
2751	0
2752	1
2753	1
2754	0
2755	0
2756	0
2757	0
2758	0
2759	0
2760	0
2761	0
2762	0
2763	0
2764	0
2765	0
2766	0
2767	0
2768	0
2769	0
2770	1
2771	0
2772	1
2773	0
2774	0
2775	0
2776	0
2777	0
2778	1
2779	1
2780	0
2781	0
2782	0
2783	0
2784	0
2785	0
2786	0
2787	0
2788	0
2789	0
2790	1
2791	0
2792	0
2793	0
2794	1
2795	0
2796	0
2797	0
2798	1
2799	0
2800	1
2801	0
2802	0
2803	0
2804	0
2805	0
2806	2
2807	0
2808	0
2809	0
2810	0
2811	0
2812	0
2813	0
2814	1
2815	0
2816	0
2817	0
2818	0
2819	1
2820	0
2821	0
2822	1
2823	0
2824	0
2825	0
2826	0
2827	0
2828	0
2829	0
2830	0
2831	1
2832	0
2833	0
2834	1
2835	0
2836	0
2837	0
2838	0
2839	0
2840	0
2841	1
2842	0
2843	0
2844	0
2845	0
2846	0
2847	0
2848	0
2849	1
2850	0
2851	0
2852	1
2853	0
2854	0
2855	0
2856	0
2857	0
2858	0
2859	0
2860	0
2861	0
2862	0
2863	0
2864	0
2865	0
2866	1
2867	0
2868	0
2869	0
2870	0
2871	0
2872	0
2873	0
2874	0
2875	0
2876	0
2877	0
2878	0
2879	0
2880	0
2881	0
2882	0
2883	0
2884	0
2885	0
2886	0
2887	0
2888	0
2889	0
2890	0
2891	0
2892	0
2893	0
2894	0
2895	0
2896	0
2897	0
2898	0
2899	0
2900	0
2901	0
2902	0
2903	0
2904	1
2905	0
2906	0
2907	1
2908	1
2909	0
2910	0
2911	0
2912	1
2913	0
2914	0
2915	0
2916	1
2917	0
2918	1
2919	0
2920	0
2921	0
2922	0
2923	0
2924	0
2925	0
2926	0
2927	0
2928	0
2929	0
2930	0
2931	1
2932	0
2933	0
2934	1
2935	0
2936	0
2937	1
2938	0
2939	0
2940	0
2941	0
2942	0
2943	0
2944	0
2945	1
2946	0
2947	0
2948	0
2949	0
2950	0
2951	0
2952	1
2953	0
2954	0
2955	0
2956	0
2957	0
2958	0
2959	0
2960	0
2961	0
2962	0
2963	1
2964	0
2965	0
2966	0
2967	0
2968	0
2969	1
2970	0
2971	0
2972	0
2973	1
2974	0
2975	0
2976	1
2977	0
2978	1
2979	0
2980	0
2981	0
2982	0
2983	0
2984	0
2985	0
2986	0
2987	0
2988	0
2989	0
2990	1
2991	0
2992	0
2993	1
2994	0
2995	0
2996	1
2997	0
2998	0
2999	0
3000	0
3001	0
3002	0
3003	0
3004	0
3005	1
3006	0
3007	0
3008	0
3009	1
3010	0
3011	0
3012	0
3013	0
3014	0
3015	0
3016	0
3017	0
3018	0
3019	0
3020	0
3021	0
3022	0
3023	0
3024	0
3025	0
3026	2
3027	0
3028	0
3029	0
3030	0
3031	0
3032	2
3033	0
3034	1
3035	0
3036	2
3037	1
3038	0
3039	0
3040	0
3041	0
3042	1
3043	0
3044	1
3045	0
3046	0
3047	0
3048	0
3049	0
3050	0
3051	0
3052	0
3053	0
3054	0
3055	0
3056	0
3057	0
3058	0
3059	0
3060	2
3061	1
3062	1
3063	0
3064	0
3065	0
3066	1
3067	0
3068	0
3069	0
3070	0
3071	0
3072	0
3073	0
3074	0
3075	0
3076	0
3077	0
3078	0
3079	0
3080	0
3081	0
3082	0
3083	0
3084	1
3085	0
3086	0
3087	0
3088	0
3089	0
3090	0
3091	0
3092	0
3093	0
3094	0
3095	0
3096	0
3097	0
3098	0
3099	0
3100	0
3101	0
3102	0
3103	0
3104	0
3105	0
3106	0
3107	1
3108	0
3109	0
3110	1
3111	0
3112	0
3113	0
3114	0
3115	0
3116	1
3117	0
3118	0
3119	0
3120	0
3121	0
3122	0
3123	0
3124	0
3125	0
3126	0
3127	0
3128	0
3129	0
3130	0
3131	0
3132	0
3133	0
3134	0
3135	0
3136	0
3137	0
3138	0
3139	0
3140	0
3141	0
3142	0
3143	0
3144	0
3145	0
3146	1
3147	0
3148	0
3149	0
3150	0
3151	0
3152	0
3153	0
3154	0
3155	0
3156	0
3157	0
3158	0
3159	0
3160	0
3161	0
3162	0
3163	0
3164	0
3165	0
3166	0
3167	0
3168	0
3169	0
3170	0
3171	0
3172	0
3173	0
3174	0
3175	0
3176	0
3177	0
3178	0
3179	0
3180	0
3181	0
3182	0
3183	0
3184	0
3185	0
3186	0
3187	0
3188	0
3189	0
3190	0
3191	0
3192	0
3193	0
3194	0
3195	0
3196	0
3197	0
3198	0
3199	0
3200	0
3201	0
3202	0
3203	0
3204	1
3205	0
3206	0
3207	0
3208	0
3209	0
3210	0
3211	0
3212	0
3213	0
3214	0
3215	0
3216	0
3217	0
3218	0
3219	0
3220	0
3221	0
3222	0
3223	0
3224	0
3225	0
3226	0
3227	0
3228	0
3229	0
3230	0
3231	0
3232	0
3233	0
3234	0
3235	0
3236	0
3237	0
3238	0
3239	0
3240	0
3241	0
3242	1
3243	0
3244	0
3245	0
3246	0
3247	0
3248	0
3249	0
3250	1
3251	0
3252	0
3253	0
3254	0
3255	0
3256	0
3257	0
3258	0
3259	0
3260	0
3261	0
3262	0
3263	0
3264	1
3265	0
3266	0
3267	0
3268	0
3269	0
3270	0
3271	0
3272	0
3273	0
3274	0
3275	1
3276	0
3277	0
3278	1
3279	0
3280	0
3281	0
3282	0
3283	0
3284	0
3285	1
3286	0
3287	0
3288	0
3289	0
3290	0
3291	0
3292	0
3293	0
3294	0
3295	0
3296	0
3297	0
3298	0
3299	0
3300	0
3301	0
3302	0
3303	0
3304	0
3305	0
3306	0
3307	0
3308	0
3309	0
3310	0
3311	0
3312	1
3313	0
3314	2
3315	0
3316	0
3317	0
3318	0
3319	0
3320	0
3321	0
3322	0
3323	0
3324	0
3325	0
3326	0
3327	0
3328	0
3329	0
3330	0
3331	0
3332	0
3333	0
3334	1
3335	0
3336	0
3337	0
3338	0
3339	0
3340	0
3341	0
3342	0
3343	0
3344	0
3345	0
3346	0
3347	1
3348	0
3349	0
3350	0
3351	0
3352	0
3353	0
3354	0
3355	0
3356	0
3357	0
3358	0
3359	0
3360	0
3361	0
3362	0
3363	0
3364	0
3365	0
3366	0
3367	1
3368	0
3369	0
3370	0
3371	0
3372	0
3373	0
3374	0
3375	0
3376	0
3377	1
3378	0
3379	0
3380	0
3381	0
3382	0
3383	0
3384	0
3385	0
3386	0
3387	0
3388	0
3389	0
3390	0
3391	0
3392	0
3393	0
3394	1
3395	0
3396	0
3397	0
3398	0
3399	0
3400	0
3401	0
3402	0
3403	0
3404	0
3405	0
3406	0
3407	0
3408	0
3409	0
3410	0
3411	0
3412	0
3413	0
3414	0
3415	0
3416	0
3417	0
3418	0
3419	0
3420	0
3421	0
3422	0
3423	0
3424	0
3425	0
3426	1
3427	0
3428	0
3429	0
3430	0
3431	0
3432	0
3433	0
3434	0
3435	0
3436	1
3437	0
3438	0
3439	0
3440	0
3441	0
3442	0
3443	1
3444	0
3445	0
3446	1
3447	0
3448	0
3449	0
3450	0
3451	0
3452	0
3453	0
3454	0
3455	0
3456	0
3457	0
3458	0
3459	0
3460	0
3461	0
3462	0
3463	0
3464	0
3465	0
3466	0
3467	0
3468	0
3469	0
3470	0
3471	0
3472	0
3473	0
3474	0
3475	0
3476	0
3477	0
3478	0
3479	0
3480	0
3481	0
3482	0
3483	0
3484	0
3485	0
3486	0
3487	0
3488	0
3489	0
3490	0
3491	0
3492	0
3493	0
3494	0
3495	0
3496	0
3497	0
3498	0
3499	0
3500	0
3501	0
3502	0
3503	0
3504	0
3505	0
3506	0
3507	0
3508	0
3509	0
3510	0
3511	0
3512	0
3513	0
3514	0
3515	0
3516	0
3517	0
3518	0
3519	0
3520	0
3521	0
3522	0
3523	0
3524	0
3525	0
3526	0
3527	0
3528	0
3529	0
3530	0
3531	0
3532	0
3533	0
3534	0
3535	0
3536	0
3537	0
3538	0
3539	0
3540	0
3541	0
3542	0
3543	0
3544	0
3545	0
3546	0
3547	0
3548	0
3549	1
3550	0
3551	0
3552	0
3553	0
3554	0
3555	0
3556	0
3557	0
3558	0
3559	0
3560	0
3561	0
3562	0
3563	0
3564	0
3565	0
3566	0
3567	0
3568	0
3569	0
3570	0
3571	0
3572	0
3573	0
3574	0
3575	0
3576	0
3577	0
3578	0
3579	0
3580	0
3581	0
3582	0
3583	0
3584	0
3585	0
3586	0
3587	0
3588	0
3589	0
3590	0
3591	0
3592	0
3593	0
3594	0
3595	0
3596	0
3597	0
3598	0
3599	0
3600	0
3601	0
3602	0
3603	0
3604	0
3605	0
3606	0
3607	0
3608	0
3609	0
3610	0
3611	0
3612	0
3613	0
3614	0
3615	0
3616	0
3617	0
3618	0
3619	0
3620	0
3621	0
3622	0
3623	0
3624	0
3625	0
3626	0
3627	0
3628	0
3629	0
3630	0
3631	0
3632	0
3633	0
3634	0
3635	0
3636	0
3637	0
3638	0
3639	0
3640	0
3641	0
3642	1
3643	0
3644	0
3645	0
3646	0
3647	0
3648	0
3649	0
3650	0
3651	0
3652	0
3653	0
3654	0
3655	0
3656	0
3657	0
3658	0
3659	0
3660	0
3661	0
3662	0
3663	0
3664	0
3665	0
3666	0
3667	0
3668	0
3669	0
3670	0
3671	0
3672	0
3673	0
3674	0
3675	0
3676	0
3677	0
3678	0
3679	0
3680	0
3681	1
3682	0
3683	0
3684	0
3685	0
3686	0
3687	0
3688	0
3689	0
3690	0
3691	0
3692	1
3693	0
3694	0
3695	0
3696	0
3697	0
3698	0
3699	0
3700	0
3701	0
3702	0
3703	0
3704	0
3705	0
3706	0
3707	0
3708	0
3709	0
3710	0
3711	0
3712	0
3713	0
3714	0
3715	0
3716	0
3717	0
3718	0
3719	0
3720	0
3721	0
3722	0
3723	0
3724	0
3725	0
3726	0
3727	0
3728	0
3729	0
3730	0
3731	0
3732	0
3733	0
3734	0
3735	0
3736	0
3737	0
3738	0
3739	0
3740	0
3741	0
3742	0
3743	0
3744	0
3745	0
3746	0
3747	0
3748	0
3749	0
3750	0
3751	0
3752	0
3753	0
3754	0
3755	0
3756	0
3757	0
3758	0
3759	0
3760	0
3761	0
3762	0
3763	0
3764	0
3765	0
3766	0
3767	0
3768	0
3769	0
3770	0
3771	0
3772	0
3773	0
3774	0
3775	0
3776	0
3777	0
3778	0
3779	0
3780	0
3781	0
3782	0
3783	0
3784	0
3785	0
3786	0
3787	0
3788	0
3789	0
3790	0
3791	0
3792	0
3793	0
3794	0
3795	0
3796	0
3797	0
3798	0
3799	0
3800	0
3801	0
3802	0
3803	0
3804	0
3805	0
3806	0
3807	0
3808	0
3809	0
3810	0
3811	0
3812	0
3813	0
3814	0
3815	0
3816	0
3817	0
3818	0
3819	0
3820	0
3821	0
3822	0
3823	0
3824	0
3825	0
3826	0
3827	0
3828	0
3829	0
3830	0
3831	0
3832	0
3833	0
3834	0
3835	0
3836	0
3837	0
3838	0
3839	0
3840	0
3841	0
3842	0
3843	0
3844	0
3845	0
3846	0
3847	0
3848	0
3849	0
3850	0
3851	0
3852	0
3853	0
3854	0
3855	0
3856	0
3857	0
3858	0
3859	0
3860	0
3861	0
3862	0
3863	0
3864	0
3865	0
3866	0
3867	0
3868	0
3869	0
3870	0
3871	0
3872	0
3873	0
3874	0
3875	0
3876	0
3877	0
3878	0
3879	0
3880	0
3881	0
3882	0
3883	0
3884	0
3885	0
3886	0
3887	0
3888	0
3889	0
3890	0
3891	0
3892	0
3893	0
3894	0
3895	0
3896	0
3897	0
3898	0
3899	0
3900	0
3901	0
3902	0
3903	0
3904	0
3905	0
3906	0
3907	0
3908	0
3909	0
3910	0
3911	0
3912	0
3913	0
3914	0
3915	0
3916	0
3917	0
3918	0
3919	0
3920	0
3921	0
3922	0
3923	0
3924	0
3925	0
3926	0
3927	0
3928	0
3929	0
3930	0
3931	0
3932	0
3933	0
3934	0
3935	0
3936	0
3937	0
3938	0
3939	0
3940	1
3941	0
3942	0
3943	0
3944	0
3945	0
3946	0
3947	0
3948	0
3949	0
3950	0
3951	0
3952	0
3953	0
3954	0
3955	0
3956	0
3957	0
3958	1
3959	0
3960	0
3961	0
3962	0
3963	0
3964	0
3965	0
3966	0
3967	0
3968	0
3969	0
3970	0
3971	0
3972	0
3973	0
3974	0
3975	0
3976	0
3977	0
3978	0
3979	0
3980	0
3981	0
3982	0
3983	0
3984	0
3985	0
3986	0
3987	0
3988	0
3989	0
3990	0
3991	0
3992	0
3993	0
3994	0
3995	0
3996	0
3997	0
3998	0
3999	0
4000	0
