Channel number	Impulses
Channel/#	Impulses/#

0	0
1	0
2	0
3	0
4	0
5	0
6	0
7	0
8	0
9	0
10	0
11	0
12	0
13	0
14	0
15	0
16	0
17	0
18	0
19	0
20	0
21	0
22	0
23	0
24	0
25	0
26	0
27	0
28	0
29	0
30	0
31	0
32	0
33	0
34	0
35	0
36	0
37	0
38	0
39	0
40	0
41	0
42	0
43	0
44	0
45	0
46	0
47	0
48	0
49	0
50	0
51	0
52	0
53	0
54	1
55	2
56	0
57	4
58	4
59	1
60	1
61	2
62	2
63	6
64	0
65	3
66	1
67	4
68	4
69	2
70	0
71	3
72	1
73	3
74	1
75	4
76	1
77	0
78	1
79	3
80	1
81	2
82	0
83	3
84	0
85	4
86	0
87	1
88	2
89	4
90	5
91	3
92	2
93	5
94	3
95	2
96	1
97	5
98	2
99	5
100	0
101	3
102	3
103	2
104	1
105	1
106	1
107	4
108	1
109	1
110	2
111	6
112	3
113	3
114	2
115	2
116	1
117	2
118	4
119	2
120	0
121	7
122	2
123	4
124	0
125	1
126	2
127	4
128	0
129	1
130	1
131	0
132	2
133	0
134	3
135	0
136	0
137	2
138	0
139	0
140	0
141	3
142	1
143	6
144	2
145	4
146	4
147	4
148	2
149	1
150	0
151	4
152	4
153	3
154	6
155	2
156	3
157	2
158	4
159	4
160	0
161	4
162	1
163	2
164	2
165	2
166	2
167	3
168	1
169	5
170	2
171	2
172	3
173	3
174	0
175	6
176	1
177	2
178	1
179	1
180	3
181	0
182	5
183	3
184	1
185	2
186	2
187	4
188	1
189	3
190	3
191	5
192	1
193	2
194	2
195	2
196	2
197	2
198	4
199	4
200	0
201	2
202	5
203	5
204	3
205	6
206	3
207	5
208	2
209	5
210	5
211	1
212	1
213	3
214	2
215	1
216	2
217	5
218	1
219	5
220	2
221	3
222	2
223	4
224	4
225	3
226	0
227	2
228	3
229	3
230	6
231	2
232	1
233	0
234	1
235	2
236	5
237	5
238	1
239	2
240	1
241	0
242	2
243	3
244	3
245	2
246	3
247	3
248	1
249	1
250	1
251	4
252	2
253	3
254	3
255	3
256	2
257	1
258	2
259	2
260	0
261	2
262	5
263	0
264	1
265	0
266	3
267	6
268	2
269	1
270	1
271	3
272	0
273	4
274	0
275	0
276	2
277	1
278	3
279	2
280	0
281	0
282	1
283	6
284	1
285	5
286	1
287	1
288	3
289	3
290	4
291	8
292	2
293	0
294	0
295	3
296	4
297	7
298	2
299	3
300	5
301	0
302	6
303	8
304	2
305	4
306	5
307	4
308	2
309	1
310	5
311	3
312	1
313	5
314	4
315	4
316	1
317	3
318	1
319	0
320	2
321	1
322	1
323	3
324	1
325	0
326	7
327	1
328	0
329	0
330	1
331	2
332	1
333	1
334	2
335	4
336	1
337	2
338	3
339	1
340	1
341	3
342	1
343	2
344	2
345	1
346	1
347	2
348	2
349	2
350	4
351	0
352	5
353	2
354	5
355	5
356	5
357	2
358	2
359	3
360	3
361	5
362	3
363	2
364	4
365	2
366	3
367	8
368	2
369	1
370	1
371	0
372	2
373	3
374	7
375	2
376	2
377	5
378	1
379	3
380	5
381	2
382	3
383	8
384	1
385	7
386	2
387	7
388	4
389	4
390	1
391	1
392	1
393	4
394	5
395	2
396	4
397	2
398	2
399	5
400	1
401	1
402	1
403	1
404	2
405	2
406	4
407	5
408	1
409	2
410	2
411	5
412	3
413	3
414	4
415	2
416	2
417	0
418	1
419	2
420	2
421	4
422	1
423	1
424	2
425	3
426	3
427	7
428	2
429	2
430	2
431	3
432	3
433	1
434	2
435	1
436	0
437	1
438	3
439	1
440	2
441	3
442	2
443	1
444	4
445	1
446	4
447	2
448	1
449	8
450	3
451	2
452	2
453	1
454	1
455	2
456	3
457	1
458	3
459	3
460	4
461	4
462	5
463	0
464	7
465	1
466	4
467	6
468	1
469	2
470	0
471	3
472	5
473	2
474	1
475	3
476	0
477	7
478	2
479	3
480	3
481	5
482	4
483	0
484	1
485	4
486	2
487	2
488	3
489	2
490	4
491	3
492	3
493	5
494	1
495	2
496	1
497	4
498	2
499	2
500	3
501	3
502	7
503	3
504	5
505	3
506	6
507	6
508	2
509	3
510	3
511	11
512	1
513	7
514	3
515	9
516	6
517	7
518	12
519	15
520	7
521	12
522	6
523	7
524	9
525	7
526	17
527	12
528	8
529	13
530	13
531	26
532	10
533	19
534	24
535	25
536	20
537	32
538	29
539	28
540	27
541	23
542	32
543	56
544	18
545	25
546	39
547	45
548	41
549	43
550	52
551	60
552	33
553	58
554	62
555	65
556	55
557	56
558	49
559	70
560	44
561	57
562	67
563	67
564	78
565	62
566	82
567	82
568	63
569	67
570	70
571	107
572	72
573	75
574	80
575	129
576	48
577	84
578	109
579	83
580	93
581	88
582	90
583	87
584	77
585	99
586	77
587	84
588	87
589	97
590	81
591	126
592	68
593	85
594	83
595	103
596	70
597	66
598	81
599	73
600	63
601	76
602	73
603	86
604	64
605	63
606	61
607	84
608	43
609	56
610	59
611	55
612	64
613	46
614	46
615	39
616	34
617	51
618	39
619	41
620	36
621	46
622	25
623	41
624	24
625	35
626	33
627	36
628	32
629	26
630	24
631	18
632	25
633	30
634	21
635	22
636	26
637	12
638	24
639	42
640	11
641	26
642	14
643	36
644	24
645	19
646	27
647	17
648	22
649	20
650	20
651	16
652	21
653	23
654	28
655	18
656	15
657	25
658	12
659	16
660	21
661	16
662	14
663	15
664	18
665	25
666	10
667	20
668	17
669	12
670	16
671	27
672	10
673	20
674	20
675	18
676	10
677	11
678	22
679	15
680	19
681	22
682	17
683	8
684	8
685	8
686	13
687	9
688	9
689	12
690	13
691	11
692	9
693	12
694	12
695	9
696	6
697	9
698	3
699	6
700	5
701	8
702	12
703	5
704	2
705	9
706	5
707	4
708	5
709	5
710	5
711	6
712	5
713	2
714	3
715	3
716	4
717	4
718	6
719	4
720	6
721	6
722	4
723	5
724	4
725	3
726	3
727	2
728	2
729	4
730	5
731	3
732	9
733	5
734	0
735	1
736	6
737	4
738	1
739	5
740	4
741	6
742	6
743	7
744	3
745	7
746	7
747	3
748	5
749	6
750	9
751	5
752	3
753	3
754	8
755	5
756	5
757	4
758	8
759	3
760	6
761	6
762	7
763	8
764	9
765	14
766	12
767	9
768	6
769	12
770	7
771	6
772	13
773	5
774	17
775	12
776	13
777	8
778	11
779	11
780	10
781	14
782	21
783	11
784	9
785	15
786	12
787	19
788	17
789	16
790	19
791	20
792	7
793	23
794	15
795	18
796	23
797	32
798	21
799	30
800	26
801	30
802	33
803	32
804	36
805	31
806	54
807	41
808	32
809	43
810	30
811	44
812	41
813	51
814	46
815	41
816	63
817	54
818	60
819	69
820	60
821	70
822	84
823	83
824	43
825	97
826	88
827	93
828	67
829	83
830	89
831	124
832	45
833	106
834	93
835	95
836	84
837	90
838	101
839	84
840	100
841	119
842	84
843	124
844	94
845	119
846	106
847	107
848	65
849	95
850	100
851	118
852	97
853	82
854	97
855	89
856	97
857	111
858	75
859	97
860	100
861	104
862	115
863	110
864	68
865	74
866	89
867	81
868	63
869	75
870	81
871	68
872	45
873	80
874	63
875	52
876	58
877	71
878	68
879	48
880	35
881	44
882	45
883	44
884	46
885	36
886	54
887	46
888	28
889	33
890	25
891	27
892	26
893	25
894	32
895	36
896	13
897	23
898	14
899	15
900	35
901	10
902	22
903	14
904	15
905	24
906	11
907	12
908	21
909	10
910	7
911	15
912	13
913	7
914	15
915	11
916	10
917	11
918	11
919	8
920	6
921	17
922	17
923	16
924	21
925	11
926	14
927	16
928	10
929	13
930	15
931	11
932	20
933	13
934	13
935	21
936	8
937	21
938	13
939	11
940	19
941	16
942	19
943	15
944	16
945	20
946	25
947	19
948	16
949	16
950	18
951	15
952	21
953	16
954	14
955	17
956	19
957	24
958	18
959	18
960	12
961	24
962	16
963	20
964	25
965	15
966	23
967	19
968	19
969	20
970	15
971	25
972	25
973	15
974	10
975	24
976	13
977	11
978	13
979	11
980	12
981	8
982	15
983	13
984	17
985	10
986	9
987	17
988	11
989	16
990	8
991	20
992	5
993	7
994	6
995	4
996	11
997	11
998	11
999	11
1000	13
1001	11
1002	7
1003	7
1004	9
1005	2
1006	7
1007	6
1008	4
1009	6
1010	3
1011	4
1012	3
1013	2
1014	8
1015	8
1016	1
1017	4
1018	7
1019	3
1020	1
1021	7
1022	2
1023	14
1024	2
1025	8
1026	4
1027	1
1028	5
1029	3
1030	5
1031	7
1032	5
1033	1
1034	4
1035	5
1036	3
1037	7
1038	2
1039	3
1040	3
1041	2
1042	6
1043	9
1044	6
1045	5
1046	7
1047	8
1048	5
1049	9
1050	1
1051	10
1052	8
1053	7
1054	6
1055	11
1056	4
1057	13
1058	5
1059	7
1060	7
1061	6
1062	6
1063	5
1064	6
1065	8
1066	6
1067	7
1068	9
1069	9
1070	7
1071	8
1072	5
1073	3
1074	9
1075	10
1076	10
1077	6
1078	10
1079	11
1080	6
1081	9
1082	7
1083	13
1084	4
1085	4
1086	9
1087	12
1088	5
1089	6
1090	8
1091	9
1092	6
1093	6
1094	5
1095	6
1096	9
1097	9
1098	5
1099	8
1100	6
1101	9
1102	10
1103	7
1104	0
1105	4
1106	5
1107	8
1108	3
1109	3
1110	6
1111	4
1112	10
1113	4
1114	7
1115	8
1116	3
1117	4
1118	4
1119	7
1120	3
1121	2
1122	4
1123	1
1124	7
1125	1
1126	9
1127	7
1128	1
1129	2
1130	3
1131	5
1132	5
1133	4
1134	6
1135	1
1136	2
1137	4
1138	1
1139	1
1140	2
1141	4
1142	3
1143	5
1144	2
1145	3
1146	3
1147	3
1148	1
1149	1
1150	2
1151	6
1152	1
1153	4
1154	2
1155	7
1156	8
1157	3
1158	1
1159	4
1160	1
1161	3
1162	5
1163	4
1164	3
1165	1
1166	4
1167	4
1168	2
1169	3
1170	2
1171	2
1172	2
1173	1
1174	1
1175	1
1176	4
1177	2
1178	0
1179	6
1180	1
1181	3
1182	1
1183	6
1184	6
1185	0
1186	3
1187	3
1188	2
1189	1
1190	5
1191	2
1192	1
1193	2
1194	3
1195	2
1196	4
1197	2
1198	2
1199	5
1200	1
1201	1
1202	1
1203	7
1204	3
1205	3
1206	2
1207	4
1208	0
1209	2
1210	1
1211	3
1212	4
1213	1
1214	4
1215	2
1216	1
1217	2
1218	5
1219	5
1220	4
1221	3
1222	5
1223	3
1224	3
1225	3
1226	4
1227	8
1228	2
1229	3
1230	5
1231	2
1232	1
1233	0
1234	3
1235	6
1236	3
1237	1
1238	4
1239	2
1240	2
1241	3
1242	3
1243	3
1244	4
1245	3
1246	4
1247	3
1248	1
1249	1
1250	6
1251	6
1252	4
1253	3
1254	1
1255	2
1256	1
1257	1
1258	7
1259	6
1260	3
1261	5
1262	5
1263	5
1264	3
1265	5
1266	11
1267	6
1268	8
1269	3
1270	4
1271	4
1272	4
1273	5
1274	2
1275	5
1276	3
1277	3
1278	0
1279	9
1280	1
1281	4
1282	3
1283	2
1284	9
1285	7
1286	3
1287	5
1288	8
1289	10
1290	3
1291	4
1292	6
1293	7
1294	10
1295	10
1296	4
1297	5
1298	10
1299	10
1300	8
1301	12
1302	6
1303	7
1304	8
1305	12
1306	3
1307	13
1308	7
1309	12
1310	14
1311	8
1312	6
1313	5
1314	9
1315	5
1316	10
1317	9
1318	16
1319	6
1320	9
1321	10
1322	9
1323	13
1324	12
1325	10
1326	7
1327	12
1328	13
1329	10
1330	10
1331	13
1332	8
1333	8
1334	14
1335	8
1336	5
1337	4
1338	7
1339	9
1340	10
1341	9
1342	12
1343	13
1344	1
1345	3
1346	12
1347	5
1348	5
1349	12
1350	8
1351	9
1352	7
1353	1
1354	1
1355	9
1356	7
1357	7
1358	6
1359	13
1360	8
1361	7
1362	5
1363	3
1364	5
1365	5
1366	9
1367	5
1368	10
1369	5
1370	3
1371	8
1372	5
1373	5
1374	1
1375	8
1376	2
1377	5
1378	3
1379	6
1380	6
1381	1
1382	11
1383	4
1384	2
1385	4
1386	9
1387	6
1388	5
1389	1
1390	1
1391	4
1392	3
1393	2
1394	2
1395	1
1396	0
1397	4
1398	3
1399	3
1400	5
1401	7
1402	2
1403	3
1404	3
1405	1
1406	2
1407	3
1408	4
1409	7
1410	3
1411	4
1412	5
1413	0
1414	9
1415	6
1416	2
1417	2
1418	3
1419	4
1420	4
1421	1
1422	3
1423	3
1424	4
1425	6
1426	5
1427	6
1428	2
1429	3
1430	5
1431	1
1432	2
1433	2
1434	2
1435	0
1436	3
1437	6
1438	1
1439	7
1440	4
1441	2
1442	5
1443	6
1444	1
1445	7
1446	1
1447	7
1448	3
1449	2
1450	4
1451	3
1452	6
1453	3
1454	3
1455	3
1456	5
1457	6
1458	2
1459	3
1460	4
1461	3
1462	2
1463	2
1464	1
1465	2
1466	4
1467	5
1468	2
1469	4
1470	3
1471	2
1472	4
1473	2
1474	4
1475	4
1476	3
1477	4
1478	4
1479	2
1480	2
1481	4
1482	1
1483	4
1484	4
1485	3
1486	3
1487	5
1488	2
1489	2
1490	7
1491	3
1492	4
1493	6
1494	6
1495	1
1496	6
1497	4
1498	0
1499	1
1500	3
1501	2
1502	7
1503	9
1504	3
1505	5
1506	6
1507	2
1508	5
1509	3
1510	2
1511	2
1512	7
1513	3
1514	2
1515	3
1516	0
1517	2
1518	3
1519	5
1520	6
1521	3
1522	1
1523	4
1524	3
1525	3
1526	4
1527	2
1528	1
1529	3
1530	3
1531	5
1532	6
1533	4
1534	6
1535	6
1536	1
1537	3
1538	3
1539	1
1540	7
1541	3
1542	2
1543	7
1544	3
1545	4
1546	3
1547	4
1548	3
1549	5
1550	3
1551	3
1552	4
1553	1
1554	2
1555	5
1556	1
1557	4
1558	2
1559	6
1560	1
1561	5
1562	5
1563	5
1564	4
1565	6
1566	1
1567	8
1568	5
1569	3
1570	6
1571	2
1572	7
1573	3
1574	1
1575	7
1576	3
1577	1
1578	3
1579	5
1580	4
1581	2
1582	4
1583	3
1584	5
1585	3
1586	7
1587	1
1588	4
1589	3
1590	6
1591	7
1592	2
1593	5
1594	4
1595	5
1596	10
1597	4
1598	4
1599	2
1600	1
1601	5
1602	5
1603	2
1604	4
1605	4
1606	3
1607	7
1608	5
1609	5
1610	4
1611	7
1612	5
1613	2
1614	2
1615	6
1616	0
1617	5
1618	4
1619	0
1620	6
1621	6
1622	3
1623	6
1624	2
1625	1
1626	2
1627	0
1628	2
1629	2
1630	2
1631	4
1632	1
1633	5
1634	3
1635	2
1636	5
1637	3
1638	4
1639	3
1640	3
1641	1
1642	4
1643	1
1644	2
1645	4
1646	8
1647	8
1648	2
1649	3
1650	2
1651	6
1652	7
1653	0
1654	4
1655	1
1656	4
1657	5
1658	3
1659	3
1660	4
1661	2
1662	4
1663	5
1664	0
1665	5
1666	3
1667	4
1668	5
1669	1
1670	0
1671	2
1672	2
1673	3
1674	3
1675	5
1676	3
1677	3
1678	1
1679	5
1680	2
1681	1
1682	1
1683	3
1684	4
1685	3
1686	4
1687	5
1688	3
1689	1
1690	4
1691	4
1692	5
1693	1
1694	5
1695	3
1696	2
1697	5
1698	1
1699	4
1700	2
1701	2
1702	3
1703	5
1704	3
1705	2
1706	4
1707	0
1708	4
1709	2
1710	4
1711	3
1712	3
1713	3
1714	6
1715	7
1716	4
1717	1
1718	1
1719	5
1720	0
1721	3
1722	2
1723	5
1724	5
1725	2
1726	2
1727	2
1728	5
1729	2
1730	2
1731	1
1732	6
1733	1
1734	5
1735	4
1736	2
1737	2
1738	2
1739	3
1740	5
1741	6
1742	4
1743	5
1744	3
1745	6
1746	3
1747	7
1748	6
1749	0
1750	6
1751	3
1752	6
1753	6
1754	2
1755	3
1756	1
1757	5
1758	3
1759	1
1760	2
1761	7
1762	5
1763	4
1764	5
1765	4
1766	9
1767	1
1768	1
1769	3
1770	5
1771	2
1772	6
1773	5
1774	3
1775	2
1776	7
1777	3
1778	7
1779	8
1780	8
1781	7
1782	6
1783	8
1784	9
1785	5
1786	5
1787	7
1788	4
1789	11
1790	8
1791	5
1792	10
1793	11
1794	3
1795	9
1796	3
1797	4
1798	10
1799	4
1800	4
1801	8
1802	10
1803	5
1804	10
1805	5
1806	9
1807	7
1808	4
1809	7
1810	9
1811	8
1812	6
1813	13
1814	9
1815	8
1816	5
1817	8
1818	10
1819	13
1820	9
1821	9
1822	7
1823	11
1824	11
1825	13
1826	13
1827	12
1828	17
1829	10
1830	10
1831	10
1832	8
1833	19
1834	8
1835	17
1836	10
1837	13
1838	9
1839	9
1840	20
1841	9
1842	16
1843	9
1844	16
1845	7
1846	14
1847	12
1848	10
1849	10
1850	7
1851	8
1852	9
1853	14
1854	5
1855	18
1856	8
1857	10
1858	10
1859	4
1860	14
1861	9
1862	15
1863	8
1864	11
1865	15
1866	10
1867	14
1868	12
1869	7
1870	8
1871	13
1872	8
1873	14
1874	13
1875	6
1876	8
1877	6
1878	14
1879	7
1880	8
1881	14
1882	12
1883	10
1884	11
1885	13
1886	10
1887	6
1888	15
1889	8
1890	17
1891	12
1892	12
1893	12
1894	14
1895	4
1896	8
1897	12
1898	13
1899	13
1900	10
1901	7
1902	11
1903	6
1904	15
1905	10
1906	9
1907	13
1908	13
1909	10
1910	14
1911	11
1912	7
1913	15
1914	6
1915	8
1916	7
1917	4
1918	9
1919	6
1920	3
1921	9
1922	8
1923	6
1924	8
1925	2
1926	13
1927	4
1928	9
1929	9
1930	5
1931	9
1932	2
1933	5
1934	5
1935	4
1936	5
1937	8
1938	6
1939	7
1940	8
1941	3
1942	6
1943	2
1944	4
1945	5
1946	1
1947	6
1948	6
1949	2
1950	0
1951	3
1952	5
1953	2
1954	5
1955	8
1956	5
1957	5
1958	6
1959	5
1960	4
1961	4
1962	2
1963	2
1964	4
1965	2
1966	2
1967	2
1968	2
1969	3
1970	2
1971	3
1972	3
1973	2
1974	2
1975	5
1976	2
1977	5
1978	2
1979	3
1980	2
1981	1
1982	6
1983	4
1984	1
1985	1
1986	2
1987	4
1988	1
1989	3
1990	1
1991	0
1992	1
1993	3
1994	2
1995	6
1996	5
1997	4
1998	4
1999	4
2000	3
2001	1
2002	1
2003	2
2004	3
2005	5
2006	3
2007	0
2008	1
2009	2
2010	3
2011	5
2012	4
2013	4
2014	2
2015	3
2016	3
2017	7
2018	4
2019	1
2020	2
2021	0
2022	3
2023	4
2024	1
2025	2
2026	4
2027	3
2028	6
2029	3
2030	5
2031	2
2032	2
2033	1
2034	4
2035	3
2036	1
2037	2
2038	4
2039	1
2040	1
2041	5
2042	4
2043	3
2044	5
2045	6
2046	0
2047	2
2048	1
2049	2
2050	3
2051	5
2052	3
2053	4
2054	1
2055	4
2056	1
2057	6
2058	3
2059	11
2060	4
2061	4
2062	4
2063	6
2064	3
2065	2
2066	3
2067	1
2068	1
2069	4
2070	4
2071	3
2072	2
2073	8
2074	4
2075	8
2076	2
2077	4
2078	5
2079	7
2080	4
2081	2
2082	6
2083	7
2084	7
2085	0
2086	3
2087	4
2088	5
2089	1
2090	2
2091	4
2092	5
2093	3
2094	1
2095	3
2096	4
2097	6
2098	2
2099	5
2100	1
2101	3
2102	0
2103	2
2104	3
2105	5
2106	2
2107	1
2108	3
2109	2
2110	3
2111	2
2112	3
2113	4
2114	4
2115	3
2116	2
2117	2
2118	2
2119	1
2120	3
2121	3
2122	2
2123	2
2124	5
2125	2
2126	4
2127	6
2128	3
2129	2
2130	5
2131	1
2132	1
2133	3
2134	4
2135	2
2136	7
2137	2
2138	3
2139	2
2140	2
2141	3
2142	2
2143	3
2144	1
2145	3
2146	1
2147	5
2148	4
2149	4
2150	1
2151	2
2152	4
2153	4
2154	1
2155	2
2156	3
2157	4
2158	7
2159	3
2160	1
2161	2
2162	5
2163	4
2164	3
2165	4
2166	4
2167	1
2168	2
2169	9
2170	3
2171	1
2172	1
2173	0
2174	4
2175	2
2176	2
2177	1
2178	3
2179	4
2180	3
2181	1
2182	3
2183	2
2184	3
2185	1
2186	4
2187	1
2188	4
2189	3
2190	2
2191	3
2192	1
2193	5
2194	1
2195	3
2196	0
2197	1
2198	2
2199	0
2200	3
2201	5
2202	1
2203	1
2204	1
2205	1
2206	2
2207	0
2208	1
2209	2
2210	1
2211	2
2212	1
2213	0
2214	1
2215	1
2216	2
2217	1
2218	1
2219	3
2220	3
2221	2
2222	4
2223	3
2224	0
2225	1
2226	1
2227	1
2228	1
2229	0
2230	2
2231	1
2232	0
2233	3
2234	0
2235	1
2236	1
2237	0
2238	1
2239	0
2240	3
2241	1
2242	3
2243	2
2244	1
2245	5
2246	1
2247	0
2248	1
2249	1
2250	0
2251	1
2252	1
2253	0
2254	1
2255	0
2256	0
2257	0
2258	0
2259	2
2260	1
2261	0
2262	0
2263	0
2264	0
2265	2
2266	1
2267	2
2268	1
2269	1
2270	0
2271	1
2272	0
2273	2
2274	0
2275	0
2276	2
2277	2
2278	2
2279	0
2280	0
2281	0
2282	1
2283	1
2284	2
2285	2
2286	1
2287	0
2288	2
2289	3
2290	1
2291	2
2292	2
2293	3
2294	2
2295	2
2296	0
2297	1
2298	0
2299	1
2300	1
2301	2
2302	1
2303	2
2304	0
2305	0
2306	5
2307	2
2308	0
2309	1
2310	2
2311	1
2312	0
2313	3
2314	1
2315	2
2316	0
2317	2
2318	3
2319	0
2320	1
2321	1
2322	2
2323	2
2324	0
2325	2
2326	1
2327	1
2328	0
2329	1
2330	0
2331	2
2332	2
2333	2
2334	1
2335	0
2336	2
2337	0
2338	0
2339	0
2340	3
2341	0
2342	1
2343	1
2344	0
2345	0
2346	0
2347	0
2348	3
2349	1
2350	0
2351	2
2352	1
2353	0
2354	4
2355	0
2356	2
2357	1
2358	1
2359	1
2360	1
2361	3
2362	0
2363	1
2364	1
2365	0
2366	1
2367	1
2368	0
2369	3
2370	1
2371	0
2372	1
2373	1
2374	1
2375	3
2376	1
2377	2
2378	1
2379	1
2380	1
2381	4
2382	0
2383	0
2384	1
2385	1
2386	2
2387	0
2388	3
2389	0
2390	0
2391	2
2392	1
2393	1
2394	1
2395	3
2396	1
2397	1
2398	0
2399	1
2400	2
2401	2
2402	2
2403	1
2404	2
2405	1
2406	2
2407	3
2408	0
2409	0
2410	2
2411	0
2412	0
2413	1
2414	1
2415	2
2416	0
2417	1
2418	2
2419	0
2420	1
2421	1
2422	1
2423	1
2424	1
2425	3
2426	0
2427	2
2428	0
2429	2
2430	0
2431	0
2432	1
2433	1
2434	2
2435	1
2436	2
2437	1
2438	0
2439	2
2440	0
2441	1
2442	2
2443	0
2444	2
2445	2
2446	2
2447	1
2448	2
2449	0
2450	0
2451	0
2452	3
2453	1
2454	1
2455	0
2456	0
2457	4
2458	5
2459	4
2460	2
2461	1
2462	2
2463	1
2464	2
2465	2
2466	1
2467	0
2468	1
2469	1
2470	1
2471	1
2472	1
2473	2
2474	3
2475	0
2476	2
2477	3
2478	3
2479	0
2480	1
2481	1
2482	4
2483	4
2484	0
2485	0
2486	0
2487	3
2488	0
2489	1
2490	1
2491	0
2492	3
2493	2
2494	3
2495	0
2496	1
2497	2
2498	1
2499	2
2500	1
2501	0
2502	3
2503	1
2504	3
2505	1
2506	2
2507	2
2508	4
2509	3
2510	2
2511	1
2512	1
2513	4
2514	0
2515	1
2516	3
2517	0
2518	1
2519	1
2520	2
2521	1
2522	0
2523	2
2524	0
2525	1
2526	2
2527	1
2528	0
2529	1
2530	0
2531	0
2532	0
2533	1
2534	1
2535	0
2536	3
2537	0
2538	0
2539	0
2540	0
2541	0
2542	0
2543	0
2544	0
2545	0
2546	0
2547	1
2548	2
2549	1
2550	2
2551	0
2552	0
2553	1
2554	0
2555	1
2556	1
2557	1
2558	1
2559	1
2560	0
2561	1
2562	0
2563	0
2564	1
2565	1
2566	3
2567	0
2568	1
2569	1
2570	0
2571	3
2572	0
2573	0
2574	0
2575	1
2576	3
2577	2
2578	1
2579	3
2580	0
2581	0
2582	0
2583	1
2584	1
2585	1
2586	0
2587	3
2588	2
2589	0
2590	3
2591	2
2592	0
2593	0
2594	0
2595	1
2596	1
2597	1
2598	1
2599	1
2600	0
2601	1
2602	0
2603	2
2604	4
2605	1
2606	1
2607	1
2608	1
2609	0
2610	0
2611	2
2612	1
2613	1
2614	3
2615	0
2616	2
2617	2
2618	1
2619	1
2620	1
2621	1
2622	1
2623	1
2624	1
2625	0
2626	1
2627	1
2628	1
2629	2
2630	0
2631	0
2632	2
2633	1
2634	2
2635	2
2636	1
2637	1
2638	1
2639	0
2640	0
2641	0
2642	0
2643	0
2644	0
2645	0
2646	1
2647	1
2648	0
2649	0
2650	0
2651	0
2652	0
2653	2
2654	0
2655	1
2656	0
2657	1
2658	1
2659	0
2660	0
2661	1
2662	2
2663	0
2664	2
2665	0
2666	1
2667	1
2668	1
2669	1
2670	0
2671	1
2672	0
2673	0
2674	1
2675	0
2676	0
2677	0
2678	1
2679	0
2680	1
2681	2
2682	0
2683	0
2684	1
2685	0
2686	0
2687	0
2688	1
2689	0
2690	0
2691	0
2692	1
2693	0
2694	0
2695	0
2696	0
2697	0
2698	0
2699	0
2700	0
2701	0
2702	2
2703	0
2704	1
2705	0
2706	0
2707	1
2708	0
2709	0
2710	1
2711	2
2712	0
2713	3
2714	0
2715	1
2716	1
2717	2
2718	3
2719	1
2720	1
2721	1
2722	0
2723	0
2724	1
2725	0
2726	2
2727	2
2728	0
2729	1
2730	0
2731	0
2732	1
2733	0
2734	0
2735	1
2736	0
2737	1
2738	2
2739	0
2740	0
2741	0
2742	2
2743	0
2744	0
2745	2
2746	1
2747	0
2748	0
2749	2
2750	0
2751	0
2752	0
2753	0
2754	0
2755	0
2756	2
2757	0
2758	0
2759	0
2760	1
2761	0
2762	0
2763	0
2764	0
2765	1
2766	2
2767	0
2768	1
2769	1
2770	0
2771	0
2772	0
2773	2
2774	0
2775	0
2776	0
2777	0
2778	0
2779	1
2780	1
2781	0
2782	0
2783	0
2784	2
2785	1
2786	1
2787	2
2788	1
2789	0
2790	0
2791	0
2792	0
2793	0
2794	0
2795	3
2796	0
2797	0
2798	2
2799	0
2800	1
2801	0
2802	2
2803	0
2804	0
2805	1
2806	1
2807	1
2808	0
2809	0
2810	0
2811	1
2812	1
2813	0
2814	1
2815	1
2816	1
2817	1
2818	0
2819	1
2820	0
2821	0
2822	1
2823	0
2824	1
2825	0
2826	1
2827	2
2828	1
2829	0
2830	0
2831	0
2832	0
2833	0
2834	1
2835	0
2836	1
2837	0
2838	2
2839	0
2840	1
2841	0
2842	0
2843	1
2844	0
2845	0
2846	1
2847	1
2848	1
2849	1
2850	0
2851	0
2852	1
2853	0
2854	1
2855	1
2856	1
2857	1
2858	0
2859	0
2860	0
2861	0
2862	0
2863	0
2864	1
2865	0
2866	1
2867	1
2868	1
2869	0
2870	1
2871	1
2872	0
2873	1
2874	0
2875	2
2876	0
2877	0
2878	1
2879	1
2880	0
2881	0
2882	0
2883	0
2884	0
2885	3
2886	0
2887	0
2888	0
2889	2
2890	0
2891	2
2892	2
2893	0
2894	0
2895	1
2896	0
2897	0
2898	0
2899	0
2900	0
2901	1
2902	0
2903	1
2904	1
2905	2
2906	3
2907	0
2908	1
2909	3
2910	0
2911	1
2912	1
2913	1
2914	2
2915	1
2916	0
2917	0
2918	1
2919	0
2920	0
2921	1
2922	1
2923	0
2924	2
2925	2
2926	0
2927	1
2928	0
2929	1
2930	0
2931	1
2932	0
2933	0
2934	0
2935	1
2936	1
2937	1
2938	0
2939	0
2940	0
2941	3
2942	0
2943	0
2944	1
2945	0
2946	0
2947	0
2948	1
2949	1
2950	1
2951	0
2952	0
2953	1
2954	1
2955	1
2956	1
2957	1
2958	0
2959	1
2960	0
2961	1
2962	2
2963	0
2964	0
2965	0
2966	2
2967	0
2968	1
2969	0
2970	1
2971	1
2972	0
2973	1
2974	1
2975	0
2976	1
2977	0
2978	1
2979	2
2980	1
2981	0
2982	1
2983	0
2984	0
2985	1
2986	1
2987	0
2988	0
2989	0
2990	1
2991	0
2992	1
2993	0
2994	0
2995	0
2996	0
2997	0
2998	1
2999	3
3000	0
3001	2
3002	0
3003	0
3004	0
3005	0
3006	0
3007	0
3008	0
3009	1
3010	0
3011	0
3012	1
3013	1
3014	1
3015	1
3016	2
3017	1
3018	0
3019	0
3020	1
3021	1
3022	0
3023	0
3024	0
3025	0
3026	0
3027	0
3028	0
3029	2
3030	0
3031	1
3032	0
3033	0
3034	0
3035	2
3036	0
3037	0
3038	1
3039	1
3040	0
3041	0
3042	2
3043	0
3044	0
3045	1
3046	0
3047	0
3048	1
3049	0
3050	0
3051	0
3052	0
3053	0
3054	0
3055	0
3056	0
3057	0
3058	0
3059	0
3060	0
3061	2
3062	1
3063	0
3064	2
3065	1
3066	0
3067	0
3068	2
3069	0
3070	0
3071	1
3072	1
3073	0
3074	1
3075	0
3076	0
3077	0
3078	0
3079	0
3080	1
3081	0
3082	0
3083	0
3084	1
3085	2
3086	1
3087	0
3088	0
3089	1
3090	0
3091	2
3092	0
3093	0
3094	0
3095	0
3096	0
3097	0
3098	0
3099	1
3100	1
3101	0
3102	1
3103	0
3104	0
3105	1
3106	0
3107	0
3108	1
3109	0
3110	0
3111	1
3112	1
3113	1
3114	0
3115	0
3116	0
3117	0
3118	0
3119	0
3120	1
3121	1
3122	0
3123	0
3124	0
3125	1
3126	2
3127	0
3128	0
3129	0
3130	1
3131	0
3132	0
3133	0
3134	0
3135	0
3136	0
3137	0
3138	0
3139	0
3140	1
3141	0
3142	0
3143	0
3144	0
3145	2
3146	0
3147	1
3148	1
3149	0
3150	0
3151	0
3152	0
3153	0
3154	0
3155	0
3156	1
3157	0
3158	1
3159	0
3160	0
3161	0
3162	0
3163	0
3164	0
3165	1
3166	0
3167	1
3168	0
3169	0
3170	0
3171	3
3172	0
3173	1
3174	0
3175	0
3176	0
3177	0
3178	0
3179	0
3180	1
3181	0
3182	0
3183	2
3184	0
3185	0
3186	0
3187	0
3188	0
3189	0
3190	0
3191	0
3192	0
3193	1
3194	0
3195	0
3196	1
3197	0
3198	0
3199	0
3200	0
3201	0
3202	3
3203	0
3204	1
3205	0
3206	1
3207	0
3208	1
3209	1
3210	0
3211	0
3212	1
3213	0
3214	1
3215	0
3216	0
3217	0
3218	0
3219	0
3220	0
3221	0
3222	0
3223	0
3224	0
3225	0
3226	0
3227	0
3228	0
3229	0
3230	0
3231	0
3232	0
3233	0
3234	0
3235	1
3236	0
3237	0
3238	0
3239	0
3240	0
3241	0
3242	0
3243	0
3244	0
3245	1
3246	0
3247	0
3248	0
3249	0
3250	1
3251	0
3252	0
3253	0
3254	0
3255	0
3256	0
3257	0
3258	0
3259	1
3260	0
3261	0
3262	0
3263	1
3264	1
3265	0
3266	1
3267	0
3268	0
3269	0
3270	0
3271	1
3272	0
3273	0
3274	0
3275	0
3276	0
3277	0
3278	0
3279	0
3280	0
3281	0
3282	1
3283	0
3284	1
3285	0
3286	0
3287	0
3288	0
3289	0
3290	0
3291	0
3292	0
3293	0
3294	0
3295	0
3296	0
3297	0
3298	0
3299	0
3300	0
3301	0
3302	1
3303	0
3304	0
3305	1
3306	0
3307	1
3308	0
3309	0
3310	0
3311	0
3312	0
3313	0
3314	0
3315	0
3316	0
3317	0
3318	0
3319	0
3320	0
3321	0
3322	0
3323	1
3324	1
3325	0
3326	1
3327	0
3328	0
3329	0
3330	0
3331	0
3332	0
3333	0
3334	0
3335	1
3336	1
3337	0
3338	0
3339	1
3340	0
3341	0
3342	0
3343	0
3344	0
3345	0
3346	0
3347	0
3348	0
3349	0
3350	0
3351	0
3352	0
3353	0
3354	0
3355	1
3356	0
3357	1
3358	0
3359	0
3360	0
3361	0
3362	0
3363	0
3364	0
3365	0
3366	0
3367	0
3368	1
3369	1
3370	0
3371	0
3372	0
3373	0
3374	1
3375	0
3376	0
3377	0
3378	0
3379	1
3380	0
3381	0
3382	0
3383	0
3384	0
3385	0
3386	1
3387	0
3388	0
3389	0
3390	1
3391	0
3392	1
3393	0
3394	0
3395	0
3396	0
3397	0
3398	1
3399	1
3400	0
3401	0
3402	0
3403	0
3404	0
3405	0
3406	0
3407	0
3408	0
3409	0
3410	0
3411	0
3412	0
3413	0
3414	0
3415	0
3416	0
3417	1
3418	0
3419	0
3420	0
3421	0
3422	1
3423	0
3424	0
3425	0
3426	0
3427	0
3428	1
3429	0
3430	1
3431	1
3432	0
3433	0
3434	0
3435	1
3436	0
3437	0
3438	0
3439	0
3440	0
3441	0
3442	0
3443	0
3444	1
3445	0
3446	0
3447	0
3448	0
3449	0
3450	0
3451	0
3452	0
3453	0
3454	0
3455	0
3456	0
3457	0
3458	0
3459	0
3460	0
3461	0
3462	0
3463	0
3464	0
3465	0
3466	0
3467	1
3468	0
3469	0
3470	1
3471	0
3472	0
3473	0
3474	0
3475	0
3476	0
3477	0
3478	1
3479	0
3480	0
3481	0
3482	0
3483	0
3484	0
3485	0
3486	0
3487	0
3488	0
3489	0
3490	0
3491	0
3492	1
3493	0
3494	0
3495	0
3496	0
3497	0
3498	0
3499	0
3500	0
3501	1
3502	0
3503	0
3504	0
3505	0
3506	0
3507	0
3508	0
3509	0
3510	0
3511	0
3512	0
3513	0
3514	0
3515	0
3516	0
3517	0
3518	0
3519	0
3520	0
3521	0
3522	1
3523	0
3524	0
3525	0
3526	1
3527	0
3528	0
3529	0
3530	0
3531	0
3532	0
3533	0
3534	0
3535	0
3536	0
3537	0
3538	1
3539	0
3540	0
3541	0
3542	0
3543	0
3544	0
3545	1
3546	0
3547	0
3548	0
3549	0
3550	1
3551	0
3552	0
3553	0
3554	0
3555	0
3556	0
3557	0
3558	1
3559	0
3560	0
3561	0
3562	0
3563	0
3564	0
3565	0
3566	0
3567	0
3568	0
3569	0
3570	0
3571	0
3572	0
3573	0
3574	0
3575	0
3576	0
3577	0
3578	0
3579	0
3580	0
3581	0
3582	0
3583	0
3584	0
3585	0
3586	0
3587	0
3588	0
3589	0
3590	0
3591	0
3592	1
3593	0
3594	0
3595	0
3596	0
3597	0
3598	1
3599	0
3600	0
3601	0
3602	0
3603	0
3604	0
3605	0
3606	0
3607	0
3608	0
3609	0
3610	0
3611	0
3612	0
3613	1
3614	0
3615	0
3616	0
3617	0
3618	0
3619	0
3620	0
3621	0
3622	0
3623	0
3624	0
3625	0
3626	0
3627	0
3628	0
3629	0
3630	0
3631	0
3632	0
3633	0
3634	0
3635	0
3636	0
3637	0
3638	0
3639	0
3640	0
3641	0
3642	0
3643	0
3644	0
3645	0
3646	0
3647	0
3648	0
3649	0
3650	0
3651	0
3652	0
3653	0
3654	0
3655	0
3656	0
3657	0
3658	0
3659	0
3660	0
3661	0
3662	0
3663	0
3664	0
3665	0
3666	0
3667	0
3668	0
3669	0
3670	0
3671	0
3672	0
3673	0
3674	0
3675	0
3676	0
3677	0
3678	0
3679	0
3680	0
3681	0
3682	0
3683	0
3684	0
3685	0
3686	0
3687	0
3688	0
3689	0
3690	0
3691	0
3692	1
3693	0
3694	0
3695	0
3696	0
3697	0
3698	0
3699	0
3700	0
3701	0
3702	0
3703	0
3704	0
3705	0
3706	0
3707	0
3708	0
3709	0
3710	0
3711	0
3712	0
3713	0
3714	0
3715	0
3716	0
3717	0
3718	0
3719	0
3720	0
3721	0
3722	0
3723	0
3724	0
3725	0
3726	0
3727	0
3728	0
3729	0
3730	0
3731	0
3732	0
3733	0
3734	0
3735	0
3736	0
3737	0
3738	0
3739	0
3740	0
3741	0
3742	0
3743	0
3744	0
3745	0
3746	0
3747	0
3748	0
3749	0
3750	0
3751	0
3752	0
3753	0
3754	0
3755	0
3756	0
3757	0
3758	0
3759	0
3760	0
3761	0
3762	0
3763	0
3764	0
3765	0
3766	0
3767	0
3768	0
3769	0
3770	0
3771	0
3772	0
3773	0
3774	0
3775	0
3776	0
3777	0
3778	0
3779	0
3780	0
3781	0
3782	0
3783	0
3784	0
3785	0
3786	0
3787	0
3788	0
3789	0
3790	0
3791	0
3792	0
3793	0
3794	0
3795	0
3796	0
3797	0
3798	0
3799	0
3800	0
3801	0
3802	0
3803	0
3804	0
3805	0
3806	1
3807	0
3808	0
3809	0
3810	0
3811	0
3812	0
3813	0
3814	0
3815	0
3816	0
3817	0
3818	0
3819	0
3820	0
3821	0
3822	0
3823	0
3824	0
3825	0
3826	0
3827	0
3828	0
3829	0
3830	0
3831	0
3832	0
3833	0
3834	0
3835	0
3836	0
3837	0
3838	0
3839	0
3840	0
3841	0
3842	0
3843	0
3844	0
3845	0
3846	0
3847	0
3848	0
3849	0
3850	0
3851	0
3852	0
3853	0
3854	0
3855	0
3856	0
3857	0
3858	0
3859	0
3860	0
3861	0
3862	0
3863	0
3864	0
3865	0
3866	0
3867	0
3868	0
3869	0
3870	0
3871	0
3872	0
3873	0
3874	0
3875	0
3876	0
3877	0
3878	0
3879	0
3880	0
3881	0
3882	0
3883	0
3884	0
3885	0
3886	0
3887	0
3888	0
3889	0
3890	0
3891	0
3892	0
3893	0
3894	0
3895	0
3896	0
3897	0
3898	0
3899	0
3900	0
3901	0
3902	0
3903	0
3904	0
3905	0
3906	0
3907	0
3908	0
3909	0
3910	0
3911	0
3912	0
3913	0
3914	0
3915	0
3916	0
3917	0
3918	0
3919	0
3920	0
3921	0
3922	0
3923	0
3924	0
3925	0
3926	0
3927	0
3928	0
3929	0
3930	0
3931	0
3932	0
3933	0
3934	0
3935	0
3936	0
3937	0
3938	0
3939	0
3940	0
3941	0
3942	0
3943	0
3944	0
3945	0
3946	0
3947	0
3948	0
3949	0
3950	0
3951	0
3952	0
3953	0
3954	0
3955	0
3956	0
3957	0
3958	0
3959	0
3960	0
3961	0
3962	0
3963	0
3964	0
3965	0
3966	0
3967	0
3968	0
3969	0
3970	0
3971	0
3972	0
3973	0
3974	0
3975	0
3976	0
3977	0
3978	0
3979	0
3980	0
3981	0
3982	0
3983	0
3984	0
3985	0
3986	0
3987	0
3988	0
3989	0
3990	0
3991	0
3992	0
3993	0
3994	0
3995	0
3996	0
3997	0
3998	0
3999	0
4000	0
