Channel number	Impulses
Channel/#	Impulses/#

0	0
1	0
2	0
3	0
4	0
5	0
6	0
7	0
8	0
9	0
10	0
11	0
12	0
13	0
14	0
15	0
16	0
17	0
18	0
19	0
20	0
21	0
22	0
23	0
24	0
25	0
26	0
27	0
28	0
29	0
30	0
31	0
32	0
33	0
34	0
35	0
36	0
37	0
38	0
39	0
40	0
41	0
42	0
43	0
44	0
45	0
46	0
47	0
48	1
49	0
50	0
51	1
52	2
53	4
54	2
55	5
56	6
57	10
58	4
59	8
60	7
61	17
62	6
63	11
64	1
65	14
66	6
67	7
68	6
69	6
70	14
71	14
72	4
73	8
74	5
75	10
76	6
77	6
78	17
79	10
80	7
81	9
82	6
83	8
84	6
85	5
86	9
87	8
88	5
89	14
90	6
91	10
92	6
93	14
94	7
95	13
96	4
97	10
98	11
99	8
100	8
101	8
102	6
103	11
104	5
105	8
106	8
107	3
108	10
109	7
110	2
111	12
112	5
113	9
114	6
115	14
116	7
117	3
118	6
119	6
120	10
121	6
122	5
123	5
124	4
125	9
126	5
127	9
128	6
129	3
130	6
131	4
132	5
133	4
134	4
135	11
136	6
137	4
138	10
139	9
140	8
141	8
142	8
143	11
144	3
145	11
146	3
147	10
148	9
149	8
150	8
151	2
152	7
153	12
154	5
155	5
156	3
157	5
158	5
159	12
160	4
161	7
162	6
163	9
164	8
165	8
166	8
167	11
168	11
169	2
170	7
171	5
172	8
173	7
174	5
175	5
176	3
177	6
178	5
179	10
180	3
181	7
182	6
183	11
184	4
185	4
186	7
187	8
188	6
189	8
190	7
191	3
192	3
193	7
194	3
195	11
196	12
197	6
198	7
199	8
200	4
201	5
202	3
203	3
204	5
205	6
206	5
207	10
208	1
209	6
210	6
211	4
212	9
213	15
214	9
215	6
216	3
217	7
218	9
219	8
220	7
221	1
222	5
223	15
224	2
225	8
226	5
227	5
228	5
229	4
230	7
231	7
232	4
233	3
234	4
235	5
236	6
237	8
238	14
239	7
240	1
241	9
242	7
243	5
244	7
245	1
246	6
247	6
248	3
249	6
250	7
251	6
252	9
253	10
254	10
255	15
256	4
257	2
258	10
259	11
260	5
261	7
262	3
263	5
264	5
265	7
266	5
267	10
268	8
269	7
270	5
271	11
272	5
273	7
274	6
275	7
276	5
277	5
278	10
279	9
280	6
281	11
282	3
283	7
284	3
285	7
286	8
287	8
288	6
289	4
290	6
291	6
292	6
293	7
294	5
295	5
296	1
297	6
298	7
299	7
300	3
301	7
302	4
303	5
304	2
305	6
306	6
307	5
308	8
309	3
310	7
311	6
312	0
313	7
314	5
315	5
316	7
317	4
318	10
319	8
320	0
321	6
322	6
323	5
324	5
325	12
326	6
327	5
328	4
329	3
330	1
331	2
332	3
333	4
334	2
335	5
336	0
337	10
338	8
339	6
340	8
341	4
342	4
343	2
344	6
345	8
346	5
347	11
348	4
349	5
350	7
351	6
352	5
353	8
354	3
355	4
356	1
357	6
358	9
359	3
360	6
361	5
362	6
363	6
364	9
365	2
366	4
367	5
368	4
369	5
370	8
371	6
372	2
373	3
374	6
375	9
376	5
377	4
378	5
379	6
380	6
381	4
382	6
383	9
384	2
385	5
386	4
387	3
388	4
389	6
390	6
391	8
392	3
393	6
394	5
395	11
396	2
397	2
398	4
399	6
400	6
401	4
402	3
403	10
404	7
405	4
406	6
407	3
408	9
409	2
410	6
411	3
412	3
413	0
414	4
415	6
416	4
417	5
418	5
419	6
420	3
421	5
422	4
423	2
424	6
425	5
426	3
427	6
428	6
429	9
430	3
431	7
432	3
433	10
434	5
435	4
436	7
437	6
438	7
439	8
440	5
441	3
442	5
443	5
444	6
445	6
446	6
447	4
448	2
449	9
450	13
451	2
452	5
453	5
454	7
455	5
456	8
457	6
458	7
459	5
460	5
461	5
462	4
463	5
464	7
465	5
466	6
467	6
468	2
469	5
470	6
471	8
472	6
473	11
474	3
475	8
476	6
477	9
478	6
479	6
480	5
481	3
482	4
483	5
484	6
485	7
486	12
487	2
488	7
489	8
490	2
491	5
492	7
493	4
494	10
495	9
496	7
497	4
498	7
499	4
500	7
501	4
502	10
503	8
504	5
505	3
506	10
507	10
508	7
509	9
510	5
511	12
512	3
513	7
514	5
515	8
516	9
517	4
518	8
519	5
520	5
521	12
522	7
523	14
524	6
525	6
526	4
527	16
528	2
529	11
530	7
531	3
532	10
533	17
534	16
535	13
536	8
537	16
538	9
539	12
540	9
541	16
542	10
543	17
544	10
545	21
546	15
547	14
548	16
549	13
550	14
551	23
552	11
553	15
554	8
555	14
556	15
557	17
558	24
559	30
560	18
561	18
562	23
563	33
564	13
565	23
566	20
567	18
568	13
569	27
570	27
571	26
572	20
573	26
574	27
575	32
576	21
577	28
578	40
579	28
580	27
581	19
582	23
583	24
584	27
585	26
586	17
587	25
588	25
589	25
590	18
591	29
592	17
593	27
594	26
595	21
596	28
597	22
598	32
599	30
600	24
601	20
602	21
603	17
604	17
605	27
606	23
607	26
608	7
609	15
610	22
611	17
612	13
613	14
614	18
615	19
616	13
617	14
618	16
619	10
620	15
621	12
622	10
623	20
624	3
625	10
626	8
627	18
628	10
629	11
630	12
631	17
632	7
633	17
634	16
635	11
636	10
637	8
638	8
639	15
640	3
641	11
642	8
643	11
644	11
645	8
646	13
647	9
648	3
649	16
650	9
651	14
652	6
653	17
654	6
655	8
656	8
657	8
658	9
659	11
660	8
661	6
662	11
663	7
664	8
665	11
666	6
667	15
668	8
669	16
670	12
671	15
672	4
673	10
674	14
675	11
676	11
677	10
678	8
679	11
680	8
681	4
682	15
683	10
684	10
685	12
686	12
687	7
688	6
689	6
690	7
691	12
692	11
693	7
694	8
695	10
696	6
697	9
698	10
699	15
700	10
701	8
702	11
703	15
704	7
705	7
706	6
707	11
708	4
709	7
710	10
711	9
712	8
713	6
714	4
715	7
716	7
717	3
718	11
719	13
720	9
721	8
722	13
723	7
724	8
725	12
726	5
727	4
728	8
729	14
730	10
731	14
732	5
733	7
734	14
735	17
736	3
737	14
738	10
739	11
740	8
741	12
742	8
743	12
744	5
745	13
746	12
747	8
748	15
749	2
750	18
751	14
752	11
753	11
754	6
755	19
756	13
757	16
758	20
759	14
760	10
761	21
762	10
763	16
764	19
765	17
766	14
767	26
768	8
769	19
770	18
771	21
772	16
773	10
774	25
775	18
776	14
777	21
778	23
779	16
780	19
781	12
782	16
783	19
784	12
785	35
786	27
787	30
788	29
789	29
790	41
791	29
792	19
793	32
794	18
795	34
796	42
797	33
798	36
799	46
800	32
801	37
802	39
803	65
804	49
805	40
806	54
807	54
808	47
809	61
810	64
811	54
812	62
813	46
814	57
815	71
816	43
817	65
818	79
819	85
820	81
821	62
822	91
823	98
824	70
825	88
826	84
827	99
828	99
829	98
830	110
831	119
832	63
833	103
834	108
835	88
836	137
837	103
838	127
839	99
840	115
841	136
842	95
843	112
844	122
845	131
846	117
847	134
848	88
849	129
850	99
851	136
852	112
853	94
854	123
855	103
856	104
857	119
858	98
859	122
860	93
861	121
862	104
863	128
864	85
865	98
866	120
867	94
868	97
869	64
870	97
871	81
872	82
873	92
874	77
875	56
876	80
877	85
878	60
879	64
880	45
881	61
882	56
883	49
884	49
885	48
886	46
887	45
888	40
889	43
890	27
891	48
892	33
893	34
894	36
895	53
896	20
897	31
898	26
899	40
900	24
901	23
902	30
903	19
904	26
905	27
906	22
907	24
908	25
909	17
910	26
911	30
912	17
913	24
914	21
915	21
916	20
917	17
918	14
919	22
920	24
921	31
922	23
923	30
924	22
925	16
926	13
927	26
928	11
929	18
930	24
931	21
932	29
933	19
934	33
935	28
936	14
937	23
938	22
939	19
940	36
941	28
942	28
943	23
944	21
945	24
946	29
947	29
948	34
949	16
950	40
951	25
952	35
953	36
954	31
955	44
956	22
957	33
958	41
959	34
960	13
961	19
962	24
963	19
964	40
965	21
966	33
967	23
968	32
969	32
970	21
971	27
972	17
973	25
974	18
975	19
976	15
977	29
978	20
979	29
980	32
981	32
982	22
983	13
984	15
985	22
986	12
987	21
988	18
989	27
990	15
991	20
992	12
993	23
994	23
995	19
996	10
997	17
998	18
999	9
1000	10
1001	6
1002	13
1003	13
1004	27
1005	12
1006	6
1007	24
1008	12
1009	11
1010	7
1011	16
1012	13
1013	12
1014	13
1015	12
1016	14
1017	14
1018	8
1019	12
1020	8
1021	6
1022	7
1023	21
1024	3
1025	8
1026	9
1027	15
1028	11
1029	10
1030	12
1031	19
1032	12
1033	7
1034	8
1035	7
1036	10
1037	6
1038	8
1039	19
1040	10
1041	17
1042	9
1043	9
1044	10
1045	11
1046	8
1047	6
1048	6
1049	15
1050	10
1051	12
1052	13
1053	15
1054	10
1055	17
1056	7
1057	20
1058	8
1059	10
1060	10
1061	13
1062	14
1063	12
1064	10
1065	11
1066	14
1067	14
1068	13
1069	5
1070	12
1071	12
1072	10
1073	9
1074	11
1075	16
1076	16
1077	10
1078	15
1079	12
1080	13
1081	15
1082	3
1083	14
1084	12
1085	15
1086	11
1087	20
1088	9
1089	2
1090	12
1091	12
1092	9
1093	10
1094	13
1095	10
1096	5
1097	13
1098	10
1099	19
1100	18
1101	13
1102	9
1103	10
1104	10
1105	18
1106	12
1107	19
1108	6
1109	16
1110	9
1111	8
1112	16
1113	13
1114	11
1115	13
1116	10
1117	16
1118	13
1119	16
1120	2
1121	11
1122	11
1123	4
1124	14
1125	17
1126	10
1127	16
1128	7
1129	8
1130	12
1131	12
1132	10
1133	11
1134	11
1135	12
1136	6
1137	10
1138	5
1139	11
1140	12
1141	10
1142	14
1143	17
1144	8
1145	11
1146	20
1147	17
1148	13
1149	21
1150	9
1151	21
1152	2
1153	13
1154	15
1155	15
1156	13
1157	12
1158	18
1159	12
1160	11
1161	12
1162	4
1163	13
1164	12
1165	8
1166	10
1167	20
1168	8
1169	12
1170	14
1171	14
1172	12
1173	18
1174	18
1175	19
1176	9
1177	15
1178	11
1179	16
1180	8
1181	10
1182	10
1183	18
1184	4
1185	13
1186	11
1187	17
1188	20
1189	11
1190	16
1191	18
1192	17
1193	14
1194	7
1195	16
1196	18
1197	17
1198	17
1199	14
1200	11
1201	13
1202	22
1203	16
1204	11
1205	9
1206	16
1207	16
1208	9
1209	17
1210	8
1211	20
1212	11
1213	11
1214	16
1215	14
1216	10
1217	18
1218	8
1219	9
1220	11
1221	10
1222	17
1223	11
1224	9
1225	13
1226	12
1227	11
1228	22
1229	16
1230	8
1231	10
1232	12
1233	8
1234	9
1235	9
1236	14
1237	6
1238	16
1239	5
1240	18
1241	16
1242	13
1243	13
1244	8
1245	12
1246	24
1247	20
1248	6
1249	10
1250	19
1251	10
1252	16
1253	5
1254	14
1255	17
1256	8
1257	22
1258	13
1259	12
1260	11
1261	15
1262	9
1263	18
1264	14
1265	15
1266	8
1267	12
1268	9
1269	10
1270	21
1271	8
1272	11
1273	16
1274	10
1275	21
1276	15
1277	16
1278	15
1279	23
1280	5
1281	11
1282	12
1283	21
1284	10
1285	13
1286	18
1287	13
1288	11
1289	11
1290	13
1291	13
1292	18
1293	14
1294	11
1295	18
1296	16
1297	16
1298	24
1299	12
1300	13
1301	9
1302	14
1303	12
1304	9
1305	20
1306	10
1307	20
1308	16
1309	15
1310	9
1311	18
1312	6
1313	7
1314	12
1315	7
1316	11
1317	11
1318	26
1319	18
1320	12
1321	22
1322	18
1323	10
1324	16
1325	15
1326	19
1327	15
1328	10
1329	20
1330	18
1331	15
1332	12
1333	14
1334	23
1335	16
1336	10
1337	18
1338	12
1339	19
1340	12
1341	14
1342	15
1343	11
1344	6
1345	12
1346	12
1347	16
1348	17
1349	20
1350	17
1351	16
1352	14
1353	16
1354	13
1355	19
1356	16
1357	24
1358	20
1359	15
1360	7
1361	14
1362	27
1363	15
1364	10
1365	16
1366	13
1367	19
1368	9
1369	13
1370	19
1371	19
1372	13
1373	19
1374	16
1375	23
1376	8
1377	12
1378	9
1379	12
1380	15
1381	21
1382	23
1383	14
1384	13
1385	24
1386	16
1387	25
1388	19
1389	19
1390	14
1391	15
1392	16
1393	21
1394	11
1395	19
1396	8
1397	13
1398	20
1399	14
1400	9
1401	17
1402	14
1403	28
1404	13
1405	13
1406	12
1407	17
1408	10
1409	16
1410	15
1411	23
1412	19
1413	14
1414	15
1415	29
1416	22
1417	24
1418	21
1419	21
1420	15
1421	18
1422	15
1423	17
1424	15
1425	15
1426	16
1427	23
1428	19
1429	13
1430	14
1431	12
1432	18
1433	14
1434	9
1435	17
1436	13
1437	17
1438	14
1439	19
1440	17
1441	13
1442	19
1443	15
1444	21
1445	15
1446	15
1447	19
1448	10
1449	12
1450	11
1451	13
1452	13
1453	20
1454	18
1455	16
1456	19
1457	13
1458	20
1459	16
1460	18
1461	16
1462	26
1463	17
1464	12
1465	20
1466	13
1467	14
1468	12
1469	12
1470	25
1471	13
1472	12
1473	12
1474	21
1475	10
1476	22
1477	11
1478	10
1479	11
1480	20
1481	19
1482	8
1483	12
1484	21
1485	14
1486	11
1487	12
1488	8
1489	18
1490	17
1491	9
1492	13
1493	11
1494	21
1495	17
1496	15
1497	17
1498	14
1499	19
1500	22
1501	17
1502	17
1503	21
1504	8
1505	22
1506	25
1507	19
1508	21
1509	15
1510	21
1511	12
1512	15
1513	27
1514	21
1515	19
1516	19
1517	15
1518	14
1519	15
1520	15
1521	7
1522	12
1523	20
1524	16
1525	21
1526	17
1527	15
1528	15
1529	15
1530	26
1531	20
1532	15
1533	10
1534	26
1535	33
1536	14
1537	17
1538	21
1539	23
1540	21
1541	14
1542	21
1543	22
1544	18
1545	22
1546	7
1547	20
1548	25
1549	14
1550	8
1551	16
1552	13
1553	13
1554	7
1555	29
1556	16
1557	15
1558	19
1559	15
1560	14
1561	27
1562	16
1563	13
1564	20
1565	19
1566	11
1567	16
1568	11
1569	11
1570	16
1571	11
1572	15
1573	10
1574	22
1575	16
1576	9
1577	28
1578	12
1579	17
1580	14
1581	16
1582	19
1583	18
1584	14
1585	16
1586	14
1587	19
1588	17
1589	10
1590	18
1591	14
1592	18
1593	14
1594	18
1595	15
1596	12
1597	8
1598	10
1599	14
1600	15
1601	12
1602	22
1603	25
1604	18
1605	14
1606	15
1607	21
1608	23
1609	11
1610	13
1611	17
1612	19
1613	11
1614	10
1615	17
1616	12
1617	18
1618	14
1619	13
1620	14
1621	12
1622	16
1623	13
1624	20
1625	22
1626	14
1627	25
1628	13
1629	13
1630	19
1631	25
1632	10
1633	16
1634	11
1635	11
1636	25
1637	7
1638	25
1639	20
1640	11
1641	19
1642	12
1643	12
1644	13
1645	16
1646	19
1647	17
1648	22
1649	15
1650	15
1651	21
1652	27
1653	9
1654	17
1655	19
1656	12
1657	26
1658	9
1659	10
1660	16
1661	14
1662	17
1663	25
1664	9
1665	10
1666	22
1667	19
1668	16
1669	9
1670	18
1671	14
1672	15
1673	21
1674	26
1675	18
1676	19
1677	24
1678	13
1679	18
1680	18
1681	23
1682	15
1683	25
1684	25
1685	18
1686	16
1687	12
1688	13
1689	27
1690	10
1691	21
1692	17
1693	15
1694	14
1695	24
1696	16
1697	16
1698	19
1699	20
1700	14
1701	12
1702	23
1703	17
1704	18
1705	17
1706	21
1707	16
1708	25
1709	16
1710	20
1711	16
1712	14
1713	17
1714	18
1715	18
1716	32
1717	15
1718	14
1719	15
1720	15
1721	22
1722	11
1723	28
1724	17
1725	20
1726	21
1727	21
1728	14
1729	17
1730	22
1731	21
1732	26
1733	16
1734	23
1735	18
1736	22
1737	22
1738	14
1739	17
1740	23
1741	20
1742	15
1743	18
1744	21
1745	19
1746	22
1747	17
1748	29
1749	16
1750	27
1751	14
1752	20
1753	28
1754	12
1755	16
1756	26
1757	25
1758	32
1759	29
1760	32
1761	30
1762	23
1763	21
1764	31
1765	17
1766	33
1767	34
1768	19
1769	43
1770	26
1771	24
1772	35
1773	31
1774	40
1775	14
1776	20
1777	38
1778	37
1779	30
1780	20
1781	33
1782	30
1783	33
1784	24
1785	40
1786	28
1787	49
1788	35
1789	41
1790	40
1791	55
1792	19
1793	38
1794	46
1795	44
1796	43
1797	38
1798	52
1799	45
1800	32
1801	60
1802	34
1803	41
1804	51
1805	51
1806	38
1807	46
1808	51
1809	38
1810	49
1811	64
1812	45
1813	52
1814	81
1815	42
1816	45
1817	82
1818	54
1819	86
1820	57
1821	58
1822	68
1823	65
1824	71
1825	69
1826	59
1827	73
1828	86
1829	49
1830	79
1831	65
1832	46
1833	79
1834	54
1835	72
1836	94
1837	94
1838	84
1839	65
1840	95
1841	68
1842	63
1843	88
1844	76
1845	51
1846	88
1847	70
1848	58
1849	76
1850	62
1851	94
1852	70
1853	69
1854	72
1855	61
1856	59
1857	71
1858	64
1859	73
1860	86
1861	54
1862	96
1863	53
1864	68
1865	73
1866	49
1867	64
1868	78
1869	64
1870	87
1871	61
1872	65
1873	65
1874	73
1875	64
1876	66
1877	53
1878	72
1879	62
1880	67
1881	67
1882	62
1883	77
1884	67
1885	55
1886	58
1887	68
1888	68
1889	59
1890	64
1891	59
1892	77
1893	46
1894	67
1895	47
1896	54
1897	64
1898	56
1899	51
1900	59
1901	50
1902	81
1903	51
1904	50
1905	57
1906	53
1907	52
1908	49
1909	44
1910	59
1911	40
1912	40
1913	49
1914	37
1915	56
1916	43
1917	45
1918	55
1919	45
1920	60
1921	45
1922	43
1923	40
1924	62
1925	33
1926	43
1927	36
1928	38
1929	47
1930	24
1931	41
1932	59
1933	40
1934	26
1935	12
1936	36
1937	35
1938	28
1939	33
1940	31
1941	26
1942	25
1943	21
1944	27
1945	23
1946	22
1947	23
1948	23
1949	24
1950	21
1951	24
1952	23
1953	24
1954	18
1955	15
1956	28
1957	13
1958	29
1959	14
1960	21
1961	22
1962	9
1963	20
1964	23
1965	17
1966	16
1967	13
1968	16
1969	20
1970	13
1971	22
1972	13
1973	13
1974	30
1975	10
1976	17
1977	10
1978	16
1979	10
1980	20
1981	12
1982	9
1983	11
1984	15
1985	13
1986	18
1987	10
1988	18
1989	7
1990	6
1991	7
1992	12
1993	12
1994	16
1995	11
1996	15
1997	8
1998	17
1999	14
2000	17
2001	16
2002	23
2003	20
2004	26
2005	10
2006	20
2007	7
2008	18
2009	13
2010	7
2011	17
2012	15
2013	9
2014	15
2015	20
2016	21
2017	9
2018	18
2019	17
2020	22
2021	17
2022	18
2023	10
2024	22
2025	20
2026	13
2027	12
2028	23
2029	13
2030	20
2031	11
2032	16
2033	12
2034	22
2035	17
2036	19
2037	13
2038	21
2039	13
2040	20
2041	27
2042	21
2043	28
2044	22
2045	15
2046	19
2047	13
2048	13
2049	24
2050	22
2051	21
2052	22
2053	8
2054	15
2055	12
2056	12
2057	25
2058	19
2059	25
2060	24
2061	23
2062	26
2063	17
2064	23
2065	25
2066	16
2067	30
2068	15
2069	24
2070	20
2071	30
2072	24
2073	28
2074	15
2075	12
2076	27
2077	23
2078	25
2079	26
2080	22
2081	20
2082	29
2083	17
2084	15
2085	22
2086	13
2087	26
2088	18
2089	26
2090	20
2091	28
2092	32
2093	31
2094	24
2095	19
2096	21
2097	27
2098	27
2099	38
2100	20
2101	20
2102	27
2103	37
2104	17
2105	29
2106	12
2107	27
2108	14
2109	20
2110	18
2111	20
2112	15
2113	25
2114	20
2115	19
2116	21
2117	24
2118	24
2119	22
2120	28
2121	16
2122	24
2123	21
2124	16
2125	16
2126	14
2127	18
2128	14
2129	23
2130	18
2131	21
2132	15
2133	12
2134	19
2135	21
2136	29
2137	16
2138	14
2139	19
2140	19
2141	28
2142	16
2143	27
2144	17
2145	16
2146	13
2147	18
2148	25
2149	15
2150	18
2151	16
2152	14
2153	29
2154	10
2155	13
2156	23
2157	14
2158	26
2159	17
2160	17
2161	28
2162	16
2163	17
2164	17
2165	11
2166	21
2167	16
2168	17
2169	25
2170	15
2171	25
2172	19
2173	17
2174	15
2175	18
2176	18
2177	18
2178	22
2179	13
2180	15
2181	19
2182	21
2183	7
2184	17
2185	18
2186	15
2187	17
2188	16
2189	8
2190	14
2191	12
2192	12
2193	10
2194	10
2195	16
2196	12
2197	8
2198	7
2199	8
2200	21
2201	19
2202	13
2203	11
2204	12
2205	17
2206	10
2207	14
2208	10
2209	14
2210	9
2211	8
2212	13
2213	12
2214	13
2215	12
2216	8
2217	12
2218	8
2219	6
2220	12
2221	11
2222	13
2223	13
2224	7
2225	8
2226	10
2227	13
2228	11
2229	16
2230	7
2231	9
2232	13
2233	15
2234	8
2235	14
2236	11
2237	10
2238	12
2239	7
2240	12
2241	8
2242	11
2243	9
2244	5
2245	7
2246	12
2247	13
2248	13
2249	16
2250	8
2251	5
2252	11
2253	13
2254	5
2255	4
2256	7
2257	5
2258	7
2259	12
2260	12
2261	9
2262	14
2263	7
2264	2
2265	17
2266	7
2267	15
2268	4
2269	6
2270	12
2271	10
2272	7
2273	7
2274	10
2275	8
2276	17
2277	12
2278	16
2279	11
2280	7
2281	12
2282	3
2283	12
2284	12
2285	5
2286	9
2287	7
2288	7
2289	8
2290	9
2291	7
2292	14
2293	6
2294	10
2295	8
2296	5
2297	4
2298	7
2299	8
2300	10
2301	7
2302	11
2303	8
2304	5
2305	6
2306	4
2307	10
2308	16
2309	7
2310	9
2311	7
2312	10
2313	8
2314	7
2315	2
2316	10
2317	4
2318	13
2319	6
2320	8
2321	3
2322	8
2323	9
2324	11
2325	9
2326	12
2327	9
2328	6
2329	14
2330	6
2331	13
2332	9
2333	10
2334	6
2335	10
2336	7
2337	10
2338	10
2339	4
2340	6
2341	10
2342	9
2343	9
2344	13
2345	12
2346	12
2347	6
2348	12
2349	4
2350	8
2351	5
2352	10
2353	6
2354	8
2355	10
2356	11
2357	10
2358	15
2359	9
2360	13
2361	13
2362	7
2363	5
2364	8
2365	7
2366	7
2367	13
2368	8
2369	10
2370	7
2371	6
2372	15
2373	7
2374	12
2375	7
2376	10
2377	11
2378	9
2379	8
2380	6
2381	12
2382	11
2383	9
2384	11
2385	10
2386	8
2387	6
2388	11
2389	6
2390	10
2391	9
2392	8
2393	10
2394	11
2395	10
2396	10
2397	5
2398	7
2399	8
2400	12
2401	5
2402	8
2403	14
2404	14
2405	9
2406	14
2407	16
2408	4
2409	8
2410	10
2411	5
2412	13
2413	2
2414	14
2415	10
2416	4
2417	11
2418	9
2419	8
2420	13
2421	12
2422	15
2423	10
2424	12
2425	4
2426	8
2427	6
2428	8
2429	17
2430	9
2431	9
2432	10
2433	6
2434	5
2435	7
2436	9
2437	8
2438	15
2439	7
2440	11
2441	7
2442	10
2443	13
2444	21
2445	9
2446	11
2447	9
2448	9
2449	9
2450	11
2451	12
2452	12
2453	11
2454	10
2455	11
2456	12
2457	16
2458	10
2459	15
2460	12
2461	8
2462	13
2463	18
2464	9
2465	12
2466	8
2467	13
2468	11
2469	10
2470	8
2471	9
2472	11
2473	19
2474	10
2475	9
2476	18
2477	11
2478	5
2479	6
2480	15
2481	11
2482	10
2483	11
2484	10
2485	3
2486	10
2487	13
2488	16
2489	16
2490	13
2491	15
2492	6
2493	12
2494	9
2495	8
2496	13
2497	13
2498	11
2499	12
2500	18
2501	9
2502	9
2503	7
2504	9
2505	10
2506	12
2507	10
2508	6
2509	7
2510	8
2511	8
2512	11
2513	8
2514	7
2515	16
2516	7
2517	12
2518	8
2519	4
2520	7
2521	5
2522	5
2523	10
2524	7
2525	7
2526	7
2527	10
2528	5
2529	7
2530	7
2531	6
2532	9
2533	8
2534	11
2535	7
2536	7
2537	5
2538	7
2539	5
2540	6
2541	6
2542	6
2543	9
2544	6
2545	8
2546	9
2547	10
2548	11
2549	5
2550	18
2551	4
2552	5
2553	10
2554	3
2555	7
2556	8
2557	7
2558	6
2559	8
2560	8
2561	6
2562	8
2563	6
2564	6
2565	6
2566	10
2567	7
2568	8
2569	8
2570	7
2571	7
2572	11
2573	10
2574	4
2575	5
2576	3
2577	2
2578	5
2579	13
2580	5
2581	4
2582	10
2583	8
2584	5
2585	15
2586	8
2587	4
2588	10
2589	8
2590	3
2591	5
2592	9
2593	7
2594	6
2595	6
2596	8
2597	6
2598	11
2599	12
2600	7
2601	5
2602	2
2603	7
2604	10
2605	2
2606	8
2607	9
2608	4
2609	6
2610	5
2611	10
2612	9
2613	7
2614	9
2615	7
2616	9
2617	10
2618	7
2619	12
2620	7
2621	7
2622	4
2623	5
2624	8
2625	8
2626	11
2627	8
2628	9
2629	7
2630	15
2631	4
2632	4
2633	8
2634	6
2635	6
2636	4
2637	10
2638	9
2639	5
2640	6
2641	6
2642	3
2643	7
2644	7
2645	7
2646	14
2647	5
2648	6
2649	4
2650	6
2651	8
2652	6
2653	3
2654	9
2655	6
2656	5
2657	2
2658	6
2659	5
2660	7
2661	3
2662	5
2663	6
2664	8
2665	8
2666	3
2667	8
2668	8
2669	8
2670	5
2671	5
2672	11
2673	11
2674	12
2675	6
2676	7
2677	7
2678	11
2679	5
2680	4
2681	3
2682	3
2683	7
2684	8
2685	11
2686	6
2687	4
2688	12
2689	6
2690	6
2691	9
2692	7
2693	4
2694	8
2695	9
2696	2
2697	6
2698	4
2699	11
2700	9
2701	4
2702	8
2703	6
2704	4
2705	9
2706	9
2707	6
2708	5
2709	3
2710	13
2711	5
2712	8
2713	4
2714	7
2715	4
2716	4
2717	5
2718	5
2719	6
2720	9
2721	9
2722	4
2723	7
2724	7
2725	4
2726	8
2727	5
2728	3
2729	8
2730	3
2731	2
2732	14
2733	7
2734	7
2735	3
2736	1
2737	6
2738	3
2739	8
2740	9
2741	3
2742	9
2743	6
2744	4
2745	8
2746	5
2747	11
2748	8
2749	9
2750	5
2751	6
2752	10
2753	4
2754	4
2755	6
2756	8
2757	5
2758	3
2759	0
2760	5
2761	7
2762	8
2763	4
2764	2
2765	4
2766	7
2767	5
2768	2
2769	9
2770	7
2771	10
2772	7
2773	4
2774	3
2775	1
2776	10
2777	7
2778	6
2779	12
2780	7
2781	7
2782	8
2783	4
2784	7
2785	6
2786	4
2787	10
2788	9
2789	12
2790	7
2791	8
2792	7
2793	11
2794	8
2795	5
2796	4
2797	3
2798	7
2799	4
2800	1
2801	8
2802	13
2803	12
2804	6
2805	6
2806	5
2807	1
2808	8
2809	6
2810	3
2811	7
2812	13
2813	7
2814	7
2815	3
2816	5
2817	4
2818	1
2819	4
2820	6
2821	3
2822	3
2823	8
2824	4
2825	7
2826	7
2827	6
2828	8
2829	7
2830	4
2831	5
2832	8
2833	9
2834	7
2835	4
2836	5
2837	6
2838	10
2839	6
2840	11
2841	15
2842	2
2843	8
2844	4
2845	5
2846	11
2847	7
2848	10
2849	6
2850	5
2851	8
2852	10
2853	4
2854	12
2855	7
2856	6
2857	7
2858	4
2859	5
2860	2
2861	5
2862	6
2863	2
2864	6
2865	8
2866	2
2867	8
2868	7
2869	1
2870	11
2871	5
2872	5
2873	6
2874	2
2875	6
2876	4
2877	10
2878	6
2879	5
2880	5
2881	7
2882	4
2883	8
2884	11
2885	5
2886	6
2887	2
2888	8
2889	4
2890	2
2891	9
2892	5
2893	5
2894	4
2895	5
2896	3
2897	5
2898	7
2899	10
2900	9
2901	7
2902	2
2903	4
2904	8
2905	7
2906	5
2907	6
2908	4
2909	4
2910	7
2911	5
2912	6
2913	4
2914	7
2915	5
2916	5
2917	6
2918	4
2919	5
2920	3
2921	12
2922	3
2923	2
2924	6
2925	7
2926	4
2927	3
2928	3
2929	3
2930	5
2931	8
2932	4
2933	2
2934	6
2935	10
2936	3
2937	8
2938	2
2939	11
2940	4
2941	3
2942	7
2943	2
2944	11
2945	7
2946	9
2947	4
2948	6
2949	7
2950	6
2951	7
2952	4
2953	6
2954	1
2955	4
2956	6
2957	3
2958	1
2959	4
2960	6
2961	4
2962	7
2963	6
2964	5
2965	7
2966	14
2967	1
2968	1
2969	6
2970	3
2971	6
2972	9
2973	8
2974	6
2975	5
2976	0
2977	3
2978	5
2979	3
2980	5
2981	5
2982	9
2983	5
2984	2
2985	9
2986	2
2987	10
2988	5
2989	7
2990	6
2991	6
2992	3
2993	8
2994	5
2995	4
2996	6
2997	7
2998	7
2999	5
3000	1
3001	5
3002	4
3003	4
3004	6
3005	6
3006	7
3007	3
3008	3
3009	6
3010	2
3011	7
3012	10
3013	3
3014	5
3015	1
3016	8
3017	9
3018	1
3019	7
3020	6
3021	6
3022	5
3023	2
3024	2
3025	4
3026	3
3027	8
3028	8
3029	2
3030	8
3031	2
3032	3
3033	3
3034	3
3035	6
3036	2
3037	3
3038	0
3039	7
3040	3
3041	2
3042	1
3043	3
3044	5
3045	2
3046	2
3047	3
3048	2
3049	4
3050	3
3051	3
3052	7
3053	1
3054	1
3055	7
3056	3
3057	4
3058	8
3059	6
3060	4
3061	3
3062	6
3063	5
3064	3
3065	7
3066	1
3067	4
3068	6
3069	3
3070	2
3071	2
3072	9
3073	11
3074	3
3075	4
3076	3
3077	5
3078	5
3079	6
3080	4
3081	9
3082	3
3083	6
3084	8
3085	6
3086	5
3087	4
3088	3
3089	7
3090	2
3091	4
3092	4
3093	3
3094	2
3095	1
3096	1
3097	6
3098	4
3099	0
3100	4
3101	1
3102	2
3103	7
3104	4
3105	5
3106	2
3107	3
3108	6
3109	2
3110	3
3111	0
3112	1
3113	5
3114	4
3115	8
3116	4
3117	2
3118	4
3119	4
3120	3
3121	2
3122	7
3123	3
3124	2
3125	2
3126	2
3127	3
3128	4
3129	2
3130	5
3131	4
3132	6
3133	3
3134	0
3135	9
3136	0
3137	8
3138	2
3139	1
3140	4
3141	2
3142	3
3143	3
3144	4
3145	3
3146	2
3147	3
3148	3
3149	0
3150	2
3151	4
3152	3
3153	1
3154	3
3155	6
3156	6
3157	2
3158	6
3159	1
3160	3
3161	3
3162	3
3163	2
3164	5
3165	4
3166	8
3167	5
3168	3
3169	2
3170	4
3171	7
3172	4
3173	4
3174	2
3175	1
3176	1
3177	3
3178	3
3179	0
3180	5
3181	2
3182	5
3183	3
3184	4
3185	3
3186	3
3187	4
3188	4
3189	3
3190	5
3191	5
3192	2
3193	7
3194	2
3195	3
3196	2
3197	3
3198	4
3199	1
3200	3
3201	1
3202	4
3203	3
3204	4
3205	2
3206	6
3207	0
3208	2
3209	2
3210	2
3211	4
3212	4
3213	6
3214	2
3215	6
3216	1
3217	3
3218	4
3219	5
3220	2
3221	0
3222	4
3223	2
3224	6
3225	2
3226	3
3227	4
3228	1
3229	4
3230	2
3231	1
3232	2
3233	2
3234	2
3235	3
3236	5
3237	4
3238	5
3239	0
3240	3
3241	4
3242	1
3243	2
3244	5
3245	3
3246	3
3247	2
3248	2
3249	3
3250	2
3251	8
3252	1
3253	1
3254	5
3255	2
3256	6
3257	0
3258	2
3259	7
3260	1
3261	3
3262	3
3263	1
3264	2
3265	6
3266	5
3267	7
3268	6
3269	4
3270	4
3271	3
3272	1
3273	4
3274	1
3275	2
3276	6
3277	3
3278	2
3279	2
3280	2
3281	3
3282	4
3283	2
3284	3
3285	2
3286	2
3287	6
3288	4
3289	3
3290	0
3291	1
3292	2
3293	4
3294	1
3295	3
3296	2
3297	3
3298	5
3299	2
3300	2
3301	5
3302	3
3303	3
3304	0
3305	1
3306	1
3307	2
3308	4
3309	3
3310	1
3311	2
3312	0
3313	4
3314	3
3315	2
3316	3
3317	2
3318	4
3319	2
3320	1
3321	2
3322	0
3323	2
3324	2
3325	2
3326	1
3327	3
3328	2
3329	1
3330	2
3331	1
3332	2
3333	3
3334	3
3335	5
3336	4
3337	1
3338	3
3339	5
3340	2
3341	4
3342	1
3343	3
3344	4
3345	2
3346	2
3347	2
3348	2
3349	2
3350	3
3351	2
3352	1
3353	2
3354	2
3355	4
3356	1
3357	3
3358	5
3359	1
3360	2
3361	2
3362	2
3363	2
3364	4
3365	3
3366	0
3367	0
3368	1
3369	3
3370	1
3371	4
3372	4
3373	2
3374	4
3375	1
3376	0
3377	2
3378	1
3379	1
3380	2
3381	2
3382	2
3383	1
3384	2
3385	2
3386	2
3387	0
3388	1
3389	3
3390	4
3391	2
3392	1
3393	1
3394	1
3395	2
3396	2
3397	3
3398	1
3399	1
3400	2
3401	5
3402	2
3403	0
3404	0
3405	2
3406	2
3407	5
3408	1
3409	1
3410	0
3411	4
3412	3
3413	1
3414	2
3415	2
3416	2
3417	3
3418	1
3419	2
3420	1
3421	1
3422	5
3423	2
3424	2
3425	0
3426	1
3427	1
3428	4
3429	1
3430	2
3431	3
3432	0
3433	1
3434	0
3435	0
3436	0
3437	1
3438	0
3439	0
3440	0
3441	2
3442	1
3443	1
3444	2
3445	0
3446	2
3447	0
3448	1
3449	3
3450	0
3451	2
3452	2
3453	3
3454	2
3455	0
3456	2
3457	2
3458	2
3459	3
3460	2
3461	1
3462	2
3463	1
3464	2
3465	3
3466	3
3467	1
3468	2
3469	3
3470	4
3471	0
3472	1
3473	0
3474	3
3475	0
3476	1
3477	3
3478	1
3479	0
3480	1
3481	3
3482	0
3483	2
3484	0
3485	1
3486	0
3487	3
3488	0
3489	1
3490	0
3491	1
3492	0
3493	0
3494	0
3495	6
3496	2
3497	4
3498	1
3499	0
3500	1
3501	1
3502	0
3503	5
3504	1
3505	1
3506	1
3507	2
3508	2
3509	1
3510	0
3511	0
3512	3
3513	4
3514	2
3515	0
3516	4
3517	3
3518	1
3519	1
3520	3
3521	0
3522	1
3523	1
3524	2
3525	4
3526	3
3527	0
3528	2
3529	0
3530	0
3531	2
3532	0
3533	2
3534	0
3535	3
3536	1
3537	0
3538	2
3539	1
3540	3
3541	2
3542	2
3543	2
3544	2
3545	0
3546	1
3547	3
3548	0
3549	2
3550	1
3551	0
3552	1
3553	1
3554	0
3555	0
3556	2
3557	1
3558	1
3559	1
3560	0
3561	0
3562	1
3563	3
3564	0
3565	1
3566	0
3567	1
3568	1
3569	0
3570	2
3571	0
3572	1
3573	1
3574	2
3575	1
3576	2
3577	2
3578	1
3579	2
3580	0
3581	3
3582	2
3583	0
3584	0
3585	3
3586	1
3587	0
3588	1
3589	1
3590	2
3591	1
3592	1
3593	1
3594	0
3595	1
3596	0
3597	0
3598	0
3599	0
3600	1
3601	0
3602	1
3603	1
3604	1
3605	2
3606	0
3607	0
3608	1
3609	3
3610	0
3611	0
3612	0
3613	0
3614	0
3615	1
3616	0
3617	0
3618	0
3619	0
3620	0
3621	0
3622	1
3623	1
3624	0
3625	1
3626	0
3627	1
3628	0
3629	0
3630	0
3631	0
3632	0
3633	0
3634	0
3635	0
3636	2
3637	0
3638	1
3639	0
3640	0
3641	1
3642	1
3643	1
3644	1
3645	1
3646	0
3647	0
3648	1
3649	0
3650	1
3651	1
3652	2
3653	0
3654	0
3655	0
3656	1
3657	0
3658	0
3659	1
3660	0
3661	0
3662	0
3663	0
3664	0
3665	0
3666	0
3667	1
3668	0
3669	0
3670	0
3671	1
3672	0
3673	4
3674	0
3675	2
3676	0
3677	0
3678	0
3679	2
3680	0
3681	1
3682	1
3683	1
3684	0
3685	0
3686	0
3687	1
3688	1
3689	1
3690	0
3691	0
3692	0
3693	3
3694	2
3695	0
3696	1
3697	1
3698	1
3699	1
3700	0
3701	2
3702	1
3703	0
3704	1
3705	1
3706	1
3707	0
3708	1
3709	1
3710	1
3711	1
3712	1
3713	0
3714	0
3715	1
3716	0
3717	1
3718	0
3719	0
3720	0
3721	0
3722	0
3723	1
3724	2
3725	0
3726	0
3727	0
3728	0
3729	0
3730	1
3731	0
3732	0
3733	0
3734	0
3735	1
3736	0
3737	0
3738	1
3739	0
3740	0
3741	0
3742	1
3743	0
3744	0
3745	1
3746	0
3747	0
3748	0
3749	1
3750	0
3751	1
3752	0
3753	0
3754	0
3755	0
3756	0
3757	0
3758	0
3759	0
3760	0
3761	0
3762	1
3763	0
3764	0
3765	0
3766	0
3767	0
3768	1
3769	0
3770	0
3771	1
3772	0
3773	0
3774	0
3775	0
3776	0
3777	1
3778	0
3779	0
3780	0
3781	1
3782	0
3783	0
3784	1
3785	0
3786	0
3787	0
3788	0
3789	0
3790	1
3791	0
3792	0
3793	0
3794	0
3795	0
3796	1
3797	0
3798	0
3799	0
3800	0
3801	0
3802	0
3803	0
3804	1
3805	0
3806	0
3807	0
3808	0
3809	0
3810	0
3811	0
3812	0
3813	0
3814	0
3815	0
3816	0
3817	0
3818	0
3819	0
3820	0
3821	0
3822	0
3823	0
3824	0
3825	0
3826	0
3827	1
3828	0
3829	0
3830	0
3831	0
3832	0
3833	0
3834	0
3835	0
3836	0
3837	0
3838	0
3839	1
3840	0
3841	0
3842	0
3843	0
3844	0
3845	0
3846	0
3847	0
3848	0
3849	1
3850	0
3851	0
3852	0
3853	0
3854	0
3855	0
3856	0
3857	0
3858	0
3859	0
3860	0
3861	0
3862	0
3863	0
3864	0
3865	1
3866	0
3867	0
3868	0
3869	0
3870	0
3871	0
3872	0
3873	0
3874	0
3875	0
3876	0
3877	0
3878	0
3879	0
3880	0
3881	0
3882	0
3883	0
3884	0
3885	0
3886	0
3887	0
3888	0
3889	0
3890	0
3891	0
3892	0
3893	0
3894	0
3895	0
3896	0
3897	0
3898	0
3899	0
3900	0
3901	0
3902	0
3903	0
3904	0
3905	0
3906	0
3907	0
3908	0
3909	0
3910	0
3911	0
3912	0
3913	0
3914	0
3915	0
3916	1
3917	0
3918	0
3919	0
3920	1
3921	0
3922	0
3923	0
3924	0
3925	0
3926	0
3927	0
3928	0
3929	0
3930	0
3931	0
3932	0
3933	0
3934	0
3935	0
3936	1
3937	0
3938	0
3939	0
3940	0
3941	0
3942	0
3943	1
3944	0
3945	0
3946	0
3947	0
3948	0
3949	0
3950	0
3951	0
3952	0
3953	0
3954	0
3955	0
3956	0
3957	0
3958	0
3959	0
3960	0
3961	0
3962	0
3963	0
3964	0
3965	0
3966	0
3967	0
3968	0
3969	0
3970	0
3971	0
3972	0
3973	0
3974	1
3975	0
3976	0
3977	0
3978	0
3979	0
3980	0
3981	0
3982	0
3983	0
3984	0
3985	0
3986	0
3987	0
3988	0
3989	0
3990	0
3991	0
3992	0
3993	0
3994	0
3995	0
3996	0
3997	0
3998	0
3999	0
4000	0
