Channel number	Impulses
Channel/#	Impulses/#

0	0
1	0
2	0
3	0
4	0
5	0
6	0
7	0
8	0
9	0
10	0
11	0
12	0
13	0
14	0
15	0
16	0
17	0
18	0
19	0
20	0
21	0
22	0
23	0
24	0
25	0
26	0
27	0
28	0
29	0
30	0
31	0
32	0
33	0
34	0
35	0
36	0
37	0
38	0
39	0
40	0
41	0
42	0
43	0
44	0
45	0
46	0
47	0
48	1
49	0
50	0
51	0
52	1
53	2
54	4
55	3
56	4
57	4
58	5
59	7
60	4
61	1
62	5
63	8
64	1
65	5
66	5
67	8
68	1
69	10
70	6
71	7
72	4
73	9
74	7
75	11
76	4
77	6
78	6
79	10
80	6
81	7
82	8
83	3
84	5
85	6
86	5
87	9
88	3
89	5
90	5
91	5
92	6
93	12
94	9
95	11
96	5
97	11
98	4
99	8
100	11
101	5
102	7
103	7
104	11
105	6
106	8
107	4
108	7
109	10
110	13
111	10
112	7
113	5
114	11
115	11
116	9
117	4
118	12
119	6
120	3
121	11
122	6
123	8
124	9
125	7
126	3
127	13
128	3
129	9
130	7
131	13
132	4
133	11
134	5
135	5
136	8
137	10
138	5
139	7
140	7
141	8
142	4
143	7
144	3
145	2
146	7
147	4
148	4
149	4
150	7
151	5
152	3
153	10
154	7
155	7
156	7
157	7
158	5
159	14
160	3
161	7
162	2
163	5
164	4
165	7
166	5
167	7
168	7
169	14
170	5
171	6
172	4
173	6
174	4
175	8
176	4
177	5
178	1
179	4
180	3
181	3
182	11
183	5
184	7
185	3
186	5
187	6
188	3
189	4
190	6
191	10
192	4
193	3
194	5
195	9
196	4
197	8
198	5
199	5
200	9
201	10
202	4
203	3
204	6
205	4
206	2
207	7
208	5
209	5
210	3
211	6
212	7
213	5
214	8
215	3
216	3
217	4
218	5
219	5
220	4
221	6
222	3
223	5
224	4
225	5
226	6
227	9
228	7
229	6
230	4
231	7
232	5
233	3
234	3
235	4
236	7
237	3
238	6
239	6
240	2
241	4
242	7
243	8
244	4
245	4
246	3
247	4
248	2
249	4
250	5
251	3
252	2
253	4
254	6
255	10
256	0
257	1
258	2
259	4
260	3
261	4
262	7
263	5
264	2
265	6
266	4
267	7
268	4
269	7
270	5
271	8
272	5
273	3
274	8
275	7
276	5
277	4
278	3
279	4
280	3
281	6
282	2
283	8
284	3
285	4
286	4
287	7
288	5
289	10
290	6
291	3
292	6
293	13
294	12
295	8
296	6
297	18
298	6
299	14
300	17
301	11
302	18
303	15
304	14
305	23
306	17
307	22
308	22
309	17
310	36
311	27
312	14
313	20
314	19
315	32
316	26
317	33
318	40
319	49
320	19
321	25
322	48
323	51
324	54
325	50
326	60
327	53
328	42
329	78
330	48
331	66
332	63
333	63
334	62
335	95
336	62
337	71
338	70
339	75
340	94
341	92
342	85
343	110
344	85
345	127
346	94
347	120
348	97
349	144
350	100
351	152
352	81
353	99
354	116
355	116
356	127
357	108
358	126
359	130
360	95
361	108
362	130
363	129
364	138
365	121
366	133
367	152
368	60
369	110
370	106
371	122
372	103
373	94
374	118
375	128
376	93
377	130
378	89
379	110
380	99
381	119
382	95
383	128
384	47
385	76
386	91
387	78
388	72
389	62
390	80
391	77
392	66
393	68
394	57
395	65
396	70
397	64
398	63
399	71
400	47
401	44
402	63
403	51
404	56
405	45
406	39
407	52
408	33
409	44
410	38
411	39
412	31
413	44
414	41
415	38
416	31
417	36
418	19
419	35
420	28
421	37
422	31
423	32
424	24
425	30
426	14
427	25
428	18
429	22
430	23
431	21
432	21
433	17
434	18
435	18
436	20
437	17
438	16
439	15
440	6
441	17
442	5
443	14
444	7
445	9
446	8
447	14
448	10
449	10
450	3
451	10
452	7
453	4
454	10
455	4
456	9
457	6
458	6
459	11
460	3
461	5
462	5
463	7
464	2
465	6
466	12
467	5
468	7
469	2
470	3
471	8
472	5
473	10
474	2
475	4
476	7
477	4
478	4
479	2
480	2
481	4
482	8
483	2
484	3
485	3
486	2
487	5
488	5
489	1
490	3
491	7
492	3
493	6
494	4
495	7
496	3
497	5
498	7
499	3
500	4
501	4
502	4
503	3
504	4
505	2
506	3
507	2
508	5
509	4
510	2
511	8
512	2
513	4
514	1
515	4
516	4
517	3
518	6
519	3
520	7
521	5
522	7
523	8
524	2
525	8
526	6
527	5
528	3
529	8
530	4
531	4
532	3
533	4
534	5
535	7
536	7
537	4
538	5
539	3
540	7
541	9
542	6
543	8
544	3
545	12
546	6
547	8
548	7
549	5
550	5
551	6
552	5
553	9
554	2
555	8
556	6
557	1
558	9
559	12
560	6
561	6
562	7
563	11
564	8
565	8
566	14
567	14
568	4
569	7
570	9
571	8
572	4
573	11
574	14
575	12
576	4
577	5
578	10
579	10
580	7
581	5
582	9
583	4
584	7
585	10
586	4
587	9
588	11
589	11
590	6
591	10
592	5
593	6
594	5
595	8
596	5
597	11
598	11
599	9
600	5
601	11
602	4
603	4
604	7
605	6
606	6
607	7
608	6
609	8
610	7
611	4
612	7
613	6
614	6
615	5
616	5
617	5
618	4
619	2
620	7
621	8
622	2
623	3
624	3
625	1
626	3
627	5
628	5
629	5
630	6
631	3
632	1
633	2
634	1
635	5
636	3
637	5
638	7
639	8
640	0
641	5
642	4
643	3
644	3
645	7
646	6
647	4
648	1
649	6
650	1
651	1
652	5
653	2
654	4
655	2
656	3
657	9
658	3
659	7
660	3
661	4
662	1
663	5
664	4
665	12
666	2
667	3
668	2
669	5
670	2
671	10
672	0
673	7
674	5
675	2
676	3
677	2
678	2
679	6
680	2
681	5
682	3
683	1
684	3
685	5
686	5
687	2
688	2
689	1
690	3
691	7
692	8
693	3
694	5
695	2
696	6
697	4
698	1
699	8
700	5
701	5
702	2
703	3
704	0
705	4
706	3
707	8
708	8
709	8
710	2
711	2
712	7
713	4
714	8
715	2
716	5
717	5
718	6
719	7
720	1
721	5
722	3
723	5
724	4
725	3
726	5
727	5
728	2
729	4
730	7
731	3
732	3
733	2
734	3
735	9
736	1
737	4
738	5
739	4
740	8
741	4
742	6
743	4
744	3
745	8
746	6
747	4
748	1
749	4
750	7
751	7
752	2
753	1
754	8
755	5
756	4
757	6
758	8
759	8
760	3
761	6
762	4
763	6
764	8
765	7
766	3
767	10
768	4
769	6
770	5
771	8
772	7
773	7
774	3
775	4
776	9
777	10
778	7
779	11
780	7
781	12
782	14
783	9
784	8
785	12
786	12
787	9
788	10
789	5
790	11
791	6
792	13
793	4
794	7
795	7
796	4
797	11
798	17
799	8
800	0
801	7
802	10
803	12
804	8
805	14
806	4
807	12
808	9
809	6
810	12
811	8
812	15
813	11
814	7
815	10
816	9
817	12
818	15
819	9
820	12
821	11
822	18
823	22
824	8
825	16
826	13
827	21
828	11
829	18
830	17
831	25
832	12
833	15
834	14
835	14
836	14
837	19
838	21
839	17
840	15
841	24
842	18
843	12
844	14
845	28
846	23
847	18
848	13
849	16
850	18
851	26
852	23
853	22
854	23
855	10
856	17
857	23
858	21
859	16
860	19
861	23
862	24
863	33
864	14
865	21
866	22
867	24
868	18
869	20
870	19
871	26
872	14
873	17
874	9
875	6
876	18
877	14
878	11
879	12
880	13
881	12
882	8
883	15
884	22
885	11
886	15
887	9
888	10
889	12
890	11
891	8
892	16
893	10
894	9
895	13
896	3
897	9
898	12
899	7
900	8
901	9
902	5
903	7
904	8
905	11
906	4
907	11
908	17
909	8
910	10
911	5
912	9
913	1
914	11
915	7
916	3
917	5
918	11
919	11
920	9
921	7
922	11
923	6
924	8
925	5
926	8
927	4
928	7
929	5
930	11
931	4
932	7
933	5
934	7
935	11
936	4
937	8
938	10
939	4
940	4
941	4
942	9
943	9
944	6
945	8
946	8
947	8
948	11
949	11
950	11
951	9
952	6
953	10
954	8
955	5
956	7
957	5
958	9
959	12
960	3
961	9
962	17
963	9
964	7
965	3
966	15
967	11
968	7
969	14
970	11
971	4
972	8
973	13
974	4
975	10
976	8
977	6
978	2
979	10
980	8
981	14
982	9
983	5
984	12
985	8
986	3
987	13
988	9
989	7
990	7
991	7
992	5
993	8
994	4
995	2
996	7
997	7
998	14
999	9
1000	3
1001	5
1002	5
1003	6
1004	4
1005	10
1006	4
1007	11
1008	6
1009	3
1010	6
1011	6
1012	5
1013	5
1014	7
1015	8
1016	5
1017	8
1018	5
1019	9
1020	12
1021	10
1022	6
1023	14
1024	4
1025	7
1026	5
1027	7
1028	7
1029	5
1030	7
1031	7
1032	3
1033	6
1034	3
1035	8
1036	7
1037	7
1038	6
1039	12
1040	4
1041	8
1042	7
1043	9
1044	2
1045	9
1046	6
1047	8
1048	7
1049	8
1050	12
1051	12
1052	11
1053	12
1054	4
1055	8
1056	3
1057	10
1058	8
1059	3
1060	8
1061	7
1062	10
1063	7
1064	2
1065	11
1066	10
1067	5
1068	17
1069	6
1070	5
1071	7
1072	10
1073	7
1074	9
1075	9
1076	12
1077	7
1078	9
1079	10
1080	2
1081	6
1082	10
1083	8
1084	10
1085	11
1086	10
1087	13
1088	7
1089	3
1090	5
1091	6
1092	2
1093	9
1094	5
1095	10
1096	4
1097	12
1098	9
1099	7
1100	8
1101	11
1102	9
1103	10
1104	4
1105	6
1106	13
1107	10
1108	4
1109	7
1110	6
1111	14
1112	11
1113	8
1114	9
1115	15
1116	5
1117	5
1118	9
1119	16
1120	5
1121	2
1122	6
1123	8
1124	4
1125	3
1126	8
1127	5
1128	4
1129	16
1130	9
1131	9
1132	8
1133	9
1134	12
1135	15
1136	8
1137	14
1138	3
1139	8
1140	11
1141	9
1142	7
1143	3
1144	6
1145	12
1146	5
1147	6
1148	10
1149	6
1150	12
1151	12
1152	9
1153	8
1154	8
1155	7
1156	7
1157	2
1158	6
1159	11
1160	7
1161	11
1162	8
1163	9
1164	6
1165	7
1166	8
1167	10
1168	2
1169	6
1170	5
1171	10
1172	7
1173	6
1174	8
1175	6
1176	2
1177	5
1178	10
1179	6
1180	8
1181	7
1182	6
1183	11
1184	6
1185	7
1186	10
1187	8
1188	9
1189	7
1190	6
1191	11
1192	1
1193	10
1194	5
1195	12
1196	9
1197	10
1198	8
1199	7
1200	2
1201	6
1202	4
1203	9
1204	3
1205	12
1206	8
1207	5
1208	5
1209	10
1210	10
1211	12
1212	6
1213	4
1214	6
1215	9
1216	6
1217	6
1218	6
1219	8
1220	8
1221	14
1222	5
1223	5
1224	1
1225	11
1226	2
1227	10
1228	14
1229	8
1230	11
1231	6
1232	4
1233	9
1234	8
1235	8
1236	6
1237	8
1238	14
1239	6
1240	5
1241	9
1242	4
1243	5
1244	5
1245	13
1246	13
1247	6
1248	10
1249	11
1250	6
1251	12
1252	12
1253	4
1254	5
1255	5
1256	5
1257	10
1258	6
1259	8
1260	13
1261	3
1262	7
1263	10
1264	3
1265	5
1266	6
1267	9
1268	9
1269	7
1270	7
1271	10
1272	5
1273	7
1274	11
1275	6
1276	6
1277	13
1278	12
1279	7
1280	4
1281	5
1282	11
1283	12
1284	8
1285	8
1286	11
1287	7
1288	7
1289	8
1290	3
1291	7
1292	8
1293	6
1294	8
1295	5
1296	6
1297	10
1298	4
1299	9
1300	7
1301	12
1302	17
1303	6
1304	4
1305	5
1306	8
1307	10
1308	3
1309	13
1310	9
1311	13
1312	8
1313	7
1314	7
1315	7
1316	7
1317	5
1318	5
1319	9
1320	8
1321	16
1322	6
1323	8
1324	5
1325	11
1326	7
1327	6
1328	7
1329	6
1330	15
1331	6
1332	8
1333	10
1334	9
1335	5
1336	7
1337	18
1338	6
1339	8
1340	8
1341	10
1342	14
1343	10
1344	4
1345	18
1346	7
1347	5
1348	14
1349	6
1350	14
1351	8
1352	8
1353	5
1354	13
1355	12
1356	11
1357	9
1358	7
1359	14
1360	5
1361	17
1362	9
1363	13
1364	12
1365	6
1366	8
1367	10
1368	9
1369	10
1370	9
1371	12
1372	15
1373	10
1374	10
1375	9
1376	13
1377	8
1378	9
1379	10
1380	15
1381	12
1382	9
1383	21
1384	3
1385	3
1386	11
1387	9
1388	14
1389	14
1390	8
1391	19
1392	6
1393	6
1394	9
1395	6
1396	15
1397	10
1398	12
1399	10
1400	5
1401	13
1402	8
1403	12
1404	10
1405	4
1406	12
1407	12
1408	8
1409	11
1410	8
1411	18
1412	11
1413	12
1414	11
1415	5
1416	14
1417	13
1418	12
1419	9
1420	17
1421	3
1422	9
1423	9
1424	9
1425	8
1426	10
1427	10
1428	4
1429	5
1430	9
1431	7
1432	7
1433	12
1434	5
1435	10
1436	9
1437	9
1438	8
1439	10
1440	8
1441	8
1442	10
1443	11
1444	18
1445	9
1446	12
1447	6
1448	6
1449	8
1450	6
1451	10
1452	11
1453	11
1454	14
1455	8
1456	7
1457	10
1458	6
1459	6
1460	2
1461	3
1462	6
1463	14
1464	2
1465	8
1466	8
1467	13
1468	12
1469	15
1470	8
1471	9
1472	9
1473	12
1474	10
1475	8
1476	4
1477	5
1478	9
1479	12
1480	9
1481	9
1482	10
1483	6
1484	13
1485	16
1486	9
1487	4
1488	9
1489	12
1490	10
1491	15
1492	4
1493	9
1494	9
1495	7
1496	13
1497	16
1498	10
1499	8
1500	13
1501	12
1502	8
1503	9
1504	9
1505	9
1506	10
1507	8
1508	9
1509	10
1510	11
1511	12
1512	9
1513	9
1514	5
1515	12
1516	12
1517	7
1518	15
1519	9
1520	7
1521	7
1522	10
1523	3
1524	8
1525	7
1526	12
1527	9
1528	6
1529	25
1530	13
1531	10
1532	14
1533	10
1534	12
1535	13
1536	10
1537	7
1538	10
1539	9
1540	12
1541	11
1542	7
1543	9
1544	10
1545	7
1546	8
1547	13
1548	14
1549	12
1550	8
1551	11
1552	9
1553	10
1554	12
1555	9
1556	9
1557	9
1558	14
1559	7
1560	6
1561	12
1562	7
1563	11
1564	7
1565	12
1566	14
1567	13
1568	8
1569	11
1570	6
1571	14
1572	9
1573	8
1574	13
1575	6
1576	9
1577	11
1578	8
1579	9
1580	13
1581	11
1582	12
1583	8
1584	9
1585	5
1586	15
1587	9
1588	10
1589	7
1590	17
1591	10
1592	5
1593	13
1594	12
1595	4
1596	9
1597	8
1598	9
1599	6
1600	10
1601	17
1602	8
1603	10
1604	8
1605	15
1606	10
1607	9
1608	8
1609	10
1610	9
1611	13
1612	11
1613	6
1614	9
1615	8
1616	6
1617	9
1618	6
1619	10
1620	7
1621	2
1622	16
1623	6
1624	3
1625	12
1626	8
1627	10
1628	8
1629	9
1630	8
1631	9
1632	11
1633	13
1634	5
1635	6
1636	3
1637	10
1638	7
1639	11
1640	5
1641	9
1642	10
1643	11
1644	9
1645	16
1646	8
1647	6
1648	4
1649	9
1650	9
1651	8
1652	7
1653	7
1654	7
1655	6
1656	7
1657	3
1658	2
1659	5
1660	6
1661	8
1662	7
1663	10
1664	8
1665	17
1666	5
1667	19
1668	10
1669	7
1670	9
1671	10
1672	9
1673	6
1674	11
1675	11
1676	2
1677	11
1678	7
1679	9
1680	8
1681	7
1682	9
1683	10
1684	7
1685	7
1686	16
1687	10
1688	9
1689	6
1690	4
1691	13
1692	7
1693	8
1694	12
1695	15
1696	6
1697	10
1698	15
1699	6
1700	17
1701	5
1702	15
1703	16
1704	10
1705	13
1706	11
1707	10
1708	13
1709	8
1710	10
1711	7
1712	11
1713	18
1714	13
1715	7
1716	6
1717	4
1718	12
1719	14
1720	7
1721	15
1722	7
1723	14
1724	13
1725	15
1726	14
1727	12
1728	14
1729	5
1730	8
1731	14
1732	12
1733	8
1734	11
1735	5
1736	9
1737	5
1738	10
1739	9
1740	10
1741	12
1742	6
1743	8
1744	12
1745	13
1746	15
1747	11
1748	10
1749	14
1750	12
1751	10
1752	14
1753	10
1754	11
1755	16
1756	12
1757	17
1758	10
1759	22
1760	13
1761	11
1762	13
1763	17
1764	17
1765	11
1766	13
1767	13
1768	10
1769	14
1770	13
1771	9
1772	20
1773	18
1774	20
1775	17
1776	17
1777	16
1778	22
1779	18
1780	20
1781	14
1782	22
1783	18
1784	11
1785	21
1786	11
1787	26
1788	26
1789	18
1790	19
1791	22
1792	18
1793	20
1794	19
1795	25
1796	24
1797	19
1798	31
1799	16
1800	21
1801	21
1802	25
1803	27
1804	30
1805	27
1806	29
1807	21
1808	24
1809	24
1810	25
1811	26
1812	29
1813	20
1814	40
1815	19
1816	28
1817	37
1818	17
1819	38
1820	32
1821	32
1822	25
1823	31
1824	32
1825	30
1826	23
1827	37
1828	39
1829	23
1830	37
1831	36
1832	28
1833	45
1834	24
1835	23
1836	46
1837	24
1838	34
1839	21
1840	34
1841	19
1842	34
1843	25
1844	37
1845	27
1846	38
1847	32
1848	24
1849	42
1850	33
1851	42
1852	42
1853	26
1854	32
1855	39
1856	25
1857	37
1858	41
1859	26
1860	37
1861	19
1862	34
1863	28
1864	31
1865	27
1866	34
1867	43
1868	42
1869	44
1870	32
1871	29
1872	21
1873	35
1874	31
1875	45
1876	32
1877	24
1878	35
1879	26
1880	34
1881	35
1882	30
1883	37
1884	39
1885	27
1886	38
1887	34
1888	37
1889	32
1890	37
1891	34
1892	44
1893	27
1894	49
1895	35
1896	33
1897	35
1898	32
1899	34
1900	31
1901	33
1902	46
1903	34
1904	27
1905	38
1906	35
1907	39
1908	29
1909	30
1910	36
1911	44
1912	30
1913	28
1914	19
1915	38
1916	38
1917	27
1918	22
1919	25
1920	22
1921	25
1922	23
1923	22
1924	40
1925	21
1926	30
1927	20
1928	18
1929	22
1930	26
1931	22
1932	28
1933	28
1934	20
1935	8
1936	15
1937	21
1938	18
1939	25
1940	10
1941	12
1942	24
1943	9
1944	15
1945	16
1946	20
1947	16
1948	18
1949	13
1950	19
1951	15
1952	15
1953	11
1954	11
1955	8
1956	18
1957	10
1958	8
1959	10
1960	13
1961	9
1962	8
1963	10
1964	12
1965	8
1966	11
1967	11
1968	8
1969	7
1970	10
1971	7
1972	4
1973	5
1974	9
1975	6
1976	7
1977	13
1978	5
1979	9
1980	10
1981	7
1982	7
1983	8
1984	6
1985	9
1986	6
1987	10
1988	11
1989	3
1990	10
1991	3
1992	6
1993	6
1994	7
1995	5
1996	8
1997	8
1998	7
1999	2
2000	11
2001	9
2002	7
2003	9
2004	9
2005	10
2006	8
2007	3
2008	7
2009	11
2010	4
2011	10
2012	7
2013	8
2014	8
2015	8
2016	8
2017	9
2018	15
2019	3
2020	8
2021	8
2022	7
2023	5
2024	6
2025	5
2026	8
2027	7
2028	13
2029	7
2030	8
2031	6
2032	5
2033	6
2034	8
2035	11
2036	11
2037	4
2038	12
2039	8
2040	10
2041	4
2042	8
2043	7
2044	3
2045	13
2046	12
2047	5
2048	8
2049	9
2050	12
2051	15
2052	13
2053	6
2054	10
2055	7
2056	10
2057	9
2058	6
2059	15
2060	8
2061	8
2062	16
2063	13
2064	10
2065	11
2066	10
2067	18
2068	5
2069	12
2070	18
2071	7
2072	11
2073	16
2074	10
2075	17
2076	12
2077	10
2078	9
2079	14
2080	9
2081	11
2082	11
2083	15
2084	13
2085	13
2086	14
2087	18
2088	7
2089	17
2090	7
2091	9
2092	11
2093	7
2094	5
2095	9
2096	5
2097	7
2098	11
2099	13
2100	10
2101	9
2102	10
2103	15
2104	6
2105	17
2106	19
2107	7
2108	13
2109	13
2110	6
2111	12
2112	7
2113	7
2114	10
2115	12
2116	5
2117	13
2118	8
2119	6
2120	8
2121	18
2122	8
2123	7
2124	12
2125	10
2126	12
2127	4
2128	10
2129	10
2130	8
2131	9
2132	11
2133	8
2134	11
2135	14
2136	11
2137	12
2138	10
2139	9
2140	8
2141	11
2142	10
2143	10
2144	6
2145	9
2146	3
2147	11
2148	9
2149	12
2150	10
2151	6
2152	10
2153	6
2154	9
2155	9
2156	11
2157	6
2158	5
2159	14
2160	8
2161	10
2162	14
2163	12
2164	4
2165	10
2166	13
2167	9
2168	5
2169	10
2170	7
2171	14
2172	14
2173	10
2174	10
2175	7
2176	7
2177	9
2178	12
2179	7
2180	8
2181	5
2182	13
2183	14
2184	5
2185	12
2186	9
2187	9
2188	9
2189	10
2190	2
2191	8
2192	8
2193	12
2194	6
2195	8
2196	8
2197	4
2198	13
2199	2
2200	11
2201	3
2202	5
2203	8
2204	8
2205	7
2206	7
2207	4
2208	4
2209	8
2210	8
2211	5
2212	10
2213	2
2214	4
2215	7
2216	5
2217	11
2218	6
2219	6
2220	7
2221	2
2222	8
2223	4
2224	9
2225	6
2226	4
2227	6
2228	7
2229	5
2230	4
2231	4
2232	6
2233	10
2234	4
2235	8
2236	4
2237	5
2238	5
2239	3
2240	4
2241	4
2242	2
2243	3
2244	3
2245	7
2246	8
2247	7
2248	6
2249	5
2250	3
2251	4
2252	4
2253	9
2254	7
2255	6
2256	2
2257	4
2258	2
2259	3
2260	7
2261	3
2262	1
2263	1
2264	5
2265	2
2266	4
2267	4
2268	8
2269	4
2270	2
2271	5
2272	3
2273	1
2274	4
2275	4
2276	6
2277	6
2278	6
2279	4
2280	1
2281	5
2282	7
2283	2
2284	3
2285	3
2286	1
2287	4
2288	1
2289	0
2290	2
2291	3
2292	2
2293	1
2294	6
2295	5
2296	3
2297	6
2298	6
2299	4
2300	5
2301	2
2302	4
2303	2
2304	2
2305	5
2306	1
2307	3
2308	4
2309	8
2310	5
2311	2
2312	2
2313	4
2314	1
2315	3
2316	5
2317	4
2318	2
2319	2
2320	1
2321	4
2322	4
2323	5
2324	3
2325	2
2326	1
2327	2
2328	8
2329	4
2330	3
2331	6
2332	4
2333	2
2334	5
2335	3
2336	7
2337	2
2338	3
2339	11
2340	8
2341	0
2342	2
2343	4
2344	2
2345	3
2346	3
2347	3
2348	6
2349	4
2350	6
2351	3
2352	7
2353	8
2354	3
2355	3
2356	5
2357	2
2358	6
2359	2
2360	2
2361	3
2362	5
2363	2
2364	2
2365	8
2366	4
2367	7
2368	7
2369	7
2370	8
2371	7
2372	3
2373	1
2374	7
2375	4
2376	2
2377	3
2378	0
2379	5
2380	0
2381	4
2382	0
2383	5
2384	3
2385	2
2386	6
2387	2
2388	2
2389	0
2390	9
2391	3
2392	4
2393	4
2394	3
2395	7
2396	1
2397	7
2398	3
2399	5
2400	0
2401	3
2402	2
2403	5
2404	4
2405	1
2406	8
2407	1
2408	3
2409	3
2410	3
2411	4
2412	6
2413	5
2414	4
2415	4
2416	4
2417	4
2418	5
2419	8
2420	6
2421	2
2422	1
2423	3
2424	3
2425	5
2426	1
2427	6
2428	6
2429	5
2430	4
2431	1
2432	6
2433	5
2434	9
2435	2
2436	8
2437	3
2438	4
2439	5
2440	2
2441	5
2442	3
2443	2
2444	3
2445	4
2446	4
2447	5
2448	4
2449	3
2450	7
2451	3
2452	6
2453	7
2454	9
2455	3
2456	8
2457	4
2458	3
2459	6
2460	7
2461	5
2462	6
2463	5
2464	3
2465	5
2466	8
2467	4
2468	6
2469	3
2470	4
2471	3
2472	6
2473	1
2474	2
2475	7
2476	7
2477	4
2478	4
2479	2
2480	9
2481	6
2482	6
2483	4
2484	8
2485	6
2486	2
2487	5
2488	6
2489	14
2490	3
2491	3
2492	3
2493	0
2494	3
2495	2
2496	3
2497	3
2498	6
2499	2
2500	7
2501	6
2502	4
2503	1
2504	5
2505	7
2506	2
2507	2
2508	6
2509	3
2510	3
2511	4
2512	3
2513	5
2514	3
2515	2
2516	3
2517	1
2518	8
2519	2
2520	6
2521	5
2522	1
2523	5
2524	4
2525	2
2526	1
2527	2
2528	4
2529	1
2530	2
2531	9
2532	4
2533	4
2534	4
2535	4
2536	1
2537	2
2538	3
2539	1
2540	4
2541	2
2542	5
2543	0
2544	3
2545	3
2546	7
2547	5
2548	6
2549	5
2550	2
2551	3
2552	4
2553	0
2554	1
2555	5
2556	3
2557	3
2558	4
2559	2
2560	1
2561	2
2562	5
2563	6
2564	2
2565	1
2566	1
2567	2
2568	1
2569	5
2570	3
2571	4
2572	3
2573	2
2574	1
2575	5
2576	2
2577	1
2578	1
2579	2
2580	1
2581	2
2582	4
2583	4
2584	4
2585	4
2586	2
2587	3
2588	3
2589	3
2590	5
2591	1
2592	4
2593	4
2594	7
2595	5
2596	2
2597	3
2598	1
2599	1
2600	5
2601	3
2602	2
2603	1
2604	4
2605	5
2606	1
2607	3
2608	2
2609	5
2610	2
2611	0
2612	4
2613	1
2614	5
2615	5
2616	3
2617	0
2618	0
2619	1
2620	2
2621	6
2622	2
2623	1
2624	6
2625	2
2626	2
2627	3
2628	5
2629	1
2630	6
2631	3
2632	3
2633	4
2634	2
2635	3
2636	5
2637	3
2638	5
2639	2
2640	2
2641	5
2642	4
2643	1
2644	2
2645	3
2646	3
2647	0
2648	5
2649	4
2650	2
2651	1
2652	4
2653	2
2654	4
2655	4
2656	1
2657	5
2658	1
2659	5
2660	3
2661	2
2662	1
2663	2
2664	5
2665	2
2666	1
2667	5
2668	1
2669	5
2670	2
2671	3
2672	2
2673	2
2674	3
2675	6
2676	2
2677	2
2678	2
2679	1
2680	4
2681	2
2682	0
2683	1
2684	1
2685	3
2686	0
2687	4
2688	3
2689	2
2690	1
2691	1
2692	6
2693	2
2694	7
2695	2
2696	1
2697	4
2698	4
2699	3
2700	2
2701	5
2702	1
2703	3
2704	1
2705	1
2706	1
2707	3
2708	4
2709	1
2710	4
2711	2
2712	5
2713	4
2714	0
2715	2
2716	1
2717	2
2718	1
2719	3
2720	1
2721	2
2722	3
2723	3
2724	3
2725	0
2726	2
2727	1
2728	0
2729	8
2730	1
2731	2
2732	5
2733	2
2734	2
2735	4
2736	2
2737	4
2738	4
2739	2
2740	2
2741	3
2742	2
2743	3
2744	4
2745	3
2746	0
2747	2
2748	4
2749	1
2750	2
2751	1
2752	4
2753	1
2754	3
2755	5
2756	1
2757	2
2758	3
2759	2
2760	6
2761	2
2762	0
2763	3
2764	4
2765	1
2766	3
2767	2
2768	1
2769	1
2770	1
2771	7
2772	1
2773	2
2774	1
2775	0
2776	2
2777	10
2778	0
2779	1
2780	2
2781	2
2782	3
2783	1
2784	5
2785	3
2786	4
2787	2
2788	4
2789	0
2790	3
2791	5
2792	1
2793	4
2794	0
2795	2
2796	6
2797	0
2798	3
2799	4
2800	0
2801	2
2802	2
2803	6
2804	4
2805	2
2806	5
2807	5
2808	2
2809	1
2810	2
2811	4
2812	0
2813	1
2814	3
2815	0
2816	6
2817	1
2818	0
2819	4
2820	6
2821	5
2822	1
2823	3
2824	2
2825	4
2826	2
2827	3
2828	3
2829	4
2830	0
2831	0
2832	4
2833	2
2834	2
2835	3
2836	1
2837	2
2838	2
2839	1
2840	5
2841	2
2842	4
2843	3
2844	4
2845	2
2846	4
2847	1
2848	2
2849	4
2850	1
2851	5
2852	3
2853	2
2854	3
2855	2
2856	2
2857	3
2858	1
2859	2
2860	3
2861	4
2862	4
2863	0
2864	1
2865	2
2866	4
2867	3
2868	4
2869	0
2870	2
2871	2
2872	4
2873	2
2874	1
2875	1
2876	3
2877	1
2878	1
2879	3
2880	2
2881	1
2882	3
2883	2
2884	1
2885	3
2886	4
2887	1
2888	3
2889	3
2890	2
2891	0
2892	2
2893	0
2894	2
2895	2
2896	4
2897	2
2898	2
2899	4
2900	2
2901	1
2902	0
2903	0
2904	1
2905	1
2906	1
2907	5
2908	1
2909	2
2910	3
2911	2
2912	2
2913	2
2914	4
2915	3
2916	6
2917	0
2918	5
2919	3
2920	2
2921	0
2922	2
2923	1
2924	2
2925	1
2926	3
2927	1
2928	1
2929	1
2930	3
2931	2
2932	3
2933	1
2934	1
2935	2
2936	1
2937	1
2938	0
2939	4
2940	3
2941	1
2942	2
2943	0
2944	2
2945	2
2946	1
2947	1
2948	3
2949	2
2950	0
2951	0
2952	1
2953	3
2954	1
2955	1
2956	3
2957	1
2958	7
2959	0
2960	1
2961	1
2962	0
2963	1
2964	0
2965	1
2966	1
2967	1
2968	3
2969	3
2970	4
2971	5
2972	4
2973	2
2974	1
2975	0
2976	1
2977	2
2978	1
2979	3
2980	3
2981	1
2982	4
2983	1
2984	1
2985	4
2986	2
2987	1
2988	3
2989	4
2990	3
2991	1
2992	1
2993	1
2994	3
2995	1
2996	3
2997	1
2998	1
2999	0
3000	1
3001	2
3002	0
3003	3
3004	3
3005	3
3006	0
3007	2
3008	2
3009	1
3010	2
3011	1
3012	2
3013	2
3014	2
3015	1
3016	1
3017	2
3018	0
3019	3
3020	0
3021	4
3022	1
3023	2
3024	1
3025	3
3026	0
3027	2
3028	0
3029	3
3030	3
3031	2
3032	1
3033	1
3034	1
3035	0
3036	1
3037	1
3038	1
3039	1
3040	1
3041	0
3042	5
3043	2
3044	0
3045	4
3046	1
3047	1
3048	4
3049	0
3050	0
3051	0
3052	0
3053	2
3054	2
3055	3
3056	0
3057	2
3058	1
3059	3
3060	1
3061	1
3062	2
3063	1
3064	2
3065	3
3066	1
3067	3
3068	1
3069	0
3070	2
3071	0
3072	3
3073	2
3074	4
3075	3
3076	1
3077	1
3078	0
3079	0
3080	1
3081	1
3082	1
3083	3
3084	1
3085	0
3086	2
3087	2
3088	3
3089	1
3090	3
3091	1
3092	0
3093	1
3094	2
3095	0
3096	0
3097	2
3098	1
3099	1
3100	2
3101	1
3102	2
3103	2
3104	2
3105	2
3106	2
3107	1
3108	1
3109	1
3110	1
3111	0
3112	1
3113	1
3114	1
3115	1
3116	3
3117	1
3118	0
3119	1
3120	2
3121	2
3122	0
3123	2
3124	0
3125	0
3126	2
3127	2
3128	0
3129	1
3130	0
3131	2
3132	1
3133	0
3134	0
3135	3
3136	1
3137	3
3138	3
3139	2
3140	1
3141	1
3142	0
3143	0
3144	2
3145	1
3146	1
3147	1
3148	2
3149	3
3150	0
3151	2
3152	0
3153	1
3154	0
3155	1
3156	2
3157	3
3158	2
3159	2
3160	1
3161	0
3162	0
3163	2
3164	2
3165	3
3166	3
3167	0
3168	2
3169	0
3170	1
3171	2
3172	1
3173	1
3174	4
3175	3
3176	0
3177	4
3178	2
3179	1
3180	1
3181	2
3182	0
3183	4
3184	0
3185	1
3186	0
3187	5
3188	2
3189	0
3190	2
3191	0
3192	0
3193	1
3194	2
3195	3
3196	2
3197	3
3198	1
3199	0
3200	0
3201	0
3202	1
3203	1
3204	2
3205	0
3206	2
3207	0
3208	3
3209	1
3210	1
3211	1
3212	1
3213	0
3214	1
3215	1
3216	1
3217	1
3218	0
3219	2
3220	0
3221	1
3222	2
3223	0
3224	2
3225	1
3226	0
3227	3
3228	0
3229	2
3230	2
3231	0
3232	0
3233	2
3234	1
3235	4
3236	2
3237	2
3238	1
3239	0
3240	1
3241	0
3242	1
3243	0
3244	0
3245	2
3246	0
3247	0
3248	4
3249	0
3250	1
3251	2
3252	2
3253	0
3254	2
3255	2
3256	1
3257	2
3258	0
3259	2
3260	2
3261	1
3262	1
3263	0
3264	1
3265	3
3266	0
3267	0
3268	1
3269	0
3270	3
3271	1
3272	0
3273	0
3274	1
3275	3
3276	1
3277	1
3278	0
3279	0
3280	1
3281	0
3282	1
3283	1
3284	3
3285	1
3286	0
3287	0
3288	1
3289	1
3290	1
3291	1
3292	1
3293	2
3294	0
3295	1
3296	1
3297	2
3298	0
3299	0
3300	1
3301	1
3302	1
3303	2
3304	0
3305	0
3306	2
3307	1
3308	0
3309	1
3310	0
3311	0
3312	1
3313	0
3314	1
3315	0
3316	3
3317	0
3318	1
3319	1
3320	0
3321	2
3322	0
3323	1
3324	1
3325	1
3326	0
3327	1
3328	0
3329	1
3330	0
3331	0
3332	3
3333	0
3334	2
3335	1
3336	2
3337	0
3338	0
3339	1
3340	1
3341	0
3342	0
3343	1
3344	1
3345	0
3346	0
3347	1
3348	1
3349	1
3350	0
3351	3
3352	1
3353	0
3354	1
3355	2
3356	1
3357	0
3358	1
3359	1
3360	0
3361	1
3362	0
3363	0
3364	2
3365	0
3366	0
3367	0
3368	3
3369	1
3370	1
3371	0
3372	0
3373	1
3374	0
3375	1
3376	2
3377	1
3378	0
3379	0
3380	2
3381	1
3382	0
3383	1
3384	0
3385	0
3386	2
3387	2
3388	0
3389	0
3390	1
3391	3
3392	1
3393	0
3394	1
3395	0
3396	1
3397	1
3398	0
3399	0
3400	0
3401	1
3402	0
3403	3
3404	4
3405	1
3406	2
3407	0
3408	1
3409	0
3410	1
3411	0
3412	1
3413	1
3414	0
3415	0
3416	0
3417	3
3418	0
3419	0
3420	2
3421	0
3422	0
3423	0
3424	3
3425	0
3426	2
3427	0
3428	1
3429	1
3430	0
3431	1
3432	0
3433	0
3434	0
3435	1
3436	1
3437	2
3438	0
3439	0
3440	0
3441	0
3442	0
3443	0
3444	0
3445	0
3446	0
3447	0
3448	1
3449	2
3450	0
3451	1
3452	0
3453	0
3454	1
3455	1
3456	0
3457	0
3458	0
3459	2
3460	1
3461	0
3462	0
3463	0
3464	0
3465	1
3466	0
3467	0
3468	1
3469	1
3470	0
3471	1
3472	0
3473	1
3474	1
3475	0
3476	0
3477	0
3478	0
3479	0
3480	0
3481	3
3482	1
3483	2
3484	0
3485	1
3486	1
3487	1
3488	0
3489	1
3490	0
3491	1
3492	1
3493	0
3494	0
3495	0
3496	2
3497	0
3498	1
3499	0
3500	1
3501	1
3502	0
3503	0
3504	0
3505	0
3506	1
3507	0
3508	0
3509	0
3510	0
3511	0
3512	0
3513	0
3514	0
3515	0
3516	0
3517	1
3518	0
3519	0
3520	1
3521	0
3522	0
3523	0
3524	0
3525	0
3526	0
3527	0
3528	1
3529	0
3530	0
3531	0
3532	0
3533	0
3534	0
3535	0
3536	0
3537	0
3538	0
3539	1
3540	0
3541	0
3542	1
3543	0
3544	1
3545	1
3546	1
3547	0
3548	0
3549	0
3550	0
3551	1
3552	0
3553	0
3554	1
3555	1
3556	0
3557	0
3558	0
3559	0
3560	0
3561	0
3562	0
3563	1
3564	1
3565	0
3566	1
3567	0
3568	0
3569	2
3570	1
3571	0
3572	1
3573	0
3574	0
3575	0
3576	0
3577	0
3578	0
3579	0
3580	0
3581	0
3582	0
3583	0
3584	0
3585	0
3586	1
3587	0
3588	0
3589	0
3590	0
3591	1
3592	0
3593	0
3594	0
3595	0
3596	0
3597	0
3598	0
3599	1
3600	1
3601	1
3602	0
3603	0
3604	0
3605	0
3606	0
3607	0
3608	0
3609	0
3610	0
3611	1
3612	0
3613	0
3614	0
3615	0
3616	1
3617	0
3618	0
3619	0
3620	0
3621	0
3622	0
3623	0
3624	0
3625	0
3626	0
3627	0
3628	0
3629	0
3630	0
3631	0
3632	0
3633	0
3634	0
3635	0
3636	0
3637	1
3638	0
3639	0
3640	0
3641	0
3642	0
3643	0
3644	0
3645	0
3646	0
3647	0
3648	0
3649	0
3650	0
3651	1
3652	0
3653	0
3654	0
3655	0
3656	0
3657	0
3658	1
3659	0
3660	0
3661	0
3662	0
3663	0
3664	0
3665	1
3666	0
3667	0
3668	0
3669	0
3670	0
3671	0
3672	0
3673	0
3674	0
3675	0
3676	1
3677	0
3678	0
3679	0
3680	0
3681	1
3682	0
3683	0
3684	0
3685	0
3686	0
3687	0
3688	0
3689	0
3690	0
3691	0
3692	0
3693	1
3694	0
3695	0
3696	0
3697	0
3698	0
3699	0
3700	0
3701	0
3702	0
3703	0
3704	0
3705	0
3706	0
3707	0
3708	0
3709	0
3710	0
3711	0
3712	0
3713	0
3714	0
3715	0
3716	0
3717	0
3718	0
3719	0
3720	0
3721	0
3722	0
3723	0
3724	0
3725	0
3726	0
3727	0
3728	0
3729	0
3730	0
3731	0
3732	0
3733	1
3734	0
3735	0
3736	0
3737	0
3738	0
3739	0
3740	0
3741	0
3742	0
3743	0
3744	0
3745	0
3746	2
3747	0
3748	0
3749	0
3750	0
3751	0
3752	0
3753	0
3754	0
3755	0
3756	0
3757	0
3758	0
3759	0
3760	0
3761	0
3762	0
3763	0
3764	0
3765	0
3766	0
3767	0
3768	0
3769	0
3770	0
3771	0
3772	0
3773	0
3774	0
3775	0
3776	0
3777	0
3778	0
3779	0
3780	0
3781	0
3782	0
3783	0
3784	0
3785	0
3786	0
3787	0
3788	0
3789	0
3790	0
3791	0
3792	0
3793	0
3794	0
3795	0
3796	0
3797	0
3798	0
3799	0
3800	0
3801	0
3802	0
3803	0
3804	0
3805	0
3806	0
3807	0
3808	0
3809	0
3810	1
3811	0
3812	0
3813	0
3814	0
3815	0
3816	0
3817	0
3818	0
3819	0
3820	0
3821	0
3822	0
3823	0
3824	0
3825	0
3826	0
3827	0
3828	0
3829	0
3830	0
3831	0
3832	0
3833	0
3834	0
3835	0
3836	0
3837	0
3838	0
3839	0
3840	0
3841	0
3842	0
3843	0
3844	1
3845	0
3846	0
3847	0
3848	0
3849	0
3850	0
3851	0
3852	0
3853	0
3854	0
3855	0
3856	0
3857	0
3858	0
3859	0
3860	0
3861	0
3862	0
3863	0
3864	0
3865	0
3866	0
3867	0
3868	0
3869	0
3870	0
3871	0
3872	0
3873	0
3874	0
3875	1
3876	0
3877	0
3878	0
3879	0
3880	0
3881	0
3882	0
3883	0
3884	0
3885	0
3886	0
3887	0
3888	0
3889	0
3890	0
3891	0
3892	0
3893	0
3894	0
3895	0
3896	0
3897	0
3898	0
3899	0
3900	1
3901	0
3902	0
3903	0
3904	0
3905	0
3906	0
3907	0
3908	0
3909	0
3910	0
3911	0
3912	0
3913	0
3914	0
3915	0
3916	0
3917	0
3918	0
3919	0
3920	0
3921	0
3922	0
3923	0
3924	0
3925	0
3926	0
3927	0
3928	0
3929	0
3930	0
3931	0
3932	0
3933	0
3934	1
3935	0
3936	0
3937	0
3938	0
3939	0
3940	0
3941	0
3942	0
3943	0
3944	0
3945	0
3946	0
3947	0
3948	0
3949	0
3950	0
3951	0
3952	0
3953	0
3954	0
3955	1
3956	0
3957	0
3958	0
3959	0
3960	0
3961	0
3962	0
3963	0
3964	0
3965	0
3966	0
3967	0
3968	0
3969	0
3970	0
3971	0
3972	0
3973	0
3974	0
3975	0
3976	0
3977	0
3978	0
3979	0
3980	0
3981	0
3982	0
3983	0
3984	0
3985	0
3986	0
3987	0
3988	0
3989	0
3990	0
3991	0
3992	0
3993	0
3994	0
3995	0
3996	0
3997	0
3998	0
3999	0
4000	0
