Channel number	Impulses
Channel/#	Impulses/#

0	0
1	0
2	0
3	0
4	0
5	0
6	0
7	0
8	0
9	0
10	0
11	0
12	0
13	0
14	0
15	0
16	0
17	0
18	0
19	0
20	0
21	0
22	0
23	0
24	0
25	0
26	0
27	0
28	0
29	0
30	0
31	0
32	0
33	0
34	0
35	0
36	0
37	0
38	0
39	0
40	0
41	0
42	0
43	0
44	0
45	0
46	0
47	1
48	0
49	0
50	0
51	0
52	0
53	0
54	2
55	1
56	2
57	2
58	6
59	5
60	4
61	8
62	4
63	11
64	1
65	4
66	4
67	4
68	5
69	4
70	1
71	1
72	3
73	8
74	3
75	6
76	2
77	4
78	3
79	4
80	2
81	7
82	5
83	12
84	2
85	1
86	6
87	3
88	2
89	7
90	5
91	7
92	3
93	3
94	6
95	5
96	1
97	9
98	0
99	2
100	2
101	4
102	1
103	3
104	5
105	2
106	7
107	4
108	5
109	2
110	5
111	6
112	7
113	5
114	4
115	2
116	4
117	3
118	3
119	4
120	3
121	7
122	3
123	3
124	4
125	6
126	0
127	9
128	3
129	5
130	6
131	6
132	5
133	7
134	4
135	5
136	2
137	3
138	3
139	2
140	2
141	6
142	5
143	2
144	0
145	2
146	2
147	5
148	2
149	0
150	2
151	5
152	4
153	5
154	4
155	3
156	2
157	2
158	0
159	2
160	4
161	8
162	4
163	4
164	8
165	5
166	5
167	1
168	4
169	7
170	3
171	8
172	7
173	4
174	5
175	3
176	6
177	7
178	4
179	6
180	3
181	8
182	5
183	7
184	4
185	5
186	6
187	4
188	6
189	5
190	6
191	7
192	1
193	6
194	4
195	5
196	4
197	6
198	6
199	7
200	0
201	8
202	3
203	8
204	7
205	1
206	1
207	10
208	5
209	9
210	6
211	5
212	3
213	6
214	6
215	5
216	3
217	6
218	5
219	11
220	5
221	5
222	5
223	6
224	1
225	9
226	4
227	7
228	6
229	8
230	8
231	10
232	8
233	3
234	7
235	5
236	4
237	9
238	7
239	9
240	4
241	9
242	7
243	7
244	9
245	6
246	6
247	9
248	5
249	8
250	7
251	6
252	8
253	3
254	6
255	10
256	4
257	5
258	6
259	10
260	5
261	3
262	8
263	4
264	3
265	6
266	1
267	5
268	5
269	3
270	3
271	5
272	6
273	6
274	4
275	6
276	2
277	5
278	7
279	3
280	4
281	3
282	6
283	9
284	2
285	4
286	5
287	3
288	4
289	4
290	1
291	6
292	4
293	1
294	6
295	9
296	1
297	7
298	5
299	4
300	5
301	5
302	2
303	4
304	1
305	2
306	5
307	6
308	5
309	2
310	1
311	1
312	0
313	4
314	3
315	3
316	1
317	4
318	4
319	7
320	3
321	3
322	3
323	10
324	1
325	3
326	3
327	3
328	6
329	4
330	4
331	7
332	1
333	3
334	7
335	6
336	6
337	1
338	5
339	6
340	2
341	7
342	9
343	3
344	7
345	3
346	3
347	5
348	4
349	2
350	2
351	9
352	4
353	0
354	6
355	13
356	5
357	5
358	5
359	5
360	4
361	5
362	2
363	2
364	12
365	6
366	8
367	3
368	7
369	6
370	2
371	1
372	7
373	1
374	4
375	4
376	6
377	2
378	2
379	7
380	5
381	5
382	7
383	5
384	3
385	6
386	3
387	5
388	7
389	2
390	0
391	5
392	2
393	2
394	7
395	1
396	5
397	4
398	6
399	9
400	6
401	2
402	5
403	8
404	5
405	4
406	9
407	6
408	8
409	6
410	3
411	5
412	4
413	6
414	3
415	5
416	4
417	6
418	5
419	6
420	4
421	3
422	5
423	7
424	4
425	6
426	3
427	5
428	7
429	2
430	4
431	2
432	2
433	8
434	4
435	6
436	8
437	3
438	5
439	3
440	6
441	5
442	3
443	6
444	7
445	2
446	4
447	2
448	1
449	8
450	2
451	6
452	5
453	0
454	4
455	8
456	7
457	4
458	4
459	7
460	5
461	9
462	4
463	4
464	4
465	8
466	6
467	5
468	7
469	7
470	6
471	5
472	5
473	3
474	4
475	5
476	5
477	10
478	7
479	5
480	7
481	7
482	5
483	9
484	8
485	4
486	5
487	6
488	8
489	10
490	6
491	10
492	9
493	4
494	10
495	12
496	10
497	8
498	8
499	8
500	11
501	7
502	9
503	13
504	3
505	11
506	9
507	14
508	19
509	16
510	7
511	21
512	9
513	10
514	22
515	21
516	25
517	12
518	31
519	24
520	28
521	45
522	27
523	47
524	35
525	42
526	38
527	48
528	33
529	63
530	43
531	51
532	67
533	56
534	73
535	80
536	43
537	108
538	63
539	109
540	75
541	93
542	113
543	169
544	83
545	143
546	132
547	159
548	137
549	147
550	174
551	200
552	116
553	198
554	165
555	195
556	201
557	205
558	209
559	245
560	172
561	254
562	245
563	257
564	233
565	240
566	310
567	325
568	203
569	332
570	257
571	344
572	270
573	318
574	329
575	411
576	166
577	291
578	342
579	347
580	323
581	310
582	346
583	311
584	274
585	297
586	307
587	361
588	332
589	327
590	287
591	371
592	225
593	313
594	296
595	327
596	244
597	262
598	283
599	254
600	217
601	263
602	219
603	271
604	213
605	223
606	199
607	305
608	133
609	182
610	184
611	170
612	176
613	155
614	190
615	158
616	128
617	164
618	136
619	150
620	148
621	118
622	119
623	111
624	90
625	111
626	100
627	126
628	89
629	80
630	82
631	84
632	58
633	91
634	68
635	81
636	82
637	60
638	70
639	112
640	28
641	62
642	73
643	78
644	76
645	74
646	85
647	73
648	66
649	74
650	60
651	64
652	59
653	57
654	66
655	58
656	57
657	60
658	65
659	82
660	48
661	49
662	66
663	63
664	60
665	60
666	46
667	62
668	57
669	57
670	52
671	82
672	26
673	53
674	44
675	46
676	55
677	43
678	46
679	52
680	39
681	39
682	35
683	43
684	40
685	52
686	30
687	32
688	37
689	31
690	24
691	29
692	25
693	29
694	37
695	18
696	20
697	21
698	16
699	21
700	23
701	13
702	16
703	13
704	10
705	16
706	18
707	14
708	9
709	14
710	12
711	7
712	10
713	9
714	8
715	7
716	8
717	2
718	6
719	3
720	7
721	4
722	5
723	3
724	1
725	8
726	5
727	5
728	6
729	2
730	1
731	3
732	2
733	2
734	1
735	3
736	3
737	1
738	3
739	1
740	5
741	5
742	4
743	1
744	0
745	3
746	1
747	3
748	1
749	2
750	4
751	3
752	2
753	3
754	2
755	2
756	3
757	4
758	4
759	2
760	2
761	3
762	2
763	8
764	5
765	2
766	3
767	2
768	1
769	2
770	1
771	3
772	1
773	2
774	6
775	6
776	2
777	6
778	6
779	3
780	1
781	2
782	2
783	5
784	1
785	1
786	2
787	1
788	1
789	1
790	1
791	3
792	3
793	3
794	1
795	6
796	3
797	4
798	4
799	3
800	2
801	4
802	4
803	6
804	2
805	1
806	2
807	3
808	4
809	2
810	4
811	4
812	1
813	5
814	6
815	0
816	5
817	4
818	4
819	7
820	4
821	5
822	3
823	9
824	4
825	5
826	2
827	5
828	2
829	2
830	4
831	6
832	1
833	3
834	1
835	7
836	2
837	4
838	6
839	2
840	6
841	8
842	3
843	5
844	6
845	6
846	2
847	2
848	1
849	3
850	3
851	5
852	5
853	8
854	2
855	2
856	4
857	2
858	2
859	4
860	5
861	1
862	2
863	2
864	2
865	2
866	3
867	0
868	7
869	5
870	3
871	4
872	1
873	7
874	4
875	1
876	0
877	1
878	5
879	4
880	2
881	4
882	2
883	5
884	1
885	1
886	5
887	2
888	0
889	2
890	1
891	7
892	2
893	2
894	4
895	5
896	2
897	4
898	3
899	5
900	3
901	1
902	4
903	1
904	2
905	2
906	1
907	3
908	3
909	1
910	1
911	0
912	5
913	2
914	3
915	2
916	3
917	2
918	5
919	2
920	4
921	2
922	1
923	3
924	0
925	4
926	6
927	5
928	2
929	0
930	3
931	1
932	3
933	2
934	2
935	2
936	0
937	2
938	3
939	2
940	5
941	1
942	2
943	2
944	1
945	4
946	3
947	8
948	5
949	3
950	3
951	6
952	3
953	5
954	3
955	4
956	2
957	3
958	3
959	2
960	4
961	3
962	1
963	2
964	3
965	2
966	3
967	5
968	0
969	3
970	1
971	2
972	3
973	1
974	2
975	2
976	3
977	3
978	3
979	3
980	2
981	2
982	6
983	1
984	0
985	4
986	1
987	5
988	5
989	4
990	3
991	2
992	3
993	2
994	2
995	2
996	2
997	7
998	4
999	2
1000	0
1001	2
1002	1
1003	2
1004	3
1005	1
1006	1
1007	0
1008	2
1009	2
1010	4
1011	3
1012	1
1013	5
1014	2
1015	3
1016	0
1017	4
1018	6
1019	0
1020	0
1021	1
1022	2
1023	3
1024	3
1025	2
1026	4
1027	3
1028	3
1029	5
1030	2
1031	2
1032	5
1033	3
1034	2
1035	5
1036	0
1037	3
1038	2
1039	2
1040	3
1041	3
1042	2
1043	1
1044	3
1045	5
1046	0
1047	2
1048	2
1049	3
1050	0
1051	0
1052	3
1053	0
1054	2
1055	5
1056	2
1057	3
1058	2
1059	2
1060	2
1061	2
1062	2
1063	0
1064	3
1065	2
1066	1
1067	1
1068	5
1069	2
1070	4
1071	3
1072	0
1073	3
1074	2
1075	6
1076	4
1077	3
1078	3
1079	4
1080	0
1081	2
1082	2
1083	3
1084	3
1085	2
1086	0
1087	2
1088	5
1089	0
1090	1
1091	3
1092	2
1093	2
1094	1
1095	6
1096	1
1097	2
1098	2
1099	3
1100	2
1101	0
1102	3
1103	6
1104	2
1105	1
1106	2
1107	4
1108	3
1109	4
1110	3
1111	0
1112	0
1113	5
1114	3
1115	3
1116	0
1117	1
1118	0
1119	3
1120	1
1121	1
1122	1
1123	3
1124	3
1125	2
1126	4
1127	2
1128	4
1129	2
1130	2
1131	2
1132	2
1133	2
1134	1
1135	3
1136	2
1137	1
1138	2
1139	7
1140	6
1141	1
1142	3
1143	3
1144	1
1145	1
1146	2
1147	3
1148	1
1149	2
1150	4
1151	2
1152	1
1153	2
1154	3
1155	1
1156	3
1157	1
1158	2
1159	1
1160	4
1161	3
1162	1
1163	3
1164	3
1165	3
1166	4
1167	2
1168	4
1169	2
1170	3
1171	4
1172	3
1173	3
1174	3
1175	1
1176	3
1177	2
1178	3
1179	0
1180	2
1181	3
1182	3
1183	5
1184	1
1185	3
1186	2
1187	1
1188	3
1189	2
1190	3
1191	6
1192	3
1193	6
1194	3
1195	3
1196	4
1197	5
1198	6
1199	4
1200	4
1201	0
1202	3
1203	2
1204	3
1205	1
1206	0
1207	5
1208	3
1209	3
1210	4
1211	5
1212	3
1213	3
1214	5
1215	2
1216	0
1217	1
1218	1
1219	5
1220	2
1221	1
1222	2
1223	2
1224	1
1225	3
1226	1
1227	2
1228	4
1229	2
1230	1
1231	7
1232	2
1233	4
1234	3
1235	5
1236	1
1237	3
1238	3
1239	1
1240	1
1241	3
1242	3
1243	2
1244	3
1245	6
1246	2
1247	4
1248	1
1249	1
1250	5
1251	2
1252	3
1253	3
1254	3
1255	4
1256	0
1257	6
1258	2
1259	1
1260	6
1261	2
1262	2
1263	4
1264	3
1265	6
1266	2
1267	4
1268	4
1269	1
1270	5
1271	2
1272	2
1273	2
1274	2
1275	1
1276	2
1277	3
1278	6
1279	5
1280	1
1281	3
1282	6
1283	1
1284	2
1285	2
1286	5
1287	4
1288	4
1289	6
1290	5
1291	2
1292	4
1293	1
1294	2
1295	3
1296	1
1297	2
1298	2
1299	5
1300	3
1301	2
1302	2
1303	4
1304	5
1305	4
1306	1
1307	3
1308	4
1309	1
1310	4
1311	4
1312	4
1313	3
1314	5
1315	3
1316	5
1317	3
1318	5
1319	3
1320	2
1321	6
1322	3
1323	0
1324	0
1325	4
1326	2
1327	2
1328	3
1329	4
1330	7
1331	2
1332	5
1333	1
1334	3
1335	0
1336	5
1337	4
1338	4
1339	5
1340	2
1341	0
1342	5
1343	5
1344	5
1345	3
1346	8
1347	3
1348	6
1349	5
1350	5
1351	3
1352	2
1353	4
1354	5
1355	3
1356	5
1357	5
1358	9
1359	3
1360	1
1361	4
1362	5
1363	7
1364	3
1365	8
1366	4
1367	6
1368	6
1369	5
1370	6
1371	4
1372	4
1373	6
1374	7
1375	7
1376	3
1377	3
1378	5
1379	4
1380	5
1381	2
1382	4
1383	6
1384	2
1385	2
1386	3
1387	3
1388	6
1389	3
1390	5
1391	7
1392	5
1393	6
1394	5
1395	6
1396	3
1397	3
1398	6
1399	6
1400	6
1401	2
1402	2
1403	6
1404	8
1405	6
1406	4
1407	8
1408	3
1409	6
1410	4
1411	4
1412	8
1413	4
1414	7
1415	7
1416	5
1417	9
1418	10
1419	2
1420	5
1421	4
1422	8
1423	8
1424	9
1425	7
1426	6
1427	8
1428	8
1429	9
1430	12
1431	14
1432	10
1433	8
1434	10
1435	10
1436	7
1437	12
1438	9
1439	25
1440	14
1441	13
1442	12
1443	14
1444	14
1445	13
1446	26
1447	17
1448	26
1449	22
1450	13
1451	23
1452	23
1453	16
1454	24
1455	31
1456	32
1457	24
1458	31
1459	41
1460	27
1461	45
1462	49
1463	60
1464	40
1465	67
1466	46
1467	58
1468	45
1469	50
1470	54
1471	72
1472	43
1473	68
1474	68
1475	64
1476	99
1477	65
1478	87
1479	69
1480	76
1481	99
1482	74
1483	95
1484	99
1485	81
1486	109
1487	102
1488	80
1489	101
1490	98
1491	111
1492	113
1493	84
1494	146
1495	108
1496	117
1497	126
1498	107
1499	138
1500	118
1501	128
1502	121
1503	188
1504	97
1505	133
1506	151
1507	121
1508	150
1509	121
1510	135
1511	121
1512	131
1513	138
1514	104
1515	131
1516	141
1517	127
1518	138
1519	140
1520	87
1521	116
1522	131
1523	119
1524	110
1525	95
1526	137
1527	124
1528	72
1529	101
1530	81
1531	90
1532	108
1533	81
1534	84
1535	92
1536	50
1537	67
1538	58
1539	83
1540	66
1541	63
1542	80
1543	67
1544	41
1545	77
1546	34
1547	37
1548	47
1549	63
1550	45
1551	34
1552	30
1553	38
1554	39
1555	29
1556	27
1557	20
1558	36
1559	29
1560	22
1561	26
1562	14
1563	30
1564	12
1565	18
1566	19
1567	20
1568	8
1569	13
1570	12
1571	10
1572	20
1573	9
1574	12
1575	8
1576	3
1577	13
1578	10
1579	10
1580	5
1581	10
1582	5
1583	6
1584	3
1585	6
1586	4
1587	3
1588	3
1589	8
1590	1
1591	6
1592	2
1593	4
1594	2
1595	2
1596	2
1597	6
1598	3
1599	3
1600	1
1601	2
1602	2
1603	2
1604	6
1605	2
1606	5
1607	3
1608	4
1609	4
1610	5
1611	2
1612	2
1613	3
1614	1
1615	3
1616	0
1617	3
1618	2
1619	3
1620	2
1621	1
1622	6
1623	2
1624	4
1625	1
1626	2
1627	3
1628	1
1629	5
1630	4
1631	6
1632	4
1633	4
1634	3
1635	4
1636	6
1637	5
1638	5
1639	2
1640	2
1641	4
1642	7
1643	1
1644	7
1645	6
1646	4
1647	5
1648	4
1649	2
1650	4
1651	7
1652	7
1653	2
1654	10
1655	9
1656	6
1657	6
1658	4
1659	5
1660	12
1661	5
1662	5
1663	10
1664	6
1665	8
1666	6
1667	8
1668	11
1669	6
1670	15
1671	4
1672	10
1673	11
1674	4
1675	14
1676	7
1677	9
1678	10
1679	5
1680	8
1681	17
1682	20
1683	17
1684	15
1685	17
1686	26
1687	11
1688	14
1689	23
1690	17
1691	26
1692	25
1693	20
1694	21
1695	34
1696	16
1697	13
1698	18
1699	29
1700	21
1701	14
1702	29
1703	29
1704	25
1705	27
1706	22
1707	29
1708	27
1709	28
1710	22
1711	24
1712	18
1713	30
1714	15
1715	40
1716	25
1717	29
1718	34
1719	22
1720	18
1721	18
1722	26
1723	24
1724	24
1725	22
1726	30
1727	23
1728	20
1729	23
1730	21
1731	28
1732	13
1733	12
1734	30
1735	24
1736	21
1737	23
1738	13
1739	16
1740	15
1741	15
1742	18
1743	10
1744	8
1745	10
1746	15
1747	21
1748	10
1749	8
1750	14
1751	9
1752	8
1753	12
1754	7
1755	7
1756	6
1757	12
1758	7
1759	11
1760	7
1761	6
1762	8
1763	9
1764	7
1765	5
1766	5
1767	2
1768	5
1769	6
1770	6
1771	3
1772	5
1773	5
1774	6
1775	3
1776	5
1777	7
1778	1
1779	3
1780	3
1781	3
1782	7
1783	3
1784	3
1785	5
1786	7
1787	2
1788	6
1789	5
1790	6
1791	5
1792	3
1793	5
1794	7
1795	3
1796	5
1797	3
1798	3
1799	3
1800	4
1801	9
1802	3
1803	6
1804	3
1805	2
1806	9
1807	4
1808	1
1809	5
1810	8
1811	5
1812	5
1813	2
1814	3
1815	6
1816	8
1817	2
1818	2
1819	7
1820	3
1821	1
1822	5
1823	5
1824	9
1825	5
1826	7
1827	5
1828	3
1829	2
1830	3
1831	4
1832	3
1833	9
1834	5
1835	6
1836	4
1837	1
1838	9
1839	7
1840	5
1841	5
1842	6
1843	4
1844	3
1845	3
1846	7
1847	8
1848	3
1849	5
1850	5
1851	10
1852	6
1853	7
1854	12
1855	11
1856	4
1857	7
1858	6
1859	9
1860	13
1861	1
1862	6
1863	5
1864	9
1865	4
1866	6
1867	6
1868	6
1869	1
1870	4
1871	6
1872	1
1873	7
1874	3
1875	4
1876	8
1877	1
1878	9
1879	6
1880	3
1881	8
1882	6
1883	7
1884	6
1885	7
1886	6
1887	5
1888	9
1889	11
1890	10
1891	3
1892	16
1893	6
1894	10
1895	8
1896	7
1897	8
1898	1
1899	4
1900	7
1901	7
1902	5
1903	10
1904	9
1905	7
1906	11
1907	5
1908	4
1909	4
1910	7
1911	4
1912	7
1913	10
1914	3
1915	3
1916	5
1917	3
1918	4
1919	4
1920	4
1921	5
1922	9
1923	4
1924	8
1925	5
1926	4
1927	6
1928	9
1929	4
1930	3
1931	1
1932	7
1933	3
1934	4
1935	0
1936	5
1937	4
1938	3
1939	4
1940	1
1941	4
1942	5
1943	2
1944	3
1945	3
1946	4
1947	2
1948	2
1949	2
1950	0
1951	4
1952	1
1953	1
1954	1
1955	1
1956	2
1957	0
1958	2
1959	0
1960	4
1961	2
1962	0
1963	2
1964	0
1965	1
1966	4
1967	2
1968	3
1969	2
1970	1
1971	1
1972	2
1973	2
1974	2
1975	2
1976	2
1977	1
1978	0
1979	1
1980	0
1981	2
1982	2
1983	2
1984	1
1985	2
1986	0
1987	0
1988	2
1989	0
1990	2
1991	1
1992	3
1993	1
1994	1
1995	0
1996	0
1997	1
1998	0
1999	0
2000	4
2001	0
2002	1
2003	0
2004	1
2005	1
2006	2
2007	0
2008	0
2009	0
2010	1
2011	1
2012	3
2013	0
2014	0
2015	1
2016	2
2017	1
2018	2
2019	1
2020	4
2021	1
2022	2
2023	2
2024	2
2025	2
2026	2
2027	3
2028	0
2029	2
2030	2
2031	1
2032	1
2033	0
2034	1
2035	1
2036	4
2037	1
2038	2
2039	0
2040	3
2041	1
2042	0
2043	0
2044	0
2045	1
2046	2
2047	2
2048	0
2049	0
2050	1
2051	1
2052	1
2053	2
2054	2
2055	3
2056	2
2057	0
2058	1
2059	3
2060	4
2061	2
2062	3
2063	1
2064	1
2065	4
2066	1
2067	2
2068	5
2069	1
2070	3
2071	0
2072	1
2073	5
2074	3
2075	2
2076	1
2077	1
2078	2
2079	1
2080	1
2081	3
2082	2
2083	3
2084	1
2085	1
2086	2
2087	0
2088	0
2089	0
2090	1
2091	1
2092	1
2093	2
2094	1
2095	3
2096	1
2097	2
2098	0
2099	4
2100	1
2101	0
2102	1
2103	0
2104	0
2105	3
2106	2
2107	3
2108	0
2109	1
2110	1
2111	0
2112	2
2113	1
2114	2
2115	2
2116	4
2117	1
2118	0
2119	0
2120	0
2121	2
2122	2
2123	2
2124	1
2125	1
2126	0
2127	3
2128	1
2129	0
2130	2
2131	1
2132	5
2133	0
2134	2
2135	1
2136	1
2137	6
2138	2
2139	0
2140	1
2141	1
2142	2
2143	1
2144	3
2145	2
2146	1
2147	3
2148	1
2149	2
2150	1
2151	1
2152	1
2153	2
2154	1
2155	1
2156	3
2157	1
2158	2
2159	1
2160	2
2161	1
2162	3
2163	4
2164	2
2165	2
2166	2
2167	3
2168	2
2169	0
2170	2
2171	4
2172	2
2173	3
2174	4
2175	2
2176	0
2177	3
2178	2
2179	1
2180	0
2181	0
2182	1
2183	0
2184	1
2185	2
2186	0
2187	3
2188	3
2189	3
2190	2
2191	0
2192	1
2193	1
2194	2
2195	1
2196	0
2197	0
2198	2
2199	3
2200	0
2201	2
2202	0
2203	2
2204	2
2205	1
2206	0
2207	1
2208	1
2209	1
2210	0
2211	0
2212	2
2213	2
2214	1
2215	0
2216	2
2217	4
2218	0
2219	2
2220	2
2221	3
2222	3
2223	0
2224	0
2225	0
2226	4
2227	2
2228	0
2229	0
2230	1
2231	0
2232	0
2233	2
2234	1
2235	3
2236	2
2237	3
2238	1
2239	0
2240	1
2241	1
2242	2
2243	1
2244	1
2245	1
2246	1
2247	2
2248	3
2249	1
2250	0
2251	1
2252	0
2253	0
2254	1
2255	0
2256	0
2257	0
2258	0
2259	1
2260	1
2261	0
2262	3
2263	0
2264	1
2265	1
2266	0
2267	1
2268	1
2269	1
2270	2
2271	0
2272	0
2273	0
2274	1
2275	0
2276	2
2277	0
2278	1
2279	0
2280	1
2281	0
2282	0
2283	0
2284	0
2285	2
2286	0
2287	2
2288	1
2289	0
2290	0
2291	0
2292	2
2293	0
2294	0
2295	2
2296	0
2297	1
2298	0
2299	0
2300	1
2301	0
2302	0
2303	1
2304	0
2305	0
2306	1
2307	1
2308	2
2309	0
2310	1
2311	0
2312	2
2313	2
2314	0
2315	1
2316	1
2317	1
2318	0
2319	0
2320	3
2321	0
2322	1
2323	1
2324	0
2325	1
2326	0
2327	2
2328	0
2329	0
2330	0
2331	1
2332	0
2333	0
2334	0
2335	1
2336	0
2337	0
2338	0
2339	0
2340	2
2341	0
2342	1
2343	3
2344	1
2345	0
2346	0
2347	3
2348	0
2349	1
2350	0
2351	2
2352	0
2353	0
2354	0
2355	0
2356	0
2357	0
2358	0
2359	1
2360	0
2361	1
2362	0
2363	0
2364	0
2365	1
2366	0
2367	0
2368	2
2369	0
2370	0
2371	0
2372	2
2373	2
2374	1
2375	0
2376	1
2377	0
2378	0
2379	2
2380	2
2381	0
2382	0
2383	0
2384	0
2385	0
2386	0
2387	1
2388	1
2389	2
2390	1
2391	0
2392	0
2393	1
2394	2
2395	1
2396	0
2397	0
2398	0
2399	0
2400	0
2401	0
2402	2
2403	0
2404	4
2405	1
2406	0
2407	0
2408	1
2409	3
2410	1
2411	2
2412	3
2413	1
2414	1
2415	1
2416	0
2417	2
2418	1
2419	1
2420	0
2421	1
2422	0
2423	1
2424	0
2425	2
2426	0
2427	1
2428	2
2429	1
2430	0
2431	0
2432	0
2433	0
2434	0
2435	2
2436	1
2437	0
2438	0
2439	1
2440	2
2441	0
2442	1
2443	0
2444	2
2445	0
2446	0
2447	0
2448	0
2449	0
2450	0
2451	0
2452	0
2453	1
2454	1
2455	0
2456	0
2457	0
2458	0
2459	1
2460	1
2461	0
2462	0
2463	1
2464	2
2465	1
2466	1
2467	1
2468	0
2469	1
2470	4
2471	0
2472	0
2473	1
2474	0
2475	0
2476	1
2477	0
2478	0
2479	1
2480	2
2481	0
2482	1
2483	1
2484	1
2485	3
2486	1
2487	1
2488	1
2489	0
2490	0
2491	1
2492	1
2493	1
2494	1
2495	0
2496	1
2497	0
2498	1
2499	0
2500	1
2501	0
2502	1
2503	0
2504	0
2505	0
2506	0
2507	0
2508	2
2509	0
2510	2
2511	0
2512	0
2513	0
2514	1
2515	0
2516	0
2517	0
2518	2
2519	0
2520	2
2521	1
2522	1
2523	1
2524	1
2525	1
2526	0
2527	0
2528	0
2529	0
2530	1
2531	1
2532	1
2533	1
2534	1
2535	0
2536	1
2537	1
2538	1
2539	0
2540	1
2541	1
2542	2
2543	0
2544	0
2545	0
2546	1
2547	0
2548	1
2549	0
2550	0
2551	0
2552	0
2553	0
2554	0
2555	0
2556	0
2557	0
2558	1
2559	1
2560	0
2561	1
2562	0
2563	0
2564	1
2565	1
2566	1
2567	1
2568	0
2569	0
2570	1
2571	0
2572	0
2573	1
2574	1
2575	1
2576	0
2577	0
2578	0
2579	0
2580	1
2581	0
2582	0
2583	1
2584	0
2585	0
2586	0
2587	2
2588	0
2589	0
2590	0
2591	2
2592	0
2593	1
2594	0
2595	0
2596	1
2597	2
2598	0
2599	1
2600	0
2601	0
2602	0
2603	0
2604	0
2605	0
2606	1
2607	0
2608	0
2609	0
2610	0
2611	0
2612	0
2613	0
2614	0
2615	1
2616	0
2617	0
2618	0
2619	2
2620	0
2621	0
2622	2
2623	1
2624	2
2625	1
2626	0
2627	0
2628	1
2629	1
2630	1
2631	0
2632	0
2633	1
2634	2
2635	0
2636	0
2637	1
2638	1
2639	0
2640	0
2641	0
2642	1
2643	0
2644	0
2645	1
2646	0
2647	1
2648	0
2649	0
2650	0
2651	0
2652	0
2653	2
2654	0
2655	1
2656	2
2657	0
2658	0
2659	1
2660	1
2661	0
2662	0
2663	0
2664	0
2665	0
2666	1
2667	0
2668	1
2669	1
2670	1
2671	1
2672	0
2673	1
2674	2
2675	0
2676	0
2677	0
2678	0
2679	2
2680	0
2681	1
2682	2
2683	0
2684	0
2685	0
2686	1
2687	0
2688	1
2689	2
2690	1
2691	0
2692	0
2693	1
2694	1
2695	1
2696	1
2697	1
2698	1
2699	2
2700	0
2701	0
2702	0
2703	0
2704	1
2705	1
2706	1
2707	1
2708	0
2709	0
2710	2
2711	0
2712	0
2713	0
2714	0
2715	0
2716	0
2717	0
2718	0
2719	1
2720	0
2721	0
2722	0
2723	1
2724	0
2725	0
2726	1
2727	0
2728	0
2729	1
2730	0
2731	0
2732	0
2733	0
2734	0
2735	2
2736	0
2737	0
2738	1
2739	0
2740	1
2741	1
2742	0
2743	0
2744	1
2745	0
2746	1
2747	0
2748	0
2749	0
2750	0
2751	1
2752	0
2753	0
2754	1
2755	0
2756	0
2757	0
2758	2
2759	0
2760	0
2761	0
2762	1
2763	1
2764	0
2765	1
2766	0
2767	0
2768	1
2769	0
2770	0
2771	0
2772	0
2773	0
2774	0
2775	0
2776	1
2777	1
2778	0
2779	2
2780	2
2781	0
2782	1
2783	0
2784	0
2785	0
2786	0
2787	2
2788	2
2789	0
2790	1
2791	0
2792	0
2793	0
2794	0
2795	2
2796	0
2797	0
2798	0
2799	1
2800	0
2801	1
2802	0
2803	0
2804	0
2805	1
2806	1
2807	0
2808	0
2809	1
2810	0
2811	0
2812	0
2813	0
2814	1
2815	0
2816	1
2817	0
2818	0
2819	0
2820	0
2821	0
2822	0
2823	0
2824	0
2825	0
2826	0
2827	0
2828	1
2829	1
2830	0
2831	0
2832	0
2833	0
2834	0
2835	1
2836	1
2837	0
2838	2
2839	1
2840	0
2841	0
2842	1
2843	0
2844	2
2845	1
2846	0
2847	1
2848	0
2849	0
2850	0
2851	0
2852	0
2853	1
2854	0
2855	0
2856	0
2857	0
2858	1
2859	0
2860	1
2861	1
2862	0
2863	0
2864	0
2865	0
2866	1
2867	0
2868	0
2869	0
2870	0
2871	1
2872	2
2873	1
2874	0
2875	0
2876	1
2877	0
2878	0
2879	1
2880	0
2881	0
2882	0
2883	0
2884	1
2885	1
2886	0
2887	0
2888	2
2889	0
2890	0
2891	0
2892	0
2893	0
2894	0
2895	2
2896	0
2897	0
2898	0
2899	1
2900	0
2901	0
2902	0
2903	0
2904	0
2905	0
2906	0
2907	2
2908	1
2909	1
2910	0
2911	0
2912	0
2913	0
2914	0
2915	2
2916	2
2917	0
2918	1
2919	0
2920	0
2921	0
2922	0
2923	1
2924	0
2925	0
2926	0
2927	0
2928	1
2929	0
2930	0
2931	0
2932	0
2933	0
2934	2
2935	0
2936	0
2937	0
2938	1
2939	1
2940	0
2941	0
2942	1
2943	0
2944	0
2945	0
2946	1
2947	0
2948	0
2949	3
2950	0
2951	0
2952	0
2953	0
2954	1
2955	0
2956	0
2957	0
2958	1
2959	0
2960	1
2961	2
2962	1
2963	0
2964	0
2965	0
2966	0
2967	0
2968	0
2969	0
2970	0
2971	0
2972	0
2973	0
2974	0
2975	2
2976	0
2977	1
2978	1
2979	0
2980	1
2981	1
2982	1
2983	2
2984	0
2985	0
2986	0
2987	0
2988	0
2989	0
2990	1
2991	1
2992	0
2993	0
2994	1
2995	0
2996	0
2997	0
2998	0
2999	0
3000	0
3001	0
3002	2
3003	0
3004	0
3005	0
3006	0
3007	0
3008	0
3009	0
3010	0
3011	0
3012	0
3013	1
3014	0
3015	0
3016	0
3017	1
3018	0
3019	0
3020	2
3021	0
3022	1
3023	0
3024	1
3025	0
3026	0
3027	1
3028	0
3029	0
3030	0
3031	0
3032	0
3033	0
3034	1
3035	0
3036	2
3037	1
3038	1
3039	0
3040	1
3041	0
3042	0
3043	0
3044	0
3045	0
3046	2
3047	0
3048	0
3049	0
3050	0
3051	0
3052	1
3053	1
3054	0
3055	2
3056	0
3057	0
3058	0
3059	0
3060	1
3061	0
3062	0
3063	0
3064	0
3065	0
3066	0
3067	2
3068	0
3069	0
3070	0
3071	0
3072	0
3073	0
3074	0
3075	0
3076	0
3077	0
3078	0
3079	0
3080	0
3081	1
3082	0
3083	1
3084	0
3085	0
3086	0
3087	0
3088	0
3089	0
3090	0
3091	2
3092	0
3093	0
3094	0
3095	0
3096	0
3097	0
3098	1
3099	0
3100	0
3101	0
3102	1
3103	1
3104	2
3105	0
3106	0
3107	0
3108	0
3109	0
3110	0
3111	0
3112	0
3113	0
3114	0
3115	1
3116	0
3117	1
3118	0
3119	0
3120	0
3121	0
3122	0
3123	1
3124	0
3125	0
3126	1
3127	0
3128	0
3129	0
3130	2
3131	0
3132	1
3133	1
3134	0
3135	1
3136	0
3137	0
3138	0
3139	0
3140	0
3141	0
3142	0
3143	0
3144	0
3145	0
3146	0
3147	0
3148	0
3149	0
3150	0
3151	0
3152	0
3153	1
3154	0
3155	1
3156	1
3157	0
3158	0
3159	0
3160	0
3161	0
3162	0
3163	0
3164	0
3165	0
3166	0
3167	0
3168	1
3169	0
3170	0
3171	0
3172	0
3173	0
3174	0
3175	0
3176	0
3177	0
3178	0
3179	0
3180	0
3181	0
3182	0
3183	0
3184	0
3185	0
3186	0
3187	0
3188	0
3189	0
3190	0
3191	0
3192	0
3193	0
3194	0
3195	0
3196	1
3197	0
3198	0
3199	0
3200	0
3201	0
3202	0
3203	0
3204	0
3205	1
3206	0
3207	0
3208	0
3209	0
3210	0
3211	0
3212	0
3213	0
3214	0
3215	1
3216	0
3217	0
3218	1
3219	0
3220	0
3221	0
3222	0
3223	0
3224	1
3225	0
3226	1
3227	0
3228	0
3229	0
3230	0
3231	0
3232	0
3233	1
3234	0
3235	0
3236	0
3237	1
3238	0
3239	1
3240	1
3241	0
3242	0
3243	0
3244	2
3245	0
3246	0
3247	0
3248	0
3249	0
3250	1
3251	0
3252	1
3253	0
3254	0
3255	0
3256	0
3257	0
3258	0
3259	0
3260	0
3261	0
3262	0
3263	0
3264	0
3265	0
3266	0
3267	0
3268	0
3269	0
3270	0
3271	1
3272	0
3273	0
3274	0
3275	0
3276	0
3277	0
3278	0
3279	0
3280	0
3281	0
3282	0
3283	1
3284	1
3285	0
3286	0
3287	0
3288	0
3289	0
3290	1
3291	0
3292	0
3293	0
3294	1
3295	0
3296	0
3297	0
3298	0
3299	0
3300	0
3301	0
3302	0
3303	1
3304	1
3305	0
3306	0
3307	0
3308	0
3309	0
3310	0
3311	0
3312	0
3313	0
3314	0
3315	0
3316	0
3317	0
3318	0
3319	0
3320	0
3321	0
3322	0
3323	0
3324	0
3325	0
3326	0
3327	0
3328	0
3329	0
3330	0
3331	3
3332	0
3333	0
3334	0
3335	0
3336	0
3337	0
3338	0
3339	0
3340	0
3341	0
3342	0
3343	0
3344	0
3345	0
3346	0
3347	0
3348	0
3349	0
3350	0
3351	0
3352	0
3353	0
3354	0
3355	0
3356	0
3357	0
3358	0
3359	1
3360	0
3361	0
3362	1
3363	0
3364	0
3365	0
3366	0
3367	0
3368	0
3369	0
3370	1
3371	0
3372	1
3373	0
3374	0
3375	0
3376	1
3377	0
3378	0
3379	0
3380	2
3381	0
3382	0
3383	0
3384	0
3385	0
3386	0
3387	1
3388	0
3389	0
3390	0
3391	0
3392	0
3393	0
3394	0
3395	0
3396	0
3397	0
3398	0
3399	0
3400	1
3401	0
3402	1
3403	0
3404	1
3405	2
3406	2
3407	0
3408	1
3409	0
3410	0
3411	1
3412	0
3413	0
3414	0
3415	0
3416	0
3417	0
3418	0
3419	0
3420	0
3421	0
3422	1
3423	0
3424	1
3425	0
3426	0
3427	0
3428	0
3429	0
3430	0
3431	0
3432	0
3433	0
3434	0
3435	0
3436	0
3437	0
3438	0
3439	0
3440	0
3441	0
3442	0
3443	0
3444	0
3445	0
3446	0
3447	0
3448	0
3449	0
3450	0
3451	0
3452	0
3453	0
3454	0
3455	0
3456	0
3457	0
3458	0
3459	0
3460	0
3461	0
3462	0
3463	0
3464	0
3465	0
3466	0
3467	0
3468	0
3469	0
3470	0
3471	0
3472	0
3473	0
3474	0
3475	0
3476	0
3477	0
3478	0
3479	0
3480	0
3481	0
3482	0
3483	0
3484	0
3485	1
3486	0
3487	0
3488	0
3489	0
3490	0
3491	0
3492	0
3493	0
3494	0
3495	0
3496	0
3497	0
3498	1
3499	0
3500	0
3501	1
3502	0
3503	0
3504	0
3505	0
3506	0
3507	0
3508	1
3509	0
3510	0
3511	0
3512	0
3513	0
3514	0
3515	0
3516	0
3517	0
3518	1
3519	0
3520	0
3521	0
3522	0
3523	1
3524	0
3525	0
3526	0
3527	0
3528	0
3529	0
3530	0
3531	0
3532	0
3533	0
3534	0
3535	0
3536	0
3537	0
3538	0
3539	1
3540	0
3541	0
3542	0
3543	0
3544	1
3545	0
3546	0
3547	0
3548	0
3549	0
3550	0
3551	0
3552	0
3553	0
3554	0
3555	0
3556	1
3557	0
3558	0
3559	0
3560	0
3561	0
3562	0
3563	0
3564	0
3565	0
3566	0
3567	0
3568	0
3569	0
3570	0
3571	0
3572	0
3573	0
3574	0
3575	0
3576	0
3577	0
3578	0
3579	0
3580	0
3581	0
3582	0
3583	0
3584	0
3585	0
3586	0
3587	0
3588	0
3589	0
3590	0
3591	0
3592	0
3593	0
3594	0
3595	0
3596	0
3597	0
3598	0
3599	0
3600	0
3601	0
3602	0
3603	0
3604	0
3605	0
3606	0
3607	0
3608	0
3609	0
3610	0
3611	0
3612	0
3613	0
3614	0
3615	0
3616	0
3617	0
3618	0
3619	0
3620	0
3621	0
3622	0
3623	0
3624	0
3625	0
3626	0
3627	0
3628	1
3629	0
3630	0
3631	0
3632	0
3633	0
3634	0
3635	0
3636	0
3637	0
3638	0
3639	0
3640	0
3641	0
3642	0
3643	0
3644	0
3645	0
3646	0
3647	0
3648	1
3649	0
3650	0
3651	0
3652	0
3653	0
3654	0
3655	0
3656	0
3657	0
3658	0
3659	0
3660	0
3661	0
3662	0
3663	0
3664	0
3665	0
3666	0
3667	0
3668	0
3669	0
3670	0
3671	0
3672	0
3673	0
3674	0
3675	0
3676	0
3677	0
3678	0
3679	0
3680	0
3681	0
3682	0
3683	0
3684	0
3685	0
3686	0
3687	0
3688	0
3689	0
3690	0
3691	1
3692	0
3693	0
3694	0
3695	0
3696	0
3697	0
3698	0
3699	0
3700	0
3701	0
3702	0
3703	0
3704	0
3705	0
3706	0
3707	0
3708	0
3709	1
3710	0
3711	0
3712	0
3713	0
3714	0
3715	0
3716	0
3717	0
3718	0
3719	0
3720	0
3721	0
3722	0
3723	0
3724	0
3725	0
3726	0
3727	0
3728	0
3729	0
3730	0
3731	0
3732	0
3733	0
3734	0
3735	0
3736	0
3737	0
3738	0
3739	0
3740	0
3741	0
3742	0
3743	0
3744	0
3745	0
3746	0
3747	0
3748	0
3749	0
3750	0
3751	0
3752	1
3753	0
3754	0
3755	0
3756	0
3757	0
3758	0
3759	0
3760	0
3761	0
3762	0
3763	0
3764	0
3765	0
3766	0
3767	0
3768	0
3769	0
3770	0
3771	0
3772	0
3773	0
3774	0
3775	0
3776	0
3777	0
3778	0
3779	0
3780	0
3781	0
3782	0
3783	0
3784	0
3785	0
3786	0
3787	0
3788	0
3789	0
3790	0
3791	0
3792	0
3793	0
3794	0
3795	0
3796	0
3797	0
3798	0
3799	0
3800	0
3801	0
3802	0
3803	0
3804	0
3805	0
3806	0
3807	0
3808	0
3809	0
3810	0
3811	0
3812	0
3813	0
3814	0
3815	0
3816	0
3817	1
3818	0
3819	0
3820	0
3821	0
3822	0
3823	0
3824	0
3825	0
3826	1
3827	0
3828	0
3829	0
3830	0
3831	0
3832	0
3833	0
3834	0
3835	0
3836	0
3837	0
3838	0
3839	0
3840	0
3841	0
3842	0
3843	0
3844	0
3845	0
3846	0
3847	0
3848	0
3849	0
3850	0
3851	0
3852	0
3853	0
3854	0
3855	0
3856	0
3857	1
3858	0
3859	0
3860	0
3861	0
3862	0
3863	0
3864	0
3865	0
3866	0
3867	0
3868	0
3869	0
3870	0
3871	0
3872	0
3873	0
3874	0
3875	0
3876	0
3877	0
3878	0
3879	0
3880	0
3881	0
3882	0
3883	0
3884	0
3885	0
3886	0
3887	0
3888	0
3889	0
3890	0
3891	0
3892	0
3893	0
3894	0
3895	0
3896	0
3897	0
3898	0
3899	0
3900	0
3901	0
3902	0
3903	0
3904	0
3905	0
3906	0
3907	0
3908	0
3909	0
3910	0
3911	0
3912	0
3913	0
3914	0
3915	0
3916	0
3917	0
3918	0
3919	0
3920	0
3921	0
3922	0
3923	0
3924	0
3925	0
3926	0
3927	0
3928	0
3929	0
3930	0
3931	0
3932	0
3933	0
3934	0
3935	0
3936	0
3937	0
3938	0
3939	0
3940	0
3941	0
3942	0
3943	0
3944	0
3945	0
3946	0
3947	0
3948	0
3949	0
3950	0
3951	0
3952	0
3953	0
3954	0
3955	0
3956	0
3957	0
3958	0
3959	0
3960	0
3961	0
3962	0
3963	0
3964	1
3965	0
3966	0
3967	0
3968	0
3969	0
3970	0
3971	0
3972	0
3973	0
3974	0
3975	0
3976	0
3977	0
3978	0
3979	0
3980	0
3981	0
3982	0
3983	0
3984	0
3985	0
3986	0
3987	0
3988	0
3989	0
3990	0
3991	0
3992	0
3993	0
3994	0
3995	0
3996	0
3997	0
3998	0
3999	0
4000	0
