Channel number	Impulses
Channel/#	Impulses/#

0	0
1	0
2	0
3	0
4	0
5	0
6	0
7	0
8	0
9	0
10	0
11	0
12	0
13	0
14	0
15	0
16	0
17	0
18	0
19	0
20	0
21	0
22	0
23	0
24	0
25	0
26	0
27	0
28	0
29	0
30	0
31	0
32	0
33	0
34	0
35	0
36	0
37	0
38	0
39	0
40	0
41	0
42	0
43	0
44	0
45	0
46	0
47	0
48	0
49	0
50	0
51	0
52	0
53	0
54	0
55	2
56	0
57	1
58	2
59	4
60	1
61	0
62	2
63	2
64	1
65	2
66	1
67	4
68	2
69	3
70	6
71	4
72	1
73	2
74	4
75	3
76	1
77	1
78	3
79	1
80	0
81	1
82	3
83	5
84	4
85	1
86	3
87	1
88	1
89	1
90	3
91	3
92	1
93	1
94	2
95	2
96	1
97	2
98	3
99	1
100	2
101	2
102	1
103	5
104	2
105	2
106	1
107	0
108	2
109	0
110	0
111	2
112	0
113	4
114	1
115	2
116	1
117	3
118	2
119	3
120	1
121	2
122	2
123	3
124	5
125	2
126	1
127	2
128	1
129	2
130	5
131	3
132	0
133	4
134	4
135	4
136	2
137	2
138	3
139	3
140	1
141	3
142	2
143	1
144	2
145	3
146	1
147	0
148	3
149	1
150	4
151	2
152	2
153	4
154	2
155	3
156	1
157	2
158	4
159	1
160	2
161	0
162	2
163	2
164	2
165	2
166	3
167	0
168	1
169	3
170	1
171	0
172	1
173	2
174	0
175	2
176	1
177	2
178	1
179	1
180	2
181	1
182	1
183	5
184	0
185	0
186	3
187	4
188	4
189	2
190	0
191	4
192	3
193	1
194	3
195	0
196	1
197	3
198	5
199	2
200	2
201	1
202	3
203	3
204	4
205	3
206	2
207	1
208	0
209	1
210	1
211	2
212	2
213	5
214	2
215	2
216	2
217	1
218	3
219	1
220	2
221	1
222	1
223	7
224	2
225	4
226	1
227	2
228	1
229	0
230	3
231	3
232	1
233	1
234	2
235	3
236	2
237	1
238	2
239	3
240	2
241	1
242	2
243	2
244	2
245	1
246	3
247	1
248	0
249	2
250	2
251	5
252	4
253	1
254	3
255	7
256	1
257	1
258	2
259	4
260	0
261	1
262	5
263	2
264	1
265	3
266	3
267	5
268	2
269	3
270	2
271	1
272	1
273	2
274	3
275	0
276	3
277	3
278	1
279	5
280	3
281	5
282	5
283	1
284	0
285	3
286	1
287	4
288	2
289	2
290	1
291	4
292	2
293	6
294	4
295	1
296	1
297	4
298	2
299	1
300	2
301	2
302	6
303	3
304	1
305	2
306	1
307	7
308	0
309	3
310	2
311	7
312	2
313	3
314	6
315	2
316	2
317	2
318	5
319	8
320	1
321	8
322	3
323	5
324	5
325	6
326	0
327	4
328	1
329	4
330	0
331	3
332	4
333	5
334	7
335	2
336	3
337	2
338	5
339	8
340	3
341	3
342	1
343	6
344	3
345	6
346	2
347	4
348	4
349	7
350	0
351	0
352	0
353	2
354	2
355	2
356	0
357	2
358	4
359	3
360	3
361	5
362	1
363	3
364	3
365	8
366	2
367	7
368	3
369	1
370	3
371	5
372	6
373	3
374	1
375	6
376	1
377	3
378	5
379	2
380	3
381	2
382	5
383	6
384	2
385	2
386	1
387	2
388	2
389	2
390	3
391	3
392	0
393	2
394	5
395	3
396	1
397	1
398	1
399	3
400	4
401	1
402	3
403	2
404	2
405	3
406	3
407	1
408	2
409	3
410	3
411	2
412	2
413	1
414	2
415	4
416	1
417	3
418	3
419	2
420	4
421	5
422	2
423	1
424	1
425	3
426	5
427	0
428	4
429	4
430	3
431	3
432	2
433	3
434	0
435	0
436	4
437	4
438	2
439	2
440	1
441	3
442	1
443	2
444	1
445	5
446	4
447	3
448	0
449	0
450	1
451	2
452	2
453	0
454	1
455	5
456	3
457	4
458	0
459	0
460	3
461	0
462	2
463	4
464	0
465	4
466	6
467	5
468	4
469	2
470	2
471	4
472	3
473	3
474	1
475	4
476	5
477	3
478	1
479	1
480	2
481	1
482	4
483	1
484	1
485	2
486	4
487	3
488	1
489	6
490	4
491	2
492	2
493	1
494	3
495	2
496	1
497	5
498	3
499	3
500	2
501	1
502	2
503	1
504	1
505	1
506	2
507	5
508	4
509	1
510	2
511	3
512	0
513	4
514	6
515	1
516	3
517	0
518	5
519	1
520	4
521	5
522	4
523	4
524	5
525	5
526	3
527	5
528	3
529	6
530	2
531	6
532	0
533	3
534	3
535	1
536	4
537	1
538	0
539	5
540	3
541	4
542	0
543	9
544	2
545	2
546	5
547	1
548	1
549	3
550	2
551	3
552	1
553	6
554	5
555	5
556	3
557	2
558	3
559	4
560	2
561	7
562	2
563	6
564	3
565	6
566	3
567	8
568	3
569	8
570	3
571	4
572	3
573	3
574	4
575	6
576	3
577	2
578	11
579	5
580	2
581	3
582	3
583	4
584	3
585	6
586	3
587	6
588	5
589	6
590	5
591	5
592	1
593	4
594	7
595	9
596	4
597	5
598	3
599	3
600	3
601	6
602	1
603	7
604	2
605	4
606	3
607	9
608	3
609	4
610	5
611	6
612	6
613	5
614	5
615	4
616	2
617	4
618	1
619	5
620	5
621	2
622	2
623	4
624	4
625	3
626	3
627	7
628	2
629	5
630	8
631	7
632	3
633	7
634	3
635	7
636	5
637	3
638	4
639	5
640	2
641	3
642	7
643	5
644	2
645	6
646	5
647	3
648	5
649	1
650	3
651	3
652	6
653	8
654	0
655	11
656	4
657	9
658	7
659	1
660	2
661	2
662	2
663	4
664	10
665	10
666	2
667	4
668	8
669	11
670	5
671	19
672	2
673	8
674	11
675	10
676	6
677	8
678	8
679	7
680	6
681	12
682	10
683	6
684	6
685	8
686	10
687	7
688	7
689	15
690	14
691	14
692	13
693	11
694	13
695	12
696	8
697	19
698	10
699	19
700	12
701	18
702	22
703	21
704	16
705	16
706	20
707	32
708	15
709	19
710	25
711	35
712	25
713	32
714	30
715	43
716	39
717	35
718	43
719	47
720	33
721	46
722	56
723	66
724	49
725	56
726	62
727	62
728	53
729	83
730	59
731	90
732	80
733	94
734	96
735	140
736	83
737	108
738	102
739	98
740	137
741	135
742	133
743	144
744	111
745	194
746	149
747	169
748	198
749	203
750	197
751	223
752	158
753	193
754	251
755	239
756	250
757	206
758	285
759	255
760	200
761	293
762	247
763	297
764	263
765	270
766	290
767	415
768	146
769	271
770	322
771	289
772	322
773	289
774	373
775	256
776	283
777	345
778	265
779	311
780	331
781	324
782	307
783	316
784	253
785	322
786	303
787	355
788	255
789	252
790	337
791	264
792	219
793	299
794	215
795	307
796	219
797	261
798	233
799	324
800	155
801	215
802	225
803	200
804	220
805	141
806	179
807	168
808	134
809	171
810	119
811	136
812	150
813	129
814	112
815	126
816	97
817	100
818	101
819	104
820	111
821	93
822	98
823	90
824	72
825	82
826	55
827	79
828	67
829	52
830	48
831	82
832	33
833	48
834	43
835	37
836	42
837	48
838	49
839	41
840	40
841	62
842	32
843	63
844	38
845	46
846	41
847	34
848	29
849	53
850	38
851	44
852	28
853	31
854	41
855	35
856	44
857	41
858	42
859	53
860	50
861	48
862	47
863	56
864	34
865	48
866	43
867	57
868	53
869	30
870	68
871	45
872	45
873	57
874	47
875	50
876	59
877	44
878	66
879	56
880	46
881	39
882	50
883	69
884	41
885	42
886	49
887	43
888	45
889	57
890	47
891	61
892	46
893	43
894	41
895	62
896	24
897	39
898	59
899	33
900	45
901	32
902	36
903	25
904	34
905	33
906	22
907	29
908	34
909	20
910	23
911	32
912	16
913	19
914	25
915	17
916	19
917	21
918	17
919	10
920	13
921	17
922	11
923	31
924	15
925	12
926	7
927	14
928	7
929	4
930	8
931	13
932	12
933	8
934	5
935	9
936	4
937	8
938	3
939	3
940	8
941	8
942	2
943	4
944	5
945	1
946	3
947	2
948	3
949	1
950	4
951	2
952	2
953	0
954	0
955	0
956	1
957	0
958	2
959	1
960	2
961	0
962	2
963	5
964	0
965	0
966	1
967	3
968	0
969	2
970	2
971	0
972	0
973	4
974	2
975	3
976	2
977	2
978	1
979	3
980	1
981	2
982	2
983	1
984	0
985	1
986	0
987	0
988	1
989	1
990	0
991	1
992	1
993	2
994	2
995	1
996	0
997	0
998	1
999	0
1000	1
1001	0
1002	0
1003	0
1004	1
1005	2
1006	3
1007	0
1008	1
1009	0
1010	1
1011	1
1012	0
1013	0
1014	3
1015	1
1016	0
1017	0
1018	3
1019	1
1020	2
1021	2
1022	1
1023	1
1024	0
1025	1
1026	0
1027	2
1028	2
1029	3
1030	1
1031	0
1032	2
1033	0
1034	0
1035	1
1036	0
1037	3
1038	1
1039	1
1040	0
1041	0
1042	0
1043	0
1044	0
1045	1
1046	0
1047	0
1048	1
1049	0
1050	1
1051	1
1052	2
1053	2
1054	2
1055	0
1056	0
1057	2
1058	2
1059	1
1060	1
1061	1
1062	1
1063	2
1064	0
1065	1
1066	1
1067	1
1068	1
1069	1
1070	2
1071	1
1072	1
1073	0
1074	0
1075	1
1076	2
1077	2
1078	2
1079	0
1080	0
1081	3
1082	2
1083	2
1084	0
1085	0
1086	3
1087	2
1088	0
1089	0
1090	2
1091	2
1092	0
1093	2
1094	1
1095	0
1096	0
1097	1
1098	2
1099	0
1100	1
1101	0
1102	2
1103	0
1104	0
1105	2
1106	1
1107	1
1108	1
1109	1
1110	1
1111	1
1112	0
1113	1
1114	0
1115	0
1116	3
1117	3
1118	0
1119	2
1120	1
1121	2
1122	1
1123	1
1124	0
1125	0
1126	1
1127	0
1128	0
1129	1
1130	2
1131	4
1132	0
1133	0
1134	0
1135	0
1136	0
1137	1
1138	1
1139	2
1140	0
1141	1
1142	1
1143	0
1144	0
1145	1
1146	3
1147	1
1148	0
1149	0
1150	1
1151	5
1152	0
1153	2
1154	2
1155	1
1156	0
1157	0
1158	1
1159	1
1160	0
1161	0
1162	0
1163	1
1164	0
1165	1
1166	1
1167	0
1168	2
1169	1
1170	0
1171	2
1172	1
1173	1
1174	1
1175	1
1176	0
1177	1
1178	2
1179	1
1180	1
1181	1
1182	0
1183	1
1184	0
1185	0
1186	0
1187	0
1188	0
1189	1
1190	2
1191	0
1192	1
1193	0
1194	2
1195	1
1196	0
1197	1
1198	1
1199	1
1200	0
1201	1
1202	0
1203	2
1204	1
1205	2
1206	0
1207	1
1208	1
1209	1
1210	2
1211	1
1212	1
1213	2
1214	0
1215	4
1216	0
1217	2
1218	2
1219	2
1220	2
1221	0
1222	1
1223	0
1224	1
1225	1
1226	1
1227	2
1228	3
1229	2
1230	1
1231	0
1232	1
1233	1
1234	0
1235	0
1236	1
1237	2
1238	3
1239	1
1240	2
1241	2
1242	1
1243	2
1244	0
1245	0
1246	2
1247	5
1248	0
1249	0
1250	1
1251	1
1252	2
1253	0
1254	2
1255	1
1256	1
1257	1
1258	0
1259	2
1260	1
1261	1
1262	0
1263	0
1264	0
1265	2
1266	0
1267	2
1268	3
1269	1
1270	1
1271	0
1272	1
1273	1
1274	1
1275	0
1276	1
1277	2
1278	1
1279	3
1280	1
1281	1
1282	1
1283	3
1284	1
1285	1
1286	2
1287	1
1288	1
1289	1
1290	0
1291	1
1292	1
1293	0
1294	1
1295	1
1296	1
1297	0
1298	0
1299	3
1300	1
1301	0
1302	2
1303	0
1304	1
1305	0
1306	0
1307	3
1308	1
1309	2
1310	3
1311	2
1312	1
1313	1
1314	2
1315	1
1316	3
1317	1
1318	3
1319	1
1320	1
1321	0
1322	3
1323	0
1324	4
1325	2
1326	1
1327	1
1328	1
1329	5
1330	3
1331	2
1332	1
1333	1
1334	1
1335	0
1336	1
1337	0
1338	1
1339	2
1340	0
1341	0
1342	2
1343	2
1344	0
1345	2
1346	0
1347	1
1348	2
1349	2
1350	2
1351	3
1352	3
1353	0
1354	4
1355	3
1356	3
1357	0
1358	0
1359	3
1360	1
1361	3
1362	2
1363	0
1364	1
1365	0
1366	1
1367	0
1368	1
1369	0
1370	0
1371	1
1372	3
1373	2
1374	0
1375	2
1376	1
1377	0
1378	1
1379	3
1380	1
1381	0
1382	0
1383	1
1384	1
1385	0
1386	0
1387	2
1388	1
1389	1
1390	3
1391	1
1392	4
1393	3
1394	1
1395	3
1396	2
1397	1
1398	1
1399	1
1400	1
1401	1
1402	0
1403	5
1404	2
1405	1
1406	1
1407	1
1408	0
1409	0
1410	1
1411	1
1412	1
1413	0
1414	2
1415	1
1416	1
1417	1
1418	3
1419	2
1420	1
1421	3
1422	2
1423	3
1424	2
1425	2
1426	2
1427	1
1428	0
1429	3
1430	0
1431	2
1432	3
1433	1
1434	2
1435	2
1436	3
1437	0
1438	0
1439	1
1440	1
1441	1
1442	2
1443	1
1444	2
1445	0
1446	1
1447	3
1448	1
1449	0
1450	1
1451	0
1452	0
1453	0
1454	2
1455	1
1456	1
1457	3
1458	2
1459	3
1460	0
1461	1
1462	0
1463	3
1464	3
1465	3
1466	0
1467	0
1468	0
1469	0
1470	2
1471	4
1472	1
1473	1
1474	1
1475	2
1476	4
1477	2
1478	0
1479	0
1480	0
1481	2
1482	0
1483	2
1484	1
1485	3
1486	1
1487	0
1488	0
1489	0
1490	0
1491	0
1492	3
1493	2
1494	1
1495	2
1496	1
1497	1
1498	0
1499	1
1500	4
1501	1
1502	0
1503	0
1504	0
1505	1
1506	0
1507	2
1508	0
1509	0
1510	1
1511	1
1512	1
1513	0
1514	2
1515	0
1516	1
1517	1
1518	3
1519	1
1520	2
1521	4
1522	1
1523	1
1524	2
1525	0
1526	3
1527	0
1528	0
1529	3
1530	1
1531	1
1532	2
1533	1
1534	0
1535	2
1536	2
1537	0
1538	1
1539	0
1540	1
1541	1
1542	2
1543	2
1544	0
1545	1
1546	3
1547	2
1548	2
1549	2
1550	3
1551	2
1552	0
1553	1
1554	1
1555	1
1556	2
1557	2
1558	2
1559	2
1560	2
1561	0
1562	1
1563	3
1564	0
1565	1
1566	2
1567	0
1568	0
1569	3
1570	3
1571	0
1572	2
1573	2
1574	2
1575	1
1576	0
1577	3
1578	2
1579	2
1580	2
1581	1
1582	1
1583	1
1584	1
1585	1
1586	2
1587	1
1588	0
1589	0
1590	0
1591	0
1592	0
1593	1
1594	1
1595	1
1596	0
1597	3
1598	0
1599	3
1600	0
1601	1
1602	2
1603	1
1604	4
1605	0
1606	1
1607	2
1608	2
1609	1
1610	3
1611	1
1612	1
1613	0
1614	2
1615	1
1616	2
1617	0
1618	2
1619	3
1620	1
1621	1
1622	0
1623	0
1624	1
1625	0
1626	1
1627	1
1628	0
1629	1
1630	4
1631	1
1632	1
1633	5
1634	0
1635	0
1636	2
1637	0
1638	3
1639	2
1640	1
1641	2
1642	2
1643	0
1644	2
1645	2
1646	2
1647	4
1648	0
1649	2
1650	0
1651	2
1652	2
1653	0
1654	2
1655	1
1656	1
1657	0
1658	2
1659	2
1660	3
1661	1
1662	3
1663	0
1664	0
1665	1
1666	2
1667	1
1668	1
1669	2
1670	2
1671	3
1672	2
1673	1
1674	1
1675	1
1676	1
1677	3
1678	1
1679	5
1680	0
1681	1
1682	1
1683	0
1684	1
1685	1
1686	2
1687	1
1688	0
1689	2
1690	1
1691	4
1692	0
1693	3
1694	2
1695	1
1696	2
1697	1
1698	1
1699	1
1700	2
1701	2
1702	0
1703	2
1704	0
1705	2
1706	1
1707	0
1708	1
1709	3
1710	2
1711	1
1712	1
1713	1
1714	2
1715	1
1716	0
1717	0
1718	1
1719	3
1720	2
1721	4
1722	0
1723	1
1724	2
1725	2
1726	4
1727	3
1728	0
1729	3
1730	4
1731	2
1732	1
1733	1
1734	1
1735	2
1736	1
1737	0
1738	0
1739	0
1740	0
1741	2
1742	1
1743	4
1744	0
1745	1
1746	0
1747	1
1748	2
1749	1
1750	3
1751	0
1752	2
1753	1
1754	1
1755	1
1756	0
1757	3
1758	0
1759	2
1760	1
1761	1
1762	4
1763	1
1764	2
1765	1
1766	5
1767	2
1768	1
1769	3
1770	1
1771	3
1772	1
1773	3
1774	1
1775	2
1776	3
1777	1
1778	1
1779	3
1780	3
1781	1
1782	1
1783	4
1784	1
1785	3
1786	0
1787	2
1788	2
1789	0
1790	1
1791	1
1792	3
1793	2
1794	1
1795	6
1796	1
1797	3
1798	8
1799	2
1800	5
1801	1
1802	3
1803	1
1804	3
1805	3
1806	6
1807	2
1808	7
1809	2
1810	5
1811	3
1812	3
1813	3
1814	8
1815	2
1816	6
1817	3
1818	3
1819	9
1820	3
1821	4
1822	4
1823	6
1824	1
1825	1
1826	3
1827	4
1828	3
1829	2
1830	3
1831	3
1832	6
1833	4
1834	4
1835	6
1836	7
1837	4
1838	7
1839	3
1840	5
1841	4
1842	3
1843	7
1844	4
1845	4
1846	4
1847	6
1848	6
1849	3
1850	4
1851	10
1852	9
1853	3
1854	7
1855	2
1856	0
1857	5
1858	7
1859	6
1860	6
1861	3
1862	4
1863	2
1864	8
1865	6
1866	2
1867	5
1868	3
1869	6
1870	5
1871	7
1872	2
1873	3
1874	5
1875	3
1876	8
1877	6
1878	9
1879	2
1880	3
1881	8
1882	5
1883	8
1884	4
1885	6
1886	6
1887	2
1888	1
1889	6
1890	8
1891	3
1892	9
1893	4
1894	8
1895	6
1896	5
1897	7
1898	4
1899	5
1900	5
1901	8
1902	4
1903	2
1904	6
1905	7
1906	4
1907	6
1908	3
1909	7
1910	12
1911	5
1912	3
1913	3
1914	3
1915	5
1916	6
1917	7
1918	4
1919	2
1920	5
1921	4
1922	3
1923	3
1924	8
1925	4
1926	5
1927	4
1928	4
1929	1
1930	4
1931	1
1932	4
1933	2
1934	3
1935	4
1936	3
1937	4
1938	0
1939	1
1940	1
1941	0
1942	6
1943	1
1944	2
1945	0
1946	5
1947	4
1948	6
1949	3
1950	3
1951	5
1952	2
1953	1
1954	4
1955	2
1956	0
1957	2
1958	3
1959	4
1960	4
1961	2
1962	0
1963	0
1964	3
1965	1
1966	1
1967	1
1968	0
1969	1
1970	0
1971	0
1972	1
1973	2
1974	4
1975	3
1976	1
1977	2
1978	0
1979	1
1980	3
1981	0
1982	2
1983	1
1984	0
1985	1
1986	0
1987	2
1988	0
1989	0
1990	2
1991	0
1992	0
1993	0
1994	1
1995	0
1996	1
1997	1
1998	3
1999	1
2000	0
2001	0
2002	2
2003	0
2004	1
2005	2
2006	0
2007	0
2008	0
2009	0
2010	0
2011	0
2012	1
2013	3
2014	1
2015	3
2016	1
2017	0
2018	3
2019	0
2020	1
2021	2
2022	3
2023	1
2024	2
2025	0
2026	1
2027	1
2028	2
2029	2
2030	2
2031	2
2032	1
2033	1
2034	1
2035	2
2036	1
2037	1
2038	2
2039	2
2040	1
2041	0
2042	1
2043	0
2044	4
2045	1
2046	0
2047	0
2048	0
2049	2
2050	1
2051	1
2052	1
2053	1
2054	2
2055	3
2056	2
2057	2
2058	1
2059	1
2060	1
2061	0
2062	1
2063	3
2064	3
2065	1
2066	1
2067	3
2068	2
2069	1
2070	1
2071	0
2072	1
2073	2
2074	0
2075	1
2076	1
2077	2
2078	0
2079	1
2080	1
2081	2
2082	2
2083	0
2084	2
2085	1
2086	2
2087	2
2088	1
2089	1
2090	0
2091	2
2092	0
2093	5
2094	0
2095	1
2096	1
2097	0
2098	5
2099	1
2100	1
2101	2
2102	2
2103	1
2104	1
2105	1
2106	0
2107	0
2108	0
2109	0
2110	0
2111	3
2112	1
2113	1
2114	2
2115	0
2116	0
2117	2
2118	1
2119	2
2120	3
2121	0
2122	1
2123	0
2124	1
2125	0
2126	0
2127	3
2128	0
2129	0
2130	4
2131	2
2132	1
2133	2
2134	1
2135	2
2136	1
2137	1
2138	0
2139	1
2140	1
2141	3
2142	0
2143	1
2144	3
2145	2
2146	2
2147	0
2148	1
2149	1
2150	1
2151	0
2152	3
2153	1
2154	1
2155	0
2156	0
2157	1
2158	0
2159	2
2160	2
2161	2
2162	1
2163	2
2164	1
2165	0
2166	0
2167	2
2168	0
2169	1
2170	0
2171	4
2172	1
2173	0
2174	1
2175	2
2176	1
2177	3
2178	3
2179	0
2180	1
2181	0
2182	3
2183	2
2184	1
2185	1
2186	1
2187	0
2188	0
2189	0
2190	1
2191	1
2192	1
2193	2
2194	2
2195	1
2196	1
2197	2
2198	1
2199	0
2200	2
2201	1
2202	1
2203	1
2204	1
2205	0
2206	0
2207	1
2208	0
2209	0
2210	0
2211	1
2212	1
2213	1
2214	1
2215	1
2216	2
2217	1
2218	0
2219	1
2220	1
2221	1
2222	0
2223	1
2224	0
2225	0
2226	0
2227	0
2228	0
2229	1
2230	1
2231	0
2232	0
2233	0
2234	0
2235	0
2236	0
2237	1
2238	0
2239	1
2240	0
2241	1
2242	1
2243	1
2244	2
2245	1
2246	2
2247	0
2248	0
2249	0
2250	0
2251	0
2252	1
2253	0
2254	0
2255	1
2256	0
2257	1
2258	1
2259	0
2260	1
2261	0
2262	1
2263	1
2264	0
2265	0
2266	1
2267	1
2268	0
2269	0
2270	0
2271	0
2272	0
2273	1
2274	0
2275	0
2276	0
2277	0
2278	1
2279	0
2280	0
2281	1
2282	1
2283	0
2284	1
2285	0
2286	1
2287	0
2288	0
2289	1
2290	0
2291	1
2292	0
2293	0
2294	1
2295	0
2296	0
2297	1
2298	0
2299	2
2300	0
2301	1
2302	0
2303	2
2304	1
2305	1
2306	0
2307	0
2308	0
2309	0
2310	1
2311	0
2312	1
2313	2
2314	1
2315	0
2316	0
2317	0
2318	0
2319	3
2320	0
2321	0
2322	1
2323	0
2324	1
2325	0
2326	0
2327	1
2328	2
2329	1
2330	0
2331	2
2332	1
2333	0
2334	0
2335	1
2336	0
2337	1
2338	0
2339	0
2340	2
2341	0
2342	2
2343	0
2344	0
2345	0
2346	1
2347	0
2348	1
2349	2
2350	1
2351	1
2352	0
2353	1
2354	0
2355	1
2356	1
2357	0
2358	0
2359	1
2360	0
2361	0
2362	0
2363	1
2364	0
2365	0
2366	0
2367	2
2368	1
2369	0
2370	0
2371	0
2372	0
2373	0
2374	1
2375	0
2376	0
2377	0
2378	0
2379	0
2380	1
2381	0
2382	0
2383	0
2384	0
2385	1
2386	1
2387	0
2388	0
2389	0
2390	1
2391	1
2392	0
2393	1
2394	1
2395	1
2396	0
2397	1
2398	2
2399	2
2400	1
2401	0
2402	0
2403	0
2404	1
2405	1
2406	0
2407	0
2408	0
2409	0
2410	0
2411	0
2412	1
2413	0
2414	0
2415	2
2416	0
2417	0
2418	0
2419	1
2420	1
2421	0
2422	1
2423	1
2424	0
2425	0
2426	0
2427	0
2428	0
2429	1
2430	0
2431	1
2432	2
2433	0
2434	2
2435	1
2436	0
2437	1
2438	0
2439	0
2440	0
2441	0
2442	0
2443	1
2444	1
2445	0
2446	1
2447	0
2448	1
2449	1
2450	0
2451	2
2452	1
2453	0
2454	3
2455	1
2456	0
2457	0
2458	0
2459	2
2460	0
2461	0
2462	1
2463	0
2464	0
2465	1
2466	0
2467	1
2468	0
2469	0
2470	0
2471	0
2472	1
2473	2
2474	0
2475	0
2476	1
2477	1
2478	1
2479	0
2480	0
2481	0
2482	1
2483	0
2484	2
2485	0
2486	1
2487	1
2488	0
2489	2
2490	2
2491	1
2492	0
2493	0
2494	1
2495	2
2496	3
2497	0
2498	0
2499	3
2500	1
2501	0
2502	0
2503	0
2504	1
2505	0
2506	0
2507	0
2508	0
2509	0
2510	2
2511	1
2512	0
2513	0
2514	0
2515	0
2516	0
2517	1
2518	0
2519	1
2520	2
2521	0
2522	1
2523	0
2524	1
2525	1
2526	0
2527	1
2528	0
2529	0
2530	1
2531	0
2532	0
2533	1
2534	3
2535	0
2536	0
2537	2
2538	0
2539	0
2540	2
2541	1
2542	0
2543	0
2544	0
2545	1
2546	0
2547	0
2548	0
2549	0
2550	0
2551	0
2552	1
2553	0
2554	0
2555	0
2556	0
2557	0
2558	1
2559	2
2560	0
2561	1
2562	1
2563	0
2564	0
2565	0
2566	2
2567	0
2568	2
2569	0
2570	0
2571	1
2572	0
2573	1
2574	0
2575	0
2576	0
2577	0
2578	0
2579	1
2580	0
2581	0
2582	0
2583	1
2584	1
2585	0
2586	1
2587	1
2588	0
2589	0
2590	1
2591	0
2592	0
2593	0
2594	1
2595	2
2596	0
2597	0
2598	0
2599	0
2600	0
2601	0
2602	0
2603	1
2604	0
2605	1
2606	0
2607	0
2608	1
2609	0
2610	0
2611	0
2612	0
2613	1
2614	0
2615	1
2616	0
2617	1
2618	0
2619	1
2620	1
2621	0
2622	0
2623	0
2624	0
2625	0
2626	0
2627	0
2628	0
2629	0
2630	0
2631	0
2632	0
2633	0
2634	0
2635	1
2636	0
2637	0
2638	0
2639	0
2640	0
2641	1
2642	0
2643	2
2644	1
2645	0
2646	0
2647	0
2648	0
2649	0
2650	0
2651	1
2652	0
2653	1
2654	0
2655	0
2656	1
2657	0
2658	1
2659	1
2660	0
2661	0
2662	0
2663	0
2664	1
2665	0
2666	0
2667	0
2668	0
2669	0
2670	0
2671	0
2672	0
2673	1
2674	0
2675	0
2676	0
2677	0
2678	0
2679	1
2680	0
2681	1
2682	0
2683	0
2684	0
2685	0
2686	1
2687	1
2688	0
2689	0
2690	0
2691	0
2692	1
2693	0
2694	0
2695	0
2696	0
2697	0
2698	0
2699	0
2700	0
2701	0
2702	0
2703	0
2704	1
2705	0
2706	0
2707	0
2708	1
2709	0
2710	0
2711	0
2712	0
2713	0
2714	0
2715	0
2716	1
2717	0
2718	1
2719	1
2720	0
2721	1
2722	1
2723	0
2724	1
2725	1
2726	3
2727	1
2728	0
2729	0
2730	0
2731	1
2732	1
2733	1
2734	0
2735	0
2736	0
2737	0
2738	0
2739	0
2740	0
2741	0
2742	0
2743	0
2744	0
2745	0
2746	1
2747	0
2748	0
2749	0
2750	1
2751	0
2752	0
2753	0
2754	1
2755	0
2756	0
2757	1
2758	0
2759	0
2760	0
2761	0
2762	0
2763	0
2764	0
2765	1
2766	0
2767	0
2768	0
2769	1
2770	1
2771	0
2772	1
2773	0
2774	0
2775	0
2776	0
2777	2
2778	0
2779	0
2780	0
2781	1
2782	0
2783	0
2784	0
2785	0
2786	0
2787	2
2788	1
2789	0
2790	2
2791	0
2792	0
2793	0
2794	0
2795	0
2796	1
2797	1
2798	1
2799	0
2800	1
2801	1
2802	0
2803	0
2804	1
2805	0
2806	2
2807	0
2808	0
2809	0
2810	0
2811	0
2812	0
2813	0
2814	0
2815	0
2816	0
2817	0
2818	0
2819	0
2820	1
2821	0
2822	1
2823	0
2824	0
2825	0
2826	0
2827	0
2828	0
2829	0
2830	1
2831	0
2832	0
2833	2
2834	1
2835	0
2836	0
2837	0
2838	0
2839	0
2840	0
2841	0
2842	0
2843	0
2844	0
2845	0
2846	1
2847	0
2848	1
2849	0
2850	0
2851	1
2852	1
2853	0
2854	1
2855	0
2856	1
2857	0
2858	0
2859	1
2860	0
2861	0
2862	0
2863	0
2864	0
2865	0
2866	0
2867	1
2868	0
2869	0
2870	0
2871	1
2872	0
2873	1
2874	0
2875	0
2876	1
2877	0
2878	0
2879	0
2880	0
2881	1
2882	1
2883	1
2884	0
2885	0
2886	0
2887	1
2888	0
2889	0
2890	0
2891	2
2892	1
2893	0
2894	0
2895	0
2896	0
2897	0
2898	1
2899	1
2900	0
2901	0
2902	0
2903	0
2904	0
2905	0
2906	0
2907	1
2908	0
2909	0
2910	0
2911	2
2912	0
2913	0
2914	1
2915	0
2916	1
2917	2
2918	1
2919	0
2920	0
2921	1
2922	0
2923	0
2924	0
2925	0
2926	1
2927	0
2928	0
2929	0
2930	0
2931	0
2932	0
2933	1
2934	0
2935	0
2936	0
2937	1
2938	0
2939	1
2940	0
2941	0
2942	0
2943	1
2944	1
2945	0
2946	1
2947	1
2948	1
2949	0
2950	0
2951	0
2952	0
2953	1
2954	0
2955	0
2956	2
2957	0
2958	0
2959	0
2960	0
2961	0
2962	0
2963	0
2964	0
2965	0
2966	0
2967	0
2968	0
2969	0
2970	0
2971	0
2972	1
2973	2
2974	0
2975	1
2976	1
2977	1
2978	0
2979	0
2980	1
2981	1
2982	0
2983	0
2984	0
2985	0
2986	0
2987	0
2988	0
2989	0
2990	0
2991	0
2992	0
2993	0
2994	1
2995	0
2996	0
2997	0
2998	0
2999	0
3000	1
3001	0
3002	0
3003	0
3004	1
3005	0
3006	0
3007	0
3008	1
3009	0
3010	0
3011	0
3012	0
3013	0
3014	1
3015	0
3016	0
3017	0
3018	0
3019	2
3020	0
3021	0
3022	0
3023	0
3024	0
3025	0
3026	0
3027	0
3028	1
3029	0
3030	0
3031	1
3032	0
3033	1
3034	1
3035	1
3036	1
3037	0
3038	0
3039	0
3040	0
3041	0
3042	1
3043	0
3044	3
3045	0
3046	0
3047	0
3048	0
3049	0
3050	0
3051	0
3052	0
3053	0
3054	0
3055	0
3056	0
3057	0
3058	0
3059	0
3060	1
3061	0
3062	0
3063	0
3064	0
3065	0
3066	0
3067	0
3068	0
3069	0
3070	0
3071	0
3072	0
3073	0
3074	0
3075	0
3076	1
3077	0
3078	1
3079	0
3080	0
3081	0
3082	0
3083	0
3084	1
3085	0
3086	1
3087	0
3088	0
3089	0
3090	1
3091	0
3092	1
3093	0
3094	3
3095	0
3096	0
3097	0
3098	0
3099	1
3100	0
3101	0
3102	0
3103	0
3104	0
3105	0
3106	0
3107	1
3108	0
3109	0
3110	0
3111	0
3112	0
3113	0
3114	1
3115	0
3116	0
3117	0
3118	1
3119	0
3120	0
3121	0
3122	0
3123	0
3124	0
3125	0
3126	1
3127	0
3128	0
3129	0
3130	0
3131	1
3132	0
3133	0
3134	0
3135	0
3136	0
3137	0
3138	0
3139	0
3140	0
3141	0
3142	0
3143	0
3144	1
3145	1
3146	1
3147	0
3148	0
3149	0
3150	0
3151	1
3152	0
3153	0
3154	0
3155	1
3156	0
3157	0
3158	0
3159	0
3160	0
3161	0
3162	0
3163	1
3164	0
3165	1
3166	1
3167	0
3168	0
3169	0
3170	0
3171	0
3172	0
3173	0
3174	0
3175	0
3176	0
3177	0
3178	0
3179	0
3180	0
3181	0
3182	0
3183	0
3184	0
3185	0
3186	0
3187	0
3188	0
3189	0
3190	1
3191	1
3192	0
3193	0
3194	0
3195	0
3196	0
3197	0
3198	0
3199	0
3200	0
3201	0
3202	0
3203	0
3204	1
3205	0
3206	0
3207	0
3208	0
3209	0
3210	0
3211	0
3212	0
3213	0
3214	0
3215	0
3216	0
3217	0
3218	1
3219	1
3220	0
3221	0
3222	0
3223	1
3224	0
3225	1
3226	0
3227	0
3228	0
3229	0
3230	1
3231	0
3232	0
3233	0
3234	1
3235	0
3236	0
3237	1
3238	0
3239	0
3240	0
3241	2
3242	0
3243	0
3244	0
3245	0
3246	0
3247	0
3248	0
3249	0
3250	0
3251	0
3252	0
3253	0
3254	0
3255	1
3256	0
3257	0
3258	0
3259	0
3260	0
3261	0
3262	0
3263	0
3264	0
3265	0
3266	0
3267	0
3268	0
3269	0
3270	0
3271	0
3272	0
3273	1
3274	0
3275	0
3276	0
3277	0
3278	0
3279	0
3280	0
3281	0
3282	0
3283	0
3284	1
3285	0
3286	0
3287	0
3288	0
3289	0
3290	1
3291	0
3292	1
3293	0
3294	0
3295	1
3296	0
3297	0
3298	0
3299	0
3300	0
3301	1
3302	0
3303	0
3304	0
3305	0
3306	0
3307	0
3308	0
3309	0
3310	0
3311	0
3312	0
3313	0
3314	0
3315	0
3316	0
3317	0
3318	0
3319	0
3320	0
3321	0
3322	0
3323	0
3324	0
3325	0
3326	0
3327	0
3328	0
3329	0
3330	0
3331	0
3332	0
3333	0
3334	0
3335	0
3336	0
3337	1
3338	0
3339	0
3340	1
3341	0
3342	0
3343	0
3344	0
3345	0
3346	0
3347	0
3348	0
3349	0
3350	0
3351	0
3352	0
3353	0
3354	0
3355	0
3356	0
3357	0
3358	0
3359	0
3360	0
3361	0
3362	0
3363	0
3364	0
3365	0
3366	0
3367	0
3368	0
3369	0
3370	0
3371	0
3372	0
3373	0
3374	0
3375	0
3376	1
3377	0
3378	0
3379	0
3380	0
3381	0
3382	0
3383	0
3384	0
3385	0
3386	0
3387	0
3388	0
3389	0
3390	0
3391	0
3392	0
3393	0
3394	0
3395	0
3396	0
3397	0
3398	0
3399	0
3400	0
3401	0
3402	0
3403	0
3404	0
3405	0
3406	0
3407	0
3408	0
3409	0
3410	0
3411	0
3412	0
3413	0
3414	0
3415	0
3416	0
3417	0
3418	0
3419	0
3420	0
3421	0
3422	0
3423	0
3424	1
3425	0
3426	0
3427	0
3428	0
3429	0
3430	0
3431	0
3432	0
3433	0
3434	0
3435	0
3436	0
3437	1
3438	0
3439	0
3440	0
3441	0
3442	0
3443	0
3444	0
3445	0
3446	0
3447	0
3448	0
3449	0
3450	0
3451	0
3452	0
3453	0
3454	0
3455	0
3456	0
3457	0
3458	0
3459	0
3460	0
3461	0
3462	0
3463	0
3464	0
3465	0
3466	0
3467	0
3468	1
3469	0
3470	1
3471	0
3472	1
3473	0
3474	0
3475	0
3476	0
3477	0
3478	0
3479	0
3480	0
3481	0
3482	0
3483	0
3484	0
3485	0
3486	0
3487	0
3488	0
3489	0
3490	0
3491	0
3492	0
3493	0
3494	0
3495	1
3496	0
3497	0
3498	0
3499	0
3500	0
3501	0
3502	0
3503	0
3504	1
3505	0
3506	1
3507	0
3508	0
3509	0
3510	1
3511	0
3512	0
3513	0
3514	0
3515	0
3516	0
3517	0
3518	0
3519	0
3520	0
3521	0
3522	1
3523	1
3524	0
3525	0
3526	0
3527	0
3528	0
3529	0
3530	0
3531	0
3532	0
3533	0
3534	0
3535	0
3536	0
3537	0
3538	0
3539	0
3540	0
3541	0
3542	0
3543	0
3544	0
3545	1
3546	0
3547	0
3548	0
3549	0
3550	0
3551	0
3552	0
3553	0
3554	0
3555	0
3556	0
3557	0
3558	0
3559	1
3560	0
3561	0
3562	0
3563	0
3564	0
3565	0
3566	1
3567	0
3568	0
3569	0
3570	0
3571	0
3572	0
3573	0
3574	1
3575	0
3576	0
3577	0
3578	0
3579	0
3580	0
3581	0
3582	0
3583	0
3584	0
3585	0
3586	0
3587	0
3588	0
3589	0
3590	0
3591	0
3592	0
3593	0
3594	0
3595	0
3596	0
3597	0
3598	0
3599	1
3600	0
3601	0
3602	0
3603	0
3604	0
3605	0
3606	0
3607	0
3608	0
3609	0
3610	0
3611	0
3612	0
3613	0
3614	0
3615	0
3616	0
3617	0
3618	1
3619	0
3620	0
3621	0
3622	0
3623	0
3624	0
3625	0
3626	0
3627	0
3628	0
3629	0
3630	0
3631	0
3632	0
3633	0
3634	0
3635	0
3636	0
3637	0
3638	0
3639	0
3640	0
3641	0
3642	0
3643	0
3644	0
3645	0
3646	0
3647	0
3648	0
3649	0
3650	0
3651	0
3652	0
3653	0
3654	0
3655	0
3656	0
3657	0
3658	1
3659	0
3660	0
3661	0
3662	0
3663	0
3664	0
3665	0
3666	0
3667	0
3668	0
3669	0
3670	0
3671	0
3672	0
3673	0
3674	1
3675	0
3676	0
3677	0
3678	0
3679	0
3680	0
3681	0
3682	0
3683	0
3684	0
3685	0
3686	0
3687	0
3688	0
3689	0
3690	0
3691	0
3692	0
3693	0
3694	0
3695	0
3696	0
3697	0
3698	0
3699	0
3700	0
3701	0
3702	0
3703	0
3704	0
3705	0
3706	0
3707	0
3708	0
3709	0
3710	0
3711	0
3712	0
3713	0
3714	0
3715	0
3716	0
3717	0
3718	0
3719	0
3720	0
3721	0
3722	0
3723	0
3724	0
3725	0
3726	0
3727	0
3728	0
3729	0
3730	0
3731	0
3732	0
3733	0
3734	0
3735	0
3736	0
3737	0
3738	0
3739	0
3740	0
3741	0
3742	0
3743	0
3744	0
3745	0
3746	0
3747	0
3748	1
3749	0
3750	0
3751	0
3752	0
3753	0
3754	0
3755	0
3756	0
3757	0
3758	0
3759	0
3760	0
3761	0
3762	0
3763	0
3764	0
3765	0
3766	0
3767	0
3768	0
3769	0
3770	0
3771	0
3772	0
3773	1
3774	0
3775	0
3776	0
3777	0
3778	0
3779	0
3780	0
3781	0
3782	0
3783	0
3784	0
3785	0
3786	0
3787	0
3788	0
3789	0
3790	0
3791	0
3792	0
3793	0
3794	0
3795	0
3796	0
3797	0
3798	0
3799	0
3800	0
3801	0
3802	0
3803	0
3804	0
3805	0
3806	0
3807	0
3808	0
3809	0
3810	0
3811	0
3812	0
3813	0
3814	0
3815	0
3816	0
3817	0
3818	0
3819	0
3820	0
3821	0
3822	0
3823	0
3824	0
3825	0
3826	0
3827	0
3828	0
3829	0
3830	0
3831	0
3832	0
3833	0
3834	0
3835	1
3836	0
3837	0
3838	0
3839	0
3840	0
3841	0
3842	0
3843	0
3844	0
3845	0
3846	0
3847	0
3848	0
3849	0
3850	0
3851	0
3852	0
3853	0
3854	0
3855	0
3856	0
3857	0
3858	0
3859	0
3860	0
3861	0
3862	0
3863	0
3864	0
3865	0
3866	0
3867	0
3868	0
3869	0
3870	0
3871	0
3872	0
3873	0
3874	0
3875	0
3876	0
3877	0
3878	0
3879	0
3880	0
3881	0
3882	0
3883	0
3884	0
3885	0
3886	0
3887	0
3888	0
3889	0
3890	0
3891	0
3892	0
3893	0
3894	0
3895	0
3896	0
3897	0
3898	0
3899	0
3900	0
3901	0
3902	0
3903	0
3904	0
3905	0
3906	0
3907	0
3908	0
3909	0
3910	0
3911	0
3912	0
3913	0
3914	0
3915	0
3916	0
3917	0
3918	0
3919	0
3920	0
3921	0
3922	0
3923	1
3924	0
3925	0
3926	0
3927	0
3928	0
3929	0
3930	0
3931	0
3932	0
3933	0
3934	0
3935	0
3936	0
3937	0
3938	0
3939	0
3940	0
3941	0
3942	0
3943	0
3944	0
3945	0
3946	0
3947	0
3948	0
3949	0
3950	0
3951	0
3952	0
3953	0
3954	0
3955	0
3956	0
3957	0
3958	0
3959	0
3960	0
3961	0
3962	0
3963	0
3964	0
3965	0
3966	0
3967	0
3968	0
3969	0
3970	0
3971	0
3972	0
3973	0
3974	0
3975	0
3976	0
3977	0
3978	0
3979	0
3980	0
3981	0
3982	0
3983	0
3984	0
3985	0
3986	0
3987	0
3988	0
3989	0
3990	0
3991	0
3992	0
3993	0
3994	0
3995	0
3996	0
3997	0
3998	0
3999	0
4000	0
