Channel number	Impulses
Channel/#	Impulses/#

0	0
1	0
2	0
3	0
4	0
5	0
6	0
7	0
8	0
9	0
10	0
11	0
12	0
13	0
14	0
15	0
16	0
17	0
18	0
19	0
20	0
21	0
22	0
23	0
24	0
25	0
26	0
27	0
28	0
29	0
30	0
31	0
32	0
33	0
34	0
35	0
36	0
37	0
38	0
39	0
40	0
41	0
42	0
43	0
44	0
45	0
46	0
47	0
48	0
49	1
50	1
51	1
52	0
53	0
54	2
55	3
56	1
57	5
58	7
59	3
60	2
61	3
62	5
63	5
64	5
65	6
66	3
67	5
68	4
69	3
70	8
71	3
72	7
73	4
74	5
75	5
76	6
77	5
78	8
79	6
80	3
81	5
82	3
83	3
84	2
85	1
86	6
87	3
88	6
89	5
90	7
91	8
92	4
93	6
94	1
95	6
96	3
97	6
98	1
99	7
100	4
101	5
102	4
103	1
104	9
105	7
106	4
107	8
108	6
109	4
110	1
111	3
112	3
113	4
114	5
115	3
116	5
117	3
118	4
119	7
120	4
121	4
122	2
123	4
124	7
125	3
126	5
127	10
128	3
129	4
130	5
131	1
132	10
133	4
134	6
135	7
136	1
137	6
138	7
139	7
140	5
141	7
142	7
143	3
144	3
145	1
146	4
147	5
148	6
149	6
150	5
151	5
152	1
153	5
154	2
155	10
156	6
157	8
158	8
159	2
160	1
161	6
162	7
163	8
164	2
165	3
166	6
167	4
168	2
169	6
170	0
171	7
172	3
173	3
174	9
175	6
176	4
177	4
178	2
179	3
180	4
181	5
182	5
183	6
184	6
185	5
186	6
187	1
188	5
189	3
190	10
191	10
192	1
193	6
194	7
195	10
196	4
197	2
198	4
199	6
200	1
201	6
202	4
203	6
204	5
205	4
206	5
207	3
208	3
209	5
210	4
211	6
212	5
213	3
214	4
215	6
216	3
217	7
218	5
219	6
220	4
221	3
222	4
223	4
224	2
225	4
226	2
227	6
228	4
229	6
230	7
231	10
232	2
233	4
234	5
235	3
236	4
237	4
238	3
239	2
240	3
241	6
242	4
243	6
244	3
245	3
246	1
247	5
248	3
249	4
250	3
251	4
252	3
253	4
254	3
255	7
256	1
257	2
258	4
259	6
260	10
261	8
262	6
263	8
264	4
265	1
266	5
267	1
268	2
269	3
270	2
271	9
272	1
273	2
274	3
275	10
276	3
277	5
278	3
279	5
280	4
281	1
282	5
283	3
284	8
285	2
286	6
287	8
288	3
289	2
290	7
291	2
292	4
293	4
294	2
295	4
296	2
297	5
298	7
299	11
300	5
301	4
302	7
303	4
304	1
305	6
306	1
307	11
308	10
309	3
310	8
311	4
312	2
313	8
314	6
315	3
316	9
317	5
318	6
319	5
320	5
321	6
322	6
323	4
324	9
325	7
326	1
327	8
328	2
329	4
330	5
331	9
332	10
333	5
334	3
335	9
336	3
337	4
338	3
339	2
340	10
341	5
342	8
343	2
344	2
345	6
346	5
347	4
348	5
349	4
350	8
351	5
352	1
353	9
354	3
355	6
356	6
357	5
358	4
359	4
360	3
361	2
362	8
363	6
364	8
365	4
366	9
367	7
368	3
369	7
370	9
371	5
372	3
373	5
374	10
375	3
376	11
377	8
378	4
379	5
380	12
381	3
382	7
383	6
384	3
385	11
386	6
387	7
388	4
389	9
390	4
391	7
392	6
393	9
394	3
395	7
396	5
397	2
398	5
399	14
400	6
401	6
402	6
403	6
404	11
405	6
406	4
407	3
408	3
409	5
410	5
411	10
412	3
413	5
414	9
415	9
416	2
417	6
418	9
419	5
420	6
421	4
422	2
423	4
424	3
425	6
426	4
427	8
428	5
429	9
430	3
431	6
432	1
433	2
434	1
435	9
436	7
437	3
438	9
439	1
440	5
441	2
442	9
443	7
444	4
445	4
446	7
447	6
448	2
449	5
450	8
451	7
452	4
453	4
454	4
455	2
456	5
457	4
458	7
459	4
460	2
461	4
462	8
463	5
464	7
465	2
466	5
467	3
468	6
469	1
470	4
471	4
472	3
473	9
474	6
475	5
476	2
477	3
478	8
479	10
480	4
481	9
482	4
483	10
484	10
485	4
486	5
487	4
488	3
489	8
490	4
491	5
492	5
493	6
494	8
495	3
496	4
497	6
498	4
499	1
500	3
501	3
502	3
503	10
504	2
505	10
506	5
507	6
508	3
509	9
510	3
511	8
512	1
513	0
514	5
515	8
516	4
517	3
518	7
519	2
520	3
521	4
522	8
523	6
524	8
525	8
526	6
527	9
528	5
529	5
530	3
531	8
532	7
533	6
534	4
535	9
536	6
537	3
538	6
539	9
540	6
541	9
542	4
543	10
544	5
545	2
546	5
547	6
548	7
549	6
550	6
551	11
552	6
553	4
554	8
555	8
556	10
557	4
558	7
559	8
560	3
561	8
562	4
563	7
564	12
565	0
566	10
567	7
568	3
569	7
570	4
571	8
572	4
573	6
574	5
575	8
576	5
577	9
578	10
579	8
580	7
581	5
582	2
583	9
584	6
585	5
586	5
587	5
588	13
589	9
590	7
591	8
592	5
593	9
594	3
595	11
596	10
597	10
598	9
599	11
600	4
601	8
602	6
603	5
604	6
605	8
606	7
607	11
608	6
609	6
610	11
611	11
612	7
613	6
614	10
615	10
616	7
617	7
618	6
619	8
620	6
621	7
622	8
623	9
624	7
625	5
626	3
627	7
628	5
629	11
630	5
631	15
632	4
633	5
634	5
635	7
636	10
637	8
638	5
639	16
640	2
641	10
642	14
643	4
644	11
645	7
646	5
647	9
648	4
649	11
650	6
651	8
652	5
653	10
654	9
655	9
656	9
657	11
658	7
659	10
660	6
661	6
662	9
663	6
664	9
665	9
666	9
667	5
668	6
669	12
670	9
671	17
672	1
673	7
674	8
675	5
676	7
677	2
678	14
679	6
680	7
681	10
682	11
683	7
684	5
685	7
686	7
687	12
688	6
689	7
690	8
691	6
692	3
693	10
694	7
695	11
696	7
697	11
698	8
699	11
700	7
701	9
702	6
703	8
704	7
705	13
706	6
707	7
708	8
709	17
710	8
711	9
712	9
713	9
714	4
715	9
716	9
717	13
718	14
719	13
720	9
721	10
722	14
723	8
724	10
725	4
726	16
727	11
728	10
729	11
730	9
731	10
732	17
733	16
734	12
735	6
736	5
737	16
738	11
739	14
740	14
741	17
742	17
743	14
744	9
745	21
746	15
747	14
748	23
749	23
750	21
751	13
752	18
753	23
754	18
755	19
756	15
757	26
758	28
759	25
760	19
761	24
762	26
763	39
764	30
765	29
766	38
767	54
768	20
769	34
770	25
771	42
772	53
773	36
774	44
775	47
776	43
777	62
778	60
779	57
780	72
781	76
782	78
783	82
784	70
785	94
786	85
787	131
788	104
789	95
790	117
791	121
792	119
793	182
794	144
795	165
796	173
797	195
798	183
799	250
800	134
801	208
802	230
803	224
804	289
805	212
806	314
807	321
808	238
809	354
810	265
811	338
812	361
813	412
814	362
815	411
816	326
817	465
818	438
819	531
820	503
821	438
822	558
823	542
824	420
825	591
826	479
827	626
828	552
829	593
830	618
831	831
832	354
833	598
834	664
835	638
836	736
837	591
838	809
839	600
840	673
841	776
842	586
843	754
844	729
845	732
846	747
847	824
848	522
849	720
850	737
851	733
852	649
853	624
854	783
855	632
856	622
857	726
858	580
859	689
860	574
861	631
862	589
863	703
864	449
865	546
866	511
867	572
868	569
869	426
870	533
871	453
872	384
873	508
874	379
875	434
876	433
877	342
878	327
879	389
880	252
881	294
882	306
883	315
884	258
885	213
886	274
887	229
888	168
889	206
890	181
891	201
892	176
893	161
894	166
895	217
896	75
897	117
898	123
899	130
900	127
901	108
902	113
903	89
904	94
905	114
906	71
907	78
908	89
909	78
910	92
911	80
912	72
913	69
914	61
915	78
916	74
917	59
918	81
919	55
920	58
921	69
922	67
923	86
924	84
925	84
926	66
927	85
928	43
929	74
930	94
931	93
932	75
933	65
934	101
935	89
936	70
937	112
938	76
939	82
940	115
941	90
942	117
943	101
944	85
945	131
946	113
947	120
948	112
949	98
950	138
951	105
952	115
953	119
954	114
955	145
956	113
957	117
958	116
959	142
960	65
961	75
962	134
963	113
964	125
965	91
966	131
967	92
968	116
969	128
970	89
971	94
972	121
973	95
974	102
975	108
976	83
977	102
978	102
979	86
980	98
981	66
982	106
983	67
984	73
985	67
986	80
987	96
988	67
989	61
990	82
991	58
992	41
993	66
994	51
995	49
996	41
997	43
998	40
999	44
1000	27
1001	39
1002	38
1003	29
1004	26
1005	23
1006	28
1007	19
1008	19
1009	16
1010	28
1011	17
1012	15
1013	18
1014	13
1015	13
1016	8
1017	14
1018	11
1019	13
1020	10
1021	9
1022	9
1023	12
1024	4
1025	6
1026	5
1027	9
1028	3
1029	3
1030	6
1031	4
1032	4
1033	2
1034	3
1035	4
1036	1
1037	5
1038	3
1039	6
1040	1
1041	6
1042	0
1043	1
1044	0
1045	0
1046	3
1047	1
1048	0
1049	1
1050	1
1051	1
1052	3
1053	1
1054	1
1055	2
1056	0
1057	4
1058	4
1059	2
1060	3
1061	2
1062	1
1063	4
1064	1
1065	0
1066	1
1067	1
1068	0
1069	3
1070	1
1071	0
1072	1
1073	1
1074	1
1075	0
1076	0
1077	1
1078	1
1079	1
1080	0
1081	1
1082	1
1083	4
1084	1
1085	0
1086	1
1087	3
1088	2
1089	0
1090	2
1091	1
1092	2
1093	1
1094	2
1095	1
1096	1
1097	1
1098	0
1099	2
1100	0
1101	1
1102	1
1103	2
1104	0
1105	0
1106	2
1107	1
1108	0
1109	0
1110	1
1111	3
1112	1
1113	1
1114	1
1115	3
1116	1
1117	2
1118	1
1119	0
1120	2
1121	2
1122	0
1123	0
1124	1
1125	0
1126	3
1127	1
1128	2
1129	2
1130	0
1131	1
1132	3
1133	1
1134	2
1135	2
1136	2
1137	1
1138	1
1139	1
1140	1
1141	1
1142	4
1143	0
1144	0
1145	0
1146	0
1147	1
1148	1
1149	4
1150	3
1151	2
1152	1
1153	0
1154	1
1155	2
1156	1
1157	3
1158	1
1159	2
1160	1
1161	0
1162	1
1163	1
1164	1
1165	1
1166	3
1167	3
1168	3
1169	4
1170	2
1171	3
1172	1
1173	0
1174	0
1175	2
1176	2
1177	0
1178	0
1179	1
1180	1
1181	0
1182	0
1183	2
1184	2
1185	1
1186	0
1187	2
1188	1
1189	1
1190	0
1191	1
1192	2
1193	2
1194	1
1195	3
1196	1
1197	0
1198	1
1199	0
1200	1
1201	1
1202	1
1203	2
1204	2
1205	1
1206	2
1207	2
1208	0
1209	1
1210	0
1211	5
1212	2
1213	2
1214	1
1215	0
1216	0
1217	2
1218	1
1219	2
1220	3
1221	1
1222	1
1223	0
1224	2
1225	1
1226	1
1227	0
1228	3
1229	0
1230	1
1231	2
1232	1
1233	1
1234	1
1235	3
1236	0
1237	3
1238	7
1239	0
1240	0
1241	0
1242	0
1243	4
1244	1
1245	0
1246	0
1247	1
1248	2
1249	1
1250	0
1251	2
1252	1
1253	2
1254	2
1255	1
1256	2
1257	0
1258	0
1259	0
1260	1
1261	2
1262	2
1263	1
1264	2
1265	0
1266	2
1267	3
1268	0
1269	1
1270	0
1271	1
1272	1
1273	1
1274	3
1275	1
1276	2
1277	1
1278	0
1279	2
1280	0
1281	1
1282	2
1283	0
1284	1
1285	2
1286	3
1287	1
1288	2
1289	3
1290	2
1291	0
1292	0
1293	1
1294	2
1295	0
1296	2
1297	1
1298	0
1299	2
1300	2
1301	1
1302	0
1303	2
1304	1
1305	1
1306	2
1307	2
1308	0
1309	0
1310	2
1311	5
1312	0
1313	3
1314	1
1315	1
1316	0
1317	2
1318	1
1319	1
1320	0
1321	3
1322	2
1323	0
1324	1
1325	2
1326	1
1327	0
1328	2
1329	0
1330	1
1331	3
1332	3
1333	0
1334	2
1335	1
1336	1
1337	2
1338	2
1339	5
1340	1
1341	2
1342	2
1343	3
1344	1
1345	1
1346	0
1347	3
1348	2
1349	0
1350	1
1351	1
1352	5
1353	2
1354	1
1355	0
1356	2
1357	2
1358	1
1359	1
1360	1
1361	2
1362	2
1363	1
1364	1
1365	2
1366	3
1367	0
1368	1
1369	2
1370	4
1371	1
1372	0
1373	2
1374	2
1375	1
1376	0
1377	2
1378	2
1379	1
1380	1
1381	3
1382	2
1383	2
1384	3
1385	1
1386	2
1387	2
1388	1
1389	1
1390	4
1391	1
1392	1
1393	0
1394	1
1395	1
1396	1
1397	1
1398	0
1399	2
1400	3
1401	3
1402	2
1403	2
1404	0
1405	1
1406	2
1407	1
1408	1
1409	0
1410	0
1411	3
1412	4
1413	0
1414	1
1415	0
1416	1
1417	1
1418	2
1419	0
1420	2
1421	2
1422	0
1423	4
1424	2
1425	0
1426	1
1427	0
1428	2
1429	2
1430	1
1431	2
1432	0
1433	1
1434	1
1435	1
1436	1
1437	0
1438	2
1439	1
1440	0
1441	1
1442	0
1443	0
1444	2
1445	0
1446	0
1447	1
1448	0
1449	1
1450	0
1451	0
1452	0
1453	1
1454	1
1455	0
1456	4
1457	0
1458	1
1459	0
1460	1
1461	1
1462	0
1463	1
1464	1
1465	2
1466	1
1467	0
1468	2
1469	1
1470	2
1471	0
1472	0
1473	2
1474	0
1475	1
1476	1
1477	2
1478	2
1479	2
1480	2
1481	4
1482	1
1483	1
1484	1
1485	1
1486	3
1487	3
1488	2
1489	2
1490	1
1491	0
1492	2
1493	0
1494	2
1495	1
1496	1
1497	0
1498	1
1499	0
1500	1
1501	2
1502	2
1503	2
1504	0
1505	2
1506	0
1507	2
1508	2
1509	0
1510	3
1511	1
1512	0
1513	0
1514	0
1515	1
1516	1
1517	0
1518	3
1519	2
1520	0
1521	1
1522	1
1523	1
1524	2
1525	2
1526	0
1527	3
1528	0
1529	1
1530	0
1531	0
1532	0
1533	2
1534	2
1535	3
1536	0
1537	0
1538	2
1539	2
1540	3
1541	3
1542	0
1543	0
1544	0
1545	1
1546	1
1547	1
1548	0
1549	2
1550	2
1551	2
1552	0
1553	0
1554	1
1555	0
1556	0
1557	1
1558	1
1559	1
1560	0
1561	2
1562	0
1563	1
1564	2
1565	0
1566	4
1567	4
1568	1
1569	3
1570	1
1571	0
1572	1
1573	1
1574	1
1575	1
1576	0
1577	1
1578	2
1579	0
1580	1
1581	1
1582	1
1583	4
1584	1
1585	1
1586	1
1587	2
1588	0
1589	1
1590	1
1591	1
1592	0
1593	2
1594	0
1595	1
1596	1
1597	1
1598	2
1599	1
1600	1
1601	1
1602	0
1603	0
1604	5
1605	0
1606	0
1607	0
1608	0
1609	1
1610	0
1611	2
1612	1
1613	1
1614	2
1615	2
1616	0
1617	1
1618	1
1619	2
1620	2
1621	2
1622	0
1623	0
1624	0
1625	4
1626	2
1627	2
1628	1
1629	2
1630	0
1631	1
1632	1
1633	1
1634	3
1635	0
1636	2
1637	0
1638	1
1639	1
1640	1
1641	5
1642	0
1643	1
1644	0
1645	0
1646	0
1647	0
1648	0
1649	1
1650	0
1651	2
1652	2
1653	1
1654	1
1655	0
1656	1
1657	0
1658	0
1659	1
1660	0
1661	1
1662	1
1663	0
1664	2
1665	2
1666	2
1667	2
1668	3
1669	0
1670	2
1671	0
1672	1
1673	3
1674	1
1675	1
1676	2
1677	1
1678	0
1679	1
1680	1
1681	1
1682	0
1683	1
1684	0
1685	0
1686	3
1687	4
1688	3
1689	2
1690	1
1691	0
1692	2
1693	0
1694	2
1695	3
1696	1
1697	3
1698	4
1699	1
1700	1
1701	1
1702	1
1703	1
1704	1
1705	1
1706	1
1707	5
1708	3
1709	1
1710	3
1711	2
1712	2
1713	0
1714	0
1715	2
1716	2
1717	2
1718	2
1719	2
1720	1
1721	3
1722	0
1723	1
1724	1
1725	2
1726	2
1727	0
1728	2
1729	4
1730	2
1731	1
1732	2
1733	2
1734	1
1735	2
1736	0
1737	2
1738	3
1739	2
1740	2
1741	2
1742	2
1743	3
1744	0
1745	2
1746	1
1747	1
1748	4
1749	1
1750	1
1751	3
1752	2
1753	5
1754	2
1755	4
1756	4
1757	1
1758	0
1759	1
1760	1
1761	2
1762	4
1763	2
1764	0
1765	1
1766	3
1767	0
1768	0
1769	1
1770	0
1771	3
1772	2
1773	2
1774	0
1775	1
1776	1
1777	2
1778	3
1779	2
1780	3
1781	0
1782	3
1783	1
1784	3
1785	2
1786	1
1787	1
1788	3
1789	1
1790	4
1791	2
1792	2
1793	3
1794	5
1795	3
1796	3
1797	1
1798	0
1799	2
1800	2
1801	5
1802	2
1803	3
1804	8
1805	0
1806	4
1807	3
1808	2
1809	2
1810	3
1811	4
1812	8
1813	2
1814	3
1815	3
1816	3
1817	2
1818	4
1819	0
1820	4
1821	3
1822	9
1823	1
1824	3
1825	4
1826	4
1827	5
1828	2
1829	2
1830	7
1831	2
1832	6
1833	6
1834	1
1835	5
1836	5
1837	1
1838	3
1839	4
1840	12
1841	1
1842	6
1843	3
1844	2
1845	2
1846	4
1847	6
1848	3
1849	5
1850	4
1851	9
1852	2
1853	3
1854	6
1855	6
1856	4
1857	4
1858	3
1859	7
1860	8
1861	1
1862	7
1863	7
1864	1
1865	7
1866	6
1867	5
1868	7
1869	6
1870	4
1871	6
1872	4
1873	5
1874	6
1875	5
1876	4
1877	5
1878	6
1879	4
1880	8
1881	6
1882	2
1883	5
1884	4
1885	3
1886	6
1887	3
1888	5
1889	8
1890	9
1891	3
1892	7
1893	6
1894	2
1895	5
1896	7
1897	5
1898	2
1899	5
1900	6
1901	6
1902	5
1903	2
1904	3
1905	6
1906	5
1907	7
1908	5
1909	3
1910	4
1911	1
1912	6
1913	7
1914	2
1915	3
1916	2
1917	4
1918	0
1919	2
1920	2
1921	6
1922	4
1923	4
1924	2
1925	1
1926	3
1927	4
1928	3
1929	8
1930	3
1931	2
1932	2
1933	4
1934	1
1935	4
1936	3
1937	4
1938	6
1939	1
1940	2
1941	2
1942	3
1943	0
1944	2
1945	2
1946	3
1947	1
1948	2
1949	3
1950	0
1951	3
1952	3
1953	1
1954	2
1955	0
1956	2
1957	1
1958	0
1959	3
1960	1
1961	0
1962	2
1963	1
1964	2
1965	1
1966	1
1967	2
1968	0
1969	2
1970	1
1971	0
1972	2
1973	2
1974	1
1975	0
1976	1
1977	0
1978	1
1979	1
1980	0
1981	1
1982	1
1983	2
1984	0
1985	1
1986	3
1987	3
1988	2
1989	2
1990	0
1991	2
1992	0
1993	1
1994	0
1995	0
1996	1
1997	3
1998	0
1999	0
2000	0
2001	1
2002	1
2003	1
2004	2
2005	0
2006	0
2007	0
2008	1
2009	0
2010	3
2011	1
2012	0
2013	0
2014	1
2015	1
2016	1
2017	0
2018	0
2019	3
2020	2
2021	1
2022	2
2023	1
2024	0
2025	1
2026	1
2027	0
2028	3
2029	0
2030	1
2031	1
2032	0
2033	1
2034	0
2035	1
2036	1
2037	0
2038	1
2039	0
2040	1
2041	1
2042	0
2043	2
2044	0
2045	0
2046	1
2047	0
2048	0
2049	0
2050	1
2051	1
2052	2
2053	0
2054	2
2055	1
2056	0
2057	2
2058	1
2059	1
2060	0
2061	0
2062	1
2063	0
2064	1
2065	1
2066	1
2067	1
2068	0
2069	0
2070	0
2071	1
2072	0
2073	0
2074	0
2075	2
2076	1
2077	2
2078	3
2079	2
2080	0
2081	1
2082	3
2083	0
2084	1
2085	1
2086	2
2087	0
2088	1
2089	0
2090	0
2091	2
2092	1
2093	0
2094	1
2095	0
2096	0
2097	0
2098	0
2099	0
2100	1
2101	0
2102	1
2103	3
2104	1
2105	1
2106	0
2107	1
2108	1
2109	1
2110	2
2111	1
2112	3
2113	1
2114	1
2115	1
2116	2
2117	0
2118	2
2119	0
2120	2
2121	2
2122	1
2123	3
2124	1
2125	0
2126	1
2127	1
2128	1
2129	1
2130	1
2131	2
2132	0
2133	2
2134	1
2135	2
2136	3
2137	0
2138	1
2139	1
2140	2
2141	2
2142	3
2143	2
2144	4
2145	0
2146	1
2147	0
2148	2
2149	1
2150	2
2151	0
2152	1
2153	0
2154	0
2155	0
2156	1
2157	2
2158	2
2159	5
2160	3
2161	1
2162	0
2163	0
2164	2
2165	0
2166	1
2167	1
2168	1
2169	4
2170	0
2171	0
2172	0
2173	0
2174	1
2175	0
2176	0
2177	1
2178	0
2179	1
2180	1
2181	0
2182	1
2183	1
2184	2
2185	0
2186	1
2187	1
2188	2
2189	2
2190	1
2191	2
2192	1
2193	0
2194	1
2195	0
2196	1
2197	1
2198	0
2199	0
2200	0
2201	0
2202	2
2203	0
2204	0
2205	0
2206	0
2207	1
2208	1
2209	2
2210	0
2211	0
2212	2
2213	2
2214	0
2215	2
2216	1
2217	0
2218	0
2219	1
2220	0
2221	0
2222	1
2223	2
2224	0
2225	2
2226	0
2227	0
2228	1
2229	1
2230	5
2231	1
2232	0
2233	1
2234	0
2235	0
2236	0
2237	1
2238	0
2239	1
2240	0
2241	1
2242	0
2243	0
2244	0
2245	1
2246	1
2247	1
2248	0
2249	0
2250	1
2251	0
2252	1
2253	0
2254	0
2255	0
2256	0
2257	0
2258	1
2259	1
2260	0
2261	1
2262	0
2263	0
2264	0
2265	1
2266	0
2267	1
2268	0
2269	0
2270	0
2271	0
2272	1
2273	1
2274	1
2275	0
2276	0
2277	1
2278	0
2279	1
2280	0
2281	0
2282	1
2283	0
2284	1
2285	0
2286	1
2287	0
2288	0
2289	0
2290	0
2291	0
2292	0
2293	0
2294	2
2295	0
2296	0
2297	0
2298	0
2299	0
2300	1
2301	1
2302	0
2303	1
2304	0
2305	0
2306	1
2307	0
2308	0
2309	0
2310	0
2311	0
2312	0
2313	1
2314	2
2315	0
2316	0
2317	0
2318	1
2319	0
2320	0
2321	0
2322	0
2323	0
2324	0
2325	0
2326	0
2327	0
2328	0
2329	1
2330	0
2331	0
2332	0
2333	0
2334	0
2335	0
2336	0
2337	0
2338	1
2339	2
2340	0
2341	1
2342	1
2343	1
2344	0
2345	0
2346	0
2347	0
2348	0
2349	2
2350	0
2351	0
2352	0
2353	1
2354	0
2355	0
2356	1
2357	0
2358	0
2359	1
2360	0
2361	0
2362	0
2363	0
2364	0
2365	0
2366	1
2367	1
2368	2
2369	0
2370	1
2371	0
2372	1
2373	0
2374	0
2375	0
2376	1
2377	1
2378	0
2379	0
2380	0
2381	0
2382	0
2383	1
2384	0
2385	4
2386	0
2387	0
2388	2
2389	0
2390	0
2391	0
2392	1
2393	0
2394	0
2395	2
2396	1
2397	0
2398	0
2399	0
2400	0
2401	0
2402	1
2403	0
2404	1
2405	0
2406	2
2407	0
2408	0
2409	0
2410	0
2411	0
2412	0
2413	0
2414	0
2415	0
2416	0
2417	0
2418	0
2419	0
2420	0
2421	1
2422	2
2423	1
2424	0
2425	0
2426	1
2427	0
2428	0
2429	0
2430	3
2431	1
2432	1
2433	0
2434	0
2435	0
2436	0
2437	1
2438	1
2439	1
2440	0
2441	3
2442	0
2443	0
2444	0
2445	1
2446	2
2447	1
2448	0
2449	0
2450	0
2451	2
2452	0
2453	1
2454	0
2455	0
2456	1
2457	1
2458	1
2459	0
2460	1
2461	0
2462	0
2463	1
2464	0
2465	0
2466	1
2467	2
2468	0
2469	1
2470	0
2471	0
2472	2
2473	0
2474	0
2475	0
2476	0
2477	0
2478	0
2479	0
2480	1
2481	0
2482	0
2483	0
2484	2
2485	0
2486	0
2487	0
2488	0
2489	0
2490	1
2491	2
2492	0
2493	0
2494	0
2495	0
2496	1
2497	1
2498	1
2499	0
2500	0
2501	1
2502	0
2503	0
2504	0
2505	1
2506	0
2507	1
2508	1
2509	1
2510	0
2511	1
2512	1
2513	1
2514	1
2515	1
2516	0
2517	0
2518	0
2519	0
2520	0
2521	0
2522	0
2523	0
2524	0
2525	0
2526	0
2527	0
2528	0
2529	0
2530	0
2531	0
2532	0
2533	1
2534	0
2535	0
2536	0
2537	0
2538	0
2539	0
2540	1
2541	0
2542	0
2543	3
2544	1
2545	0
2546	0
2547	0
2548	0
2549	1
2550	0
2551	0
2552	1
2553	1
2554	0
2555	2
2556	1
2557	0
2558	0
2559	0
2560	1
2561	1
2562	1
2563	0
2564	0
2565	0
2566	0
2567	0
2568	1
2569	0
2570	0
2571	1
2572	1
2573	0
2574	1
2575	1
2576	0
2577	1
2578	0
2579	0
2580	0
2581	1
2582	0
2583	1
2584	2
2585	1
2586	0
2587	1
2588	1
2589	0
2590	0
2591	2
2592	0
2593	0
2594	0
2595	0
2596	0
2597	0
2598	0
2599	0
2600	0
2601	0
2602	0
2603	0
2604	0
2605	0
2606	0
2607	0
2608	2
2609	0
2610	0
2611	0
2612	0
2613	1
2614	1
2615	1
2616	0
2617	1
2618	1
2619	1
2620	0
2621	0
2622	0
2623	0
2624	0
2625	1
2626	0
2627	1
2628	0
2629	1
2630	0
2631	0
2632	0
2633	1
2634	0
2635	1
2636	1
2637	0
2638	0
2639	0
2640	2
2641	0
2642	0
2643	0
2644	0
2645	1
2646	1
2647	0
2648	0
2649	0
2650	0
2651	0
2652	2
2653	0
2654	0
2655	0
2656	1
2657	1
2658	0
2659	1
2660	0
2661	0
2662	0
2663	1
2664	1
2665	0
2666	0
2667	0
2668	0
2669	0
2670	1
2671	1
2672	1
2673	0
2674	0
2675	0
2676	0
2677	0
2678	0
2679	1
2680	0
2681	2
2682	0
2683	0
2684	0
2685	0
2686	0
2687	1
2688	0
2689	2
2690	0
2691	0
2692	0
2693	1
2694	0
2695	0
2696	1
2697	0
2698	2
2699	0
2700	2
2701	0
2702	0
2703	1
2704	0
2705	1
2706	0
2707	0
2708	0
2709	0
2710	0
2711	0
2712	0
2713	0
2714	0
2715	2
2716	0
2717	1
2718	0
2719	0
2720	0
2721	0
2722	0
2723	0
2724	2
2725	2
2726	0
2727	0
2728	1
2729	2
2730	0
2731	0
2732	0
2733	1
2734	1
2735	0
2736	0
2737	0
2738	0
2739	0
2740	0
2741	0
2742	0
2743	0
2744	0
2745	1
2746	0
2747	0
2748	0
2749	0
2750	0
2751	0
2752	0
2753	0
2754	0
2755	0
2756	0
2757	0
2758	0
2759	0
2760	1
2761	0
2762	1
2763	0
2764	0
2765	0
2766	0
2767	0
2768	0
2769	0
2770	0
2771	0
2772	0
2773	0
2774	0
2775	0
2776	0
2777	0
2778	0
2779	1
2780	1
2781	1
2782	2
2783	0
2784	1
2785	0
2786	0
2787	0
2788	0
2789	0
2790	0
2791	0
2792	0
2793	1
2794	1
2795	0
2796	0
2797	0
2798	0
2799	0
2800	0
2801	0
2802	0
2803	1
2804	0
2805	1
2806	0
2807	0
2808	0
2809	0
2810	0
2811	1
2812	0
2813	0
2814	0
2815	0
2816	0
2817	0
2818	1
2819	0
2820	0
2821	0
2822	1
2823	0
2824	0
2825	0
2826	0
2827	0
2828	0
2829	0
2830	1
2831	0
2832	0
2833	0
2834	0
2835	0
2836	0
2837	0
2838	1
2839	0
2840	0
2841	1
2842	0
2843	0
2844	0
2845	1
2846	0
2847	0
2848	0
2849	0
2850	0
2851	0
2852	1
2853	0
2854	0
2855	0
2856	2
2857	0
2858	0
2859	0
2860	1
2861	1
2862	0
2863	0
2864	0
2865	0
2866	0
2867	1
2868	0
2869	0
2870	0
2871	2
2872	0
2873	0
2874	0
2875	0
2876	0
2877	0
2878	1
2879	0
2880	0
2881	0
2882	1
2883	1
2884	0
2885	0
2886	0
2887	1
2888	0
2889	0
2890	0
2891	0
2892	0
2893	0
2894	0
2895	0
2896	1
2897	0
2898	1
2899	0
2900	1
2901	0
2902	0
2903	0
2904	0
2905	0
2906	0
2907	1
2908	2
2909	0
2910	0
2911	0
2912	0
2913	0
2914	0
2915	1
2916	0
2917	1
2918	0
2919	0
2920	1
2921	1
2922	0
2923	0
2924	0
2925	0
2926	0
2927	0
2928	0
2929	0
2930	0
2931	0
2932	0
2933	0
2934	0
2935	0
2936	0
2937	0
2938	1
2939	0
2940	0
2941	0
2942	0
2943	0
2944	0
2945	1
2946	0
2947	0
2948	0
2949	0
2950	0
2951	0
2952	0
2953	0
2954	0
2955	0
2956	0
2957	1
2958	1
2959	0
2960	0
2961	2
2962	0
2963	0
2964	1
2965	0
2966	0
2967	0
2968	0
2969	0
2970	0
2971	2
2972	0
2973	0
2974	0
2975	1
2976	0
2977	0
2978	1
2979	0
2980	0
2981	0
2982	0
2983	1
2984	0
2985	1
2986	0
2987	0
2988	0
2989	0
2990	0
2991	0
2992	1
2993	0
2994	1
2995	0
2996	0
2997	0
2998	0
2999	0
3000	0
3001	1
3002	0
3003	0
3004	0
3005	0
3006	0
3007	0
3008	0
3009	0
3010	0
3011	1
3012	0
3013	0
3014	0
3015	0
3016	0
3017	0
3018	0
3019	0
3020	0
3021	1
3022	0
3023	0
3024	0
3025	0
3026	0
3027	0
3028	0
3029	0
3030	0
3031	0
3032	0
3033	0
3034	0
3035	0
3036	0
3037	0
3038	0
3039	0
3040	0
3041	0
3042	0
3043	0
3044	0
3045	0
3046	0
3047	0
3048	0
3049	0
3050	0
3051	0
3052	0
3053	0
3054	0
3055	0
3056	0
3057	0
3058	0
3059	0
3060	1
3061	0
3062	2
3063	0
3064	0
3065	0
3066	0
3067	0
3068	0
3069	1
3070	0
3071	1
3072	0
3073	0
3074	0
3075	1
3076	1
3077	0
3078	1
3079	0
3080	1
3081	0
3082	0
3083	0
3084	0
3085	0
3086	0
3087	0
3088	0
3089	0
3090	0
3091	1
3092	0
3093	0
3094	0
3095	0
3096	0
3097	0
3098	0
3099	0
3100	0
3101	0
3102	0
3103	1
3104	0
3105	0
3106	0
3107	0
3108	1
3109	1
3110	0
3111	0
3112	0
3113	1
3114	0
3115	0
3116	0
3117	0
3118	0
3119	0
3120	0
3121	0
3122	0
3123	1
3124	0
3125	1
3126	0
3127	0
3128	0
3129	0
3130	0
3131	0
3132	1
3133	0
3134	0
3135	0
3136	0
3137	0
3138	0
3139	0
3140	0
3141	0
3142	0
3143	0
3144	0
3145	0
3146	1
3147	1
3148	0
3149	0
3150	0
3151	0
3152	0
3153	0
3154	0
3155	0
3156	0
3157	0
3158	0
3159	0
3160	0
3161	0
3162	0
3163	0
3164	0
3165	0
3166	1
3167	0
3168	0
3169	0
3170	0
3171	0
3172	0
3173	0
3174	0
3175	0
3176	0
3177	0
3178	0
3179	0
3180	0
3181	0
3182	0
3183	0
3184	0
3185	0
3186	0
3187	0
3188	0
3189	0
3190	0
3191	0
3192	0
3193	0
3194	0
3195	0
3196	0
3197	0
3198	0
3199	0
3200	0
3201	0
3202	0
3203	0
3204	0
3205	0
3206	0
3207	0
3208	0
3209	0
3210	0
3211	1
3212	0
3213	1
3214	0
3215	0
3216	1
3217	0
3218	0
3219	0
3220	0
3221	0
3222	0
3223	0
3224	0
3225	1
3226	0
3227	0
3228	0
3229	0
3230	0
3231	0
3232	0
3233	0
3234	0
3235	0
3236	1
3237	0
3238	0
3239	0
3240	0
3241	0
3242	0
3243	0
3244	0
3245	0
3246	0
3247	0
3248	1
3249	0
3250	0
3251	0
3252	0
3253	0
3254	0
3255	2
3256	0
3257	1
3258	0
3259	0
3260	0
3261	0
3262	0
3263	0
3264	0
3265	0
3266	0
3267	0
3268	0
3269	0
3270	0
3271	0
3272	2
3273	0
3274	0
3275	0
3276	0
3277	0
3278	2
3279	0
3280	0
3281	0
3282	1
3283	0
3284	0
3285	0
3286	0
3287	0
3288	0
3289	0
3290	0
3291	0
3292	0
3293	0
3294	0
3295	0
3296	0
3297	0
3298	0
3299	0
3300	0
3301	0
3302	0
3303	0
3304	0
3305	0
3306	0
3307	0
3308	0
3309	0
3310	0
3311	0
3312	0
3313	0
3314	0
3315	0
3316	0
3317	0
3318	0
3319	0
3320	0
3321	0
3322	0
3323	0
3324	0
3325	0
3326	0
3327	0
3328	0
3329	0
3330	0
3331	1
3332	0
3333	0
3334	0
3335	0
3336	0
3337	0
3338	0
3339	0
3340	1
3341	0
3342	0
3343	0
3344	0
3345	0
3346	0
3347	0
3348	0
3349	0
3350	0
3351	0
3352	0
3353	0
3354	0
3355	0
3356	0
3357	0
3358	0
3359	0
3360	0
3361	0
3362	0
3363	0
3364	0
3365	0
3366	0
3367	0
3368	0
3369	0
3370	0
3371	0
3372	0
3373	0
3374	0
3375	0
3376	0
3377	0
3378	0
3379	0
3380	0
3381	0
3382	0
3383	0
3384	0
3385	1
3386	0
3387	0
3388	0
3389	0
3390	0
3391	0
3392	0
3393	0
3394	0
3395	0
3396	0
3397	0
3398	0
3399	0
3400	1
3401	0
3402	0
3403	0
3404	0
3405	0
3406	0
3407	1
3408	1
3409	0
3410	0
3411	0
3412	0
3413	0
3414	0
3415	0
3416	0
3417	0
3418	0
3419	0
3420	0
3421	0
3422	0
3423	0
3424	0
3425	1
3426	0
3427	0
3428	0
3429	0
3430	0
3431	0
3432	0
3433	0
3434	0
3435	1
3436	0
3437	0
3438	0
3439	0
3440	0
3441	0
3442	0
3443	1
3444	0
3445	0
3446	0
3447	0
3448	0
3449	1
3450	0
3451	0
3452	0
3453	0
3454	0
3455	0
3456	1
3457	0
3458	0
3459	0
3460	0
3461	1
3462	0
3463	0
3464	0
3465	0
3466	0
3467	0
3468	0
3469	1
3470	0
3471	0
3472	0
3473	0
3474	0
3475	1
3476	0
3477	0
3478	0
3479	0
3480	0
3481	0
3482	0
3483	0
3484	0
3485	0
3486	0
3487	1
3488	0
3489	0
3490	0
3491	0
3492	0
3493	0
3494	0
3495	0
3496	0
3497	1
3498	0
3499	0
3500	0
3501	0
3502	1
3503	1
3504	0
3505	0
3506	0
3507	1
3508	0
3509	0
3510	0
3511	0
3512	0
3513	0
3514	0
3515	0
3516	0
3517	0
3518	0
3519	0
3520	0
3521	0
3522	0
3523	0
3524	0
3525	0
3526	0
3527	0
3528	0
3529	0
3530	0
3531	0
3532	0
3533	0
3534	0
3535	0
3536	0
3537	1
3538	0
3539	0
3540	0
3541	0
3542	0
3543	0
3544	0
3545	0
3546	0
3547	0
3548	0
3549	0
3550	0
3551	0
3552	0
3553	0
3554	0
3555	0
3556	0
3557	0
3558	0
3559	0
3560	0
3561	0
3562	0
3563	0
3564	0
3565	0
3566	0
3567	0
3568	0
3569	0
3570	0
3571	0
3572	0
3573	0
3574	0
3575	0
3576	0
3577	0
3578	0
3579	0
3580	0
3581	0
3582	0
3583	0
3584	0
3585	0
3586	0
3587	0
3588	0
3589	0
3590	0
3591	0
3592	0
3593	0
3594	0
3595	0
3596	0
3597	0
3598	0
3599	0
3600	0
3601	0
3602	0
3603	0
3604	0
3605	0
3606	0
3607	0
3608	0
3609	0
3610	0
3611	0
3612	0
3613	0
3614	0
3615	0
3616	0
3617	0
3618	0
3619	0
3620	0
3621	0
3622	0
3623	0
3624	1
3625	0
3626	0
3627	0
3628	0
3629	0
3630	0
3631	0
3632	0
3633	0
3634	0
3635	0
3636	0
3637	0
3638	0
3639	0
3640	0
3641	0
3642	0
3643	0
3644	0
3645	0
3646	0
3647	0
3648	0
3649	0
3650	0
3651	0
3652	0
3653	0
3654	0
3655	0
3656	0
3657	0
3658	0
3659	0
3660	0
3661	0
3662	0
3663	0
3664	0
3665	0
3666	0
3667	0
3668	0
3669	0
3670	0
3671	0
3672	0
3673	0
3674	0
3675	0
3676	0
3677	0
3678	0
3679	0
3680	0
3681	0
3682	0
3683	0
3684	0
3685	0
3686	0
3687	0
3688	0
3689	0
3690	0
3691	0
3692	0
3693	0
3694	0
3695	0
3696	0
3697	0
3698	0
3699	0
3700	0
3701	0
3702	0
3703	0
3704	0
3705	0
3706	0
3707	0
3708	0
3709	0
3710	0
3711	0
3712	0
3713	0
3714	0
3715	0
3716	0
3717	0
3718	0
3719	0
3720	0
3721	0
3722	0
3723	0
3724	0
3725	0
3726	0
3727	0
3728	0
3729	0
3730	0
3731	0
3732	0
3733	0
3734	0
3735	0
3736	0
3737	0
3738	0
3739	0
3740	0
3741	0
3742	0
3743	0
3744	0
3745	0
3746	0
3747	0
3748	0
3749	0
3750	0
3751	0
3752	0
3753	0
3754	0
3755	0
3756	0
3757	0
3758	0
3759	0
3760	0
3761	0
3762	0
3763	0
3764	0
3765	0
3766	0
3767	0
3768	0
3769	0
3770	0
3771	0
3772	0
3773	0
3774	0
3775	0
3776	0
3777	0
3778	0
3779	0
3780	0
3781	0
3782	0
3783	0
3784	0
3785	0
3786	1
3787	0
3788	0
3789	0
3790	0
3791	0
3792	0
3793	0
3794	0
3795	0
3796	0
3797	0
3798	0
3799	0
3800	0
3801	0
3802	0
3803	0
3804	0
3805	0
3806	0
3807	0
3808	0
3809	0
3810	0
3811	0
3812	0
3813	0
3814	0
3815	0
3816	0
3817	0
3818	0
3819	0
3820	0
3821	0
3822	0
3823	0
3824	0
3825	0
3826	0
3827	0
3828	0
3829	0
3830	0
3831	0
3832	0
3833	0
3834	0
3835	0
3836	0
3837	0
3838	0
3839	0
3840	0
3841	0
3842	0
3843	0
3844	0
3845	0
3846	0
3847	0
3848	0
3849	0
3850	0
3851	0
3852	0
3853	0
3854	0
3855	0
3856	0
3857	0
3858	0
3859	0
3860	0
3861	0
3862	0
3863	0
3864	0
3865	0
3866	0
3867	0
3868	0
3869	0
3870	0
3871	0
3872	1
3873	0
3874	0
3875	0
3876	0
3877	0
3878	0
3879	0
3880	0
3881	0
3882	0
3883	0
3884	0
3885	0
3886	0
3887	0
3888	0
3889	0
3890	0
3891	0
3892	0
3893	0
3894	0
3895	0
3896	0
3897	0
3898	0
3899	0
3900	0
3901	0
3902	0
3903	0
3904	0
3905	0
3906	0
3907	0
3908	0
3909	0
3910	0
3911	0
3912	0
3913	0
3914	0
3915	0
3916	0
3917	0
3918	0
3919	0
3920	0
3921	0
3922	0
3923	0
3924	0
3925	0
3926	0
3927	0
3928	0
3929	0
3930	0
3931	0
3932	0
3933	0
3934	0
3935	0
3936	0
3937	0
3938	0
3939	0
3940	0
3941	0
3942	0
3943	0
3944	0
3945	0
3946	0
3947	0
3948	0
3949	0
3950	0
3951	0
3952	0
3953	0
3954	0
3955	0
3956	0
3957	0
3958	0
3959	0
3960	0
3961	0
3962	0
3963	0
3964	0
3965	0
3966	0
3967	0
3968	0
3969	0
3970	0
3971	0
3972	0
3973	0
3974	0
3975	0
3976	0
3977	0
3978	0
3979	0
3980	0
3981	0
3982	0
3983	0
3984	0
3985	0
3986	0
3987	0
3988	0
3989	0
3990	0
3991	0
3992	0
3993	0
3994	0
3995	0
3996	0
3997	0
3998	0
3999	0
4000	0
